28 0.0206705318880765 0.766352019529194
26 0.0267204436601967 0.613361438455566
25 0.0330224350894883 0.492045679459598
37 0.0390723468616082 0.516184415170531
90 0.0373077892614067 0.629584368433243
37 0.0917569952104866 0.71113429148615
20 0.139400050415932 0.624890072502508
17 0.169397529619360 0.507447512093255
28 0.186286866649861 0.479775005396555
26 0.198638769851273 0.450253350852246
20 0.200655407108646 0.477627332194875
19 0.199142929165616 0.475507130651544
15 0.203176203680363 0.460836044129999
21 0.210486513738341 0.490567704240363
46 0.219561381396522 0.572417984091232
37 0.229140408369045 0.638270906803543
28 0.237711116712882 0.678160975690475
27 0.245525586085203 0.688802885654006
39 0.252079657171666 0.675682726866648
43 0.259389967229644 0.645843011566774
11 0.268968994202168 0.620588926526828
15 0.278295941517519 0.622648079940492
22 0.286866649861356 0.654653782880947
7 0.299974792034283 0.690358391997918
41 0.318628686664986 0.698012606495551
41 0.339299218553063 0.680988114575348
41 0.367532140156289 0.646843590412014
18 0.398033778674061 0.598514228079933
20 0.42198134610537 0.548123880890297
46 0.441895639021931 0.496454880624789
10 0.459289135366776 0.441329030016893
17 0.474161835139904 0.382797914736179
36 0.487017897655659 0.319743438287798
9 0.49760524325687 0.264393937856868
21 0.505167632972019 0.223469499984925
21 0.510965465086968 0.193357357406412
15 0.517519536173431 0.172013923980732
14 0.523821527602723 0.158451593590197
37 0.529367280060499 0.151480232946953
32 0.534913032518276 0.150321081584903
15 0.540962944290396 0.153457093481825
4 0.547264935719688 0.158071965795864
5 0.554071086463322 0.162000168747409
4 0.560877237206958 0.163838114263224
0 0.567935467607764 0.161574571711436
4 0.575497857322914 0.154093489709538
9 0.58406856566675 0.142852758642105
24 0.591883035039072 0.132123641425345
24 0.597428787496849 0.125353770134067
18 0.600957902697253 0.124436003076720
21 0.601462062011595 0.129679579554132
3 0.60221830098311 0.137258765900405
7 0.606251575497858 0.144327650930792
5 0.61255356692715 0.150985193663484
0 0.621628434585329 0.158100841561196
0 0.631459541215024 0.166521790043380
0 0.639526090244518 0.174284517591497
66 0.647088479959667 0.176560697106126
66 0.654146710360474 0.172662529834377
139 0.660700781446938 0.163980142736894
17 0.666498613561886 0.153652844309602
14 0.672296445676834 0.143930288654790
15 0.677590118477439 0.135990185765927
2 0.682127552306529 0.129177306067298
0 0.685908747164104 0.125235214666253
0 0.689689942021679 0.124821277823047
53 0.693219057222082 0.12777768612249
63 0.695487774136627 0.133345367120304
16 0.696244013108143 0.139736282146676
112 0.696244013108143 0.150300081028297
4 0.694479455507941 0.169159649202222
11 0.691958658936224 0.190399087139015
5 0.690950340307537 0.212478669436283
0 0.691958658936224 0.239114304174656
0 0.695739853793799 0.271666876260667
0 0.697252331736829 0.305237486957002
1 0.693471136879254 0.351839187219511
1 0.68817746407865 0.413855234982259
12 0.67935467607764 0.483708946872289
14 0.666246533904714 0.554840701356895
12 0.6503655155029 0.620797100648992
4 0.633476178472397 0.675914099278086
4 0.611545248298462 0.720570806129408
0 0.587597680867154 0.753924146532259
1 0.565918830350391 0.776326368194817
1 0.545500378119486 0.789259109224097
7 0.525334005545753 0.792114635489266
16 0.505671792286363 0.779629072009795
19 0.486513738341316 0.763739770060748
7 0.467355684396269 0.750298498111343
26 0.448953869422738 0.679882532947081
11 0.431560373077893 0.60884326637892
2 0.412906478447189 0.584464611518397
1 0.393244265187799 0.60782803598256
0 0.371565414671036 0.647733366901909
3 0.347113687925385 0.638296547018003
13 0.372825812956894 0.716245240901861
33 0.391983866901941 0.749068073057907
22 0.415427275018906 0.836853757315638
13 0.427779178220318 0.930163686826925
41 0.44013108142173 0.947541952658547
21 0.0536929669775648 0.94162577841253
4 0.0269725233173681 0.748373650582946
0 0.0388202672044364 0.541429953472324
2 0.0373077892614067 0.506292481479958
13 0.0441139400050416 0.571334685030293
14 0.0945298714393749 0.659157303406472
10 0.143937484245021 0.674167817528964
14 0.175447441391480 0.649548327796905
8 0.189311822535921 0.622536972344498
81 0.204688681623393 0.585031748643002
38 0.215023947567431 0.557581151897642
14 0.219813461053693 0.546584552300747
1 0.226871691454500 0.537848564945416
1 0.233173682883791 0.556202379889115
5 0.241492311570456 0.604328757190054
4 0.25107133854298 0.651763459181868
7 0.259894126543988 0.679781193051834
9 0.269473153516511 0.690186541512905
8 0.277791782203177 0.684406809836694
77 0.285606251575498 0.669580355825147
56 0.295437358205193 0.652719472892451
20 0.305520544492060 0.644138853027123
1 0.313082934207209 0.642466439514899
4 0.321149483236703 0.641641984523748
7 0.335265944038316 0.629468987468172
4 0.354171918326191 0.605941343535205
2 0.379884043357701 0.575406290038425
8 0.408873203932443 0.539578668940175
1 0.431560373077893 0.497311996365312
44 0.448953869422738 0.449005527081855
50 0.464078648853038 0.394303350493848
14 0.477186791025965 0.335949580029816
3 0.488530375598689 0.281251646286820
1 0.498613561885556 0.2377326934281
2 0.505923871943534 0.206212201022237
2 0.511721704058483 0.183279043775966
1 0.517771615830602 0.167068506568612
0 0.524325686917066 0.156727624932469
0 0.530123519032014 0.151693992972981
25 0.535669271489791 0.15106745601821
58 0.541719183261911 0.153760868975048
77 0.548021174691203 0.157802377255255
7 0.554827325434837 0.161643861338608
3 0.561633476178473 0.163804812508491
3 0.568691706579279 0.162169516259105
4 0.575749936980086 0.155054967227726
1 0.58406856566675 0.144352192278918
1 0.592387194353416 0.133536417242096
2 0.598437106125536 0.125796399598216
11 0.602974539954626 0.122841151213237
17 0.604487017897656 0.124722013564209
15 0.603982858583313 0.129409960489458
7 0.607259894126544 0.136307422371741
4 0.612805646584321 0.145754895154274
9 0.6218805142425 0.156437432648098
7 0.632467859843711 0.166953339271996
13 0.640786488530375 0.174692380145801
11 0.648348878245526 0.17685690263127
9 0.655407108646332 0.172790791954808
13 0.661961179732796 0.164474724159391
22 0.668011091504916 0.154646372095866
35 0.674061003277036 0.146250728063428
19 0.679858835391984 0.138833960266134
72 0.685152508192589 0.132284991632055
24 0.689437862364507 0.127276175737277
30 0.693471136879254 0.124543050972090
10 0.697252331736829 0.125479620853375
32 0.70052936728006 0.130807871086635
41 0.70204184522309 0.139022141125832
8 0.702798084194606 0.147326976065391
14 0.701789765565919 0.157295006249593
7 0.699521048651374 0.170189653245961
5 0.698512730022688 0.185114547366596
23 0.69901688933703 0.204420652084968
36 0.703050163851777 0.230111963829589
23 0.70632719939501 0.262255055585859
21 0.704058482480464 0.301508148287847
34 0.699268968994203 0.352961862324085
27 0.692462818250567 0.414330494671716
0 0.681623392992186 0.48099840991508
0 0.667254852533401 0.547550028471428
2 0.652886312074616 0.608180283690738
12 0.634988656415427 0.659982063638272
9 0.612301487269977 0.703173004896292
8 0.591126796067557 0.735655798970094
20 0.570708343836652 0.75642559364536
35 0.551298210234434 0.766640777182519
36 0.530375598689186 0.764501345478343
6 0.509957146458281 0.752712035917723
0 0.489790773884548 0.737335843498526
0 0.469624401310814 0.70663901245813
3 0.448953869422738 0.63945890340686
0 0.427527098563146 0.560247734201491
0 0.408873203932443 0.498429482378864
0 0.383917317872448 0.468141979047883
0 0.358709352155281 0.470705084771947
10 0.390471388958911 0.520585680078864
33 0.420720947819511 0.6304076024618
6 0.449962188051424 0.771327136856396
