18 16.350505452 1.100883398
62 45.905996673 1.3505860779
44 44.662482069 0.9851669222
12 16.323083192 0.7351552313
18 26.948541578 0.6679396712
27 33.337132928 0.8099076804
20 30.650874197 0.6525099373
29 40.511893282 0.7158391685
39 55.239160492 0.7060208673
21 24.651956675 0.8518593585
40 49.849890861 0.8024089784
23 35.583780515 0.6463619005
30 43.309917804 0.6926819888
20 26.224090356 0.7626575309
27 41.787197761 0.6461309072
373 341.46755342 1.0923439028
57 51.772767593 1.100964902
22 23.619069094 0.931450766
13 26.990842362 0.4816448418
18 26.978395372 0.6672005415
29 46.858085957 0.6188899825
31 34.99386378 0.8858695969
22 21.549833077 1.0208895782
26 32.195798651 0.8075587837
27 19.834919527 1.3612356714
24 25.166002463 0.9536675535
21 24.812183026 0.8463584191
107 104.82661349 1.0207331558
37 39.360527742 0.9400280464
29 34.09700327 0.8505146265
127 116.61801328 1.0890255838
52 58.79854609 0.8843756089
16 17.930808308 0.8923189477
25 23.778682047 1.0513618858
29 32.702567085 0.886780537
31 34.388639748 0.9014604889
27 41.232052371 0.6548303673
33 41.36566576 0.7977630577
9 10.951621815 0.8217960912
22 27.036758102 0.813707025
23 19.762979556 1.1637921263
24 27.788993844 0.8636512763
22 25.594904156 0.8595460982
23 33.199734984 0.6927766144
11 20.103410442 0.5471708411
20 23.063828063 0.8671587364
6 14.54424168 0.412534399
9 10.052833867 0.8952699427
22 26.182144961 0.8402672903
34 30.983810501 1.0973472743
16 18.661119318 0.8573976581
8 18.586888216 0.4304109384
27 32.308030671 0.8357055332
22 19.9818753 1.1009977627
33 43.062018513 0.7663365801
11 19.189262446 0.5732372482
15 22.727827729 0.6599838831
37 27.376900574 1.3515043421
16 20.077727019 0.7969029554
44 57.068355487 0.7710052204
11 16.953983895 0.6488150554
21 18.643586386 1.1263927211
11 10.261700812 1.0719470584
137 113.01936651 1.2121816307
34 27.224877126 1.2488577944
139 121.62491504 1.1428579412
94 112.57829426 0.834974456
142 133.45919523 1.0639956262
63 47.717203078 1.3202785565
40 51.552841364 0.7759029171
28 39.379603421 0.7110279832
42 46.4828566 0.9035589263
35 25.881449157 1.3523199489
34 34.248795061 0.9927356551
98 78.022289975 1.256051316
32 52.109666094 0.6140895231
85 102.52570354 0.8290603923
57 84.614960862 0.6736397372
44 54.253675496 0.8110049614
67 87.109078253 0.7691506023
44 43.762838411 1.005419246
44 54.571852397 0.8062764606
212 188.89327082 1.1223269049
28 34.310392595 0.8160792658
48 59.501460601 0.8067028862
36 48.15952423 0.7475156903
66 82.972111399 0.7954479992
21 33.384630537 0.6290319726
31 43.375212387 0.7146939068
62 50.765398366 1.2213043135
39 53.299227338 0.7317179244
72 98.756204398 0.7290681172
25 23.820688642 1.0495078617
83 61.452967174 1.3506264029
39 44.078881598 0.8847774396
40 55.365379504 0.7224731476
34 31.366261335 1.0839672487
138 129.32030295 1.0671178218
59 69.863009165 0.8445098587
47 46.602517956 1.0085291967
53 64.160181082 0.8260575189
53 57.209859208 0.9264137464
48 48.960544869 0.9803812463
27 27.875506321 0.968592272
51 68.039068269 0.7495693474
75 60.357938456 1.2425871711
35 41.987993703 0.8335716216
89 82.03652179 1.0848826603
163 124.32817315 1.3110463692
51 45.196610648 1.1284031981
34 34.65202829 0.9811835462
43 37.404828053 1.1495842178
77 73.930078398 1.0415246632
61 52.601519924 1.159662308
77 87.30613504 0.881954057
32 24.20431189 1.3220784852
60 55.988948927 1.0716400495
61 53.050731356 1.149842772
98 79.598487735 1.2311791692
29 26.583449238 1.0909043345
155 129.00931117 1.2014636664
31 23.397430232 1.3249318277
65 54.561835389 1.1913088982
54 50.331174396 1.0728937015
59 50.743309861 1.1627148517
50 48.380302536 1.0334784484
38 44.769032111 0.8488010173
90 75.733922711 1.1883710335
29 42.946980565 0.6752511962
19 18.407395224 1.0321938421
51 63.441892317 0.8038852269
25 34.441267927 0.7258733927
64 53.595123469 1.1941384935
38 44.861651315 0.8470486236
49 49.682315326 0.9862664346
22 31.693720725 0.6941438082
41 43.360965372 0.9455509039
26 23.992646932 1.0836653444
34 39.016190789 0.8714330977
38 37.737988595 1.0069429086
32 27.845279919 1.1492073376
41 48.098567741 0.8524162345
35 37.952798753 0.922198129
32 32.740088502 0.9773950366
21 24.972862169 0.840912822
25 22.427068234 1.1147243919
17 24.17697364 0.7031483863
24 25.399146376 0.9449136457
35 30.05740562 1.1644384896
27 18.460118406 1.4626125037
19 12.58817868 1.5093525825
44 39.064804606 1.1263335487
29 34.017857238 0.8524934359
14 18.739117461 0.7471002852
14 25.472551658 0.5496112124
40 35.146221307 1.1381024336
31 18.238279251 1.6997217541
35 21.74068717 1.6098847164
31 18.209541912 1.7024041654
11 12.206569797 0.9011540656
31 24.450055421 1.2678907866
11 9.6097988112 1.1446649629
24 20.012580546 1.1992456418
15 6.9983604292 2.1433591699
53 33.270306734 1.593012064
50 34.080403862 1.4671187643
20 10.758826863 1.858938735
16 10.339994011 1.5473896777
11 8.6047779949 1.2783595354
18 15.215899624 1.1829731034
11 7.153950758 1.5376119255
29 20.290154882 1.429264595
39 25.867484224 1.507684306
20 13.901992641 1.4386426835
27 19.738928311 1.3678554162
27 20.293246246 1.330491912
21 15.966477502 1.315255666
30 20.038182993 1.4971417324
24 27.890337307 0.8605130779
27 32.730142734 0.8249276583
32 20.844708835 1.5351617647
134 118.07727111 1.1348500752
68 62.278152674 1.0918756752
105 93.54187492 1.122491933
63 48.037988549 1.3114620721
74 89.124122864 0.8303027017
97 73.799229725 1.3143768622
25 23.260975122 1.0747614779
63 50.17720063 1.2555503139
32 17.177166412 1.8629382305
42 30.201313895 1.3906679738
28 24.50297134 1.1427185549
28 25.78605687 1.0858581496
63 54.466151563 1.1566816856
15 11.013073258 1.3620176357
70 53.87678183 1.2992609733
111 73.005137111 1.5204409497
42 40.025580433 1.0493289428
18 23.256235647 0.7739859655
81 62.858441563 1.2886097394
27 25.869544516 1.0436983142
124 95.398096249 1.2998162948
40 21.971482082 1.82054173
39 26.381230494 1.4783237654
36 33.143405196 1.0861889352
27 20.219691456 1.335331949
51 30.942540538 1.6482163104
49 39.233202319 1.2489421486
38 25.534099651 1.488205988
91 68.83880369 1.3219288413
36 25.40276542 1.4171685407
35 39.571981019 0.8844641865
24 22.587831076 1.0625190138
51 47.431180055 1.0752420653
39 38.811783601 1.0048494653
35 28.91740273 1.2103438309
65 47.501297007 1.3683836883
33 29.45310927 1.1204250016
45 34.261263068 1.3134366912
23 20.712486902 1.1104412575
39 30.490812518 1.2790738186
29 28.904703873 1.0032969072
25 35.157376791 0.7110883201
56 44.666889261 1.2537250954
31 20.936453297 1.4806710363
21 20.0249944 1.0486894318
240 254.50640258 0.9430018167
13 10.86174502 1.1968610915
22 18.996921805 1.1580823581
16 18.997657122 0.8422091154
25 20.715647564 1.2068172101
14 21.201540577 0.6603293732
17 19.828481102 0.8573526087
22 18.319262665 1.2009216966
11 17.471373856 0.6296013176
18 22.124340332 0.8135835794
27 34.729878844 0.7774285687
14 16.794264881 0.8336179106
12 16.278594738 0.7371643679
19 17.08487187 1.1120949659
26 18.80676788 1.3824810391
33 54.055770897 0.6104806102
12 14.554088279 0.8245105959
14 17.394699299 0.8048428869
34 39.140950948 0.8686554408
18 23.834856304 0.7551964975
18 29.868787166 0.602635785
20 22.795415463 0.8773694006
10 11.550438888 0.8657679675
8 9.3466921058 0.8559177845
5 8.4225366741 0.5936453818
21 19.423540842 1.0811622953
10 13.510249338 0.7401787895
17 17.49774872 0.9715535565
25 21.672110644 1.1535563107
32 30.186990382 1.0600593035
10 14.565878849 0.6865359862
12 20.347725063 0.5897465177
12 15.222418801 0.7883109877
14 14.855010449 0.9424429588
5 8.5859520209 0.5823466038
30 23.502385368 1.276466177
13 8.3114798726 1.5641017243
19 18.539115775 1.0248600974
32 22.772555482 1.4052002212
22 19.369998798 1.1357770452
32 17.635369635 1.8145352586
35 26.944757534 1.2989539786
17 25.25098313 0.6732411135
17 15.169650564 1.120658642
19 13.921095425 1.364835124
17 13.675440489 1.2431043822
10 8.9286438377 1.1199909171
11 10.870539694 1.0119092805
19 21.813289674 0.8710286382
21 19.582994147 1.0723589989
35 17.270697083 2.0265539852
24 18.576740843 1.2919381393
21 23.697956923 0.8861523408
22 15.285960475 1.4392291564
24 15.452205381 1.5531763531
18 13.097751187 1.3742817178
27 19.668583689 1.3727475464
8 7.9739310273 1.0032692749
19 18.069932088 1.0514704708
28 20.306550567 1.3788654015
141 100.30380641 1.4057293043
8 7.2593042337 1.1020339887
41 30.686586135 1.3360886682
20 20.453585173 0.9778236838
15 19.825018803 0.7566197111
43 31.546999233 1.3630456476
20 17.452316474 1.1459796773
23 20.731221983 1.1094377369
23 17.109342119 1.344294821
8 12.349124267 0.6478192159
11 11.544680411 0.952819793
24 22.718759215 1.0563957201
31 30.321285326 1.0223840997
24 20.172697952 1.1897268307
26 15.524708668 1.6747496237
21 15.270531492 1.375197714
21 15.709055386 1.3368085785
24 22.139841345 1.0840186082
29 24.123750547 1.2021347984
19 20.633225459 0.9208448789
28 26.401158473 1.0605595216
67 51.089288903 1.3114294882
10 8.4081520957 1.1893219683
16 12.276426487 1.3033108631
5 7.8238109749 0.6390747445
20 19.395880625 1.0311467876
43 38.28842951 1.1230546813
14 15.40932073 0.9085410217
26 20.498973715 1.2683561803
38 27.954151198 1.3593687653
23 14.779133533 1.5562482028
21 22.738041616 0.9235623874
17 22.739002518 0.7476141483
26 22.734258608 1.1436484668
27 25.903604801 1.04232597
117 72.936497008 1.6041351696
30 20.119743074 1.4910727185
53 30.837895843 1.7186646025
40 41.824901246 0.956368068
47 32.040054412 1.4669138633
26 18.714663458 1.3892849347
501 393.09345467 1.2745060851
177 210.4523016 0.8410456843
12 16.781255393 0.7150835691
11 18.754189301 0.5865356174
3 8.5314416264 0.3516404532
15 12.75839738 1.1756962534
20 23.136911961 0.8644195921
3 7.2089461463 0.4161495923
5 6.5006526353 0.769153542
4 6.5844747111 0.6074896139
6 9.9518611784 0.6029023006
5 6.3768427696 0.7840870758
3 6.2597982625 0.4792486713
14 12.893415289 1.0858255696
5 7.0212863558 0.7121202222
5 10.112674588 0.4944290411
4 8.2219986471 0.4864997152
5 14.162359189 0.3530485234
4 4.0438143359 0.989165097
4 10.179862311 0.3929326231
6 7.0602579369 0.8498273085
17 18.450832719 0.9213676292
8 7.9023923297 1.0123516609
13 6.6325564335 1.9600285546
7 6.6265236237 1.0563608307
5 6.6814371303 0.7483419963
9 16.524862266 0.5446338889
3 5.9555220715 0.5037341754
4 5.8390952046 0.6850376402
3 5.3840347932 0.5572029371
3 7.7975980691 0.3847338595
12 14.05280001 0.8539223494
8 10.989354691 0.7279772312
22 23.449046369 0.9382044649
17 13.525884873 1.2568493788
11 18.068484869 0.6087948204
7 7.5661771033 0.9251699907
8 5.3879434495 1.4847965787
8 11.19095354 0.7148631233
6 6.8586303699 0.8748102283
27 21.185849766 1.2744355453
8 7.7878848086 1.0272365599
15 16.329358287 0.9185909046
3 5.9641887182 0.5030021922
3 3.8840741379 0.7723848447
12 13.270743562 0.9042447353
8 9.7262991423 0.8225122303
8 12.069089207 0.6628503496
40 40.627193934 0.9845622138
15 19.269180895 0.7784451286
12 12.881441762 0.9315727402
5 10.157416786 0.4922511407
6 3.8736856614 1.5489124633
13 6.9128039181 1.8805683127
10 8.1512213338 1.2268100191
4 4.878540292 0.8199173852
9 8.1585186655 1.1031414365
10 4.1741347035 2.3957061068
2 4.3313523815 0.461749547
4 7.109721534 0.5626099392
3 5.7690952327 0.5200122166
19 11.702047647 1.6236474653
15 12.122254123 1.2373936272
9 10.247396127 0.8782718935
11 5.6235334497 1.9560655411
13 6.4008036836 2.0309949567
9 4.4832803596 2.0074586638
13 9.4092636962 1.3816171403
7 6.5627072452 1.0666329822
11 7.3293833682 1.5008083828
15 11.095794175 1.3518635767
6 3.0112408 1.9925341076
11 5.9185245755 1.8585713145
15 13.56361289 1.1059000372
12 5.7144754656 2.0999302687
6 3.9310498887 1.5263098078
5 4.2604623983 1.1735815347
5 4.4521711028 1.1230475839
9 5.2899378897 1.701343227
9 7.962762224 1.130261051
10 8.7463369108 1.1433357875
9 5.2772642613 1.7054290925
16 9.950551729 1.6079510399
37 56.79615568 0.6514525421
61 91.98745533 0.6631339
7 13.591229856 0.5150380116
52 98.504346166 0.5278954891
15 14.094244498 1.064264211
25 22.694777448 1.1015750235
15 15.142893086 0.9905636865
12 22.75761769 0.5272959658
8 14.112147059 0.5668875166
21 21.89364603 0.9591824025
7 12.232737993 0.5722349325
10 16.291972093 0.6137992346
1 6.8506757584 0.1459710013
17 21.042666273 0.8078824128
8 9.4950346915 0.8425456315
4 8.3468734043 0.4792213571
4 17.169320168 0.2329736973
20 21.118458069 0.9470388385
5 8.9210565769 0.5604717285
8 10.038352248 0.7969435424
12 15.097451827 0.7948361179
9 15.782058425 0.5702678166
5 6.7874201985 0.7366569114
11 12.929836272 0.8507454981
3 5.3892655241 0.5566621252
3 12.017285154 0.2496404106
9 7.2689258303 1.2381471775
13 12.510547345 1.0391232007
8 12.289544958 0.6509598221
17 18.838627524 0.9024011955
7 10.804058485 0.6479046749
6 6.9241351897 0.8665342076
15 28.07787897 0.5342283873
13 18.048566541 0.7202788083
5 12.026253048 0.4157570924
11 22.017071332 0.499612316
7 7.0603232326 0.9914560239
7 7.6306842884 0.9173489212
6 9.2180581159 0.6508963086
14 21.986034937 0.636767841
3 4.7387213799 0.633082167
10 11.108614072 0.9002023056
13 17.583011559 0.739350023
4 10.086351595 0.3965755073
8 10.291511362 0.7773396655
4 9.4909716523 0.4214531606
10 16.1648755 0.6186252409
7 9.6499633349 0.7253913572
8 9.1994567088 0.8696165712
8 14.15648604 0.5651119902
7 9.55582857 0.73253721
10 16.80682049 0.5949965376
7 10.796652818 0.6483490872
6 16.599135642 0.3614646045
21 18.795933311 1.1172629554
39 53.913347573 0.7233830166
33 50.522667886 0.6531721578
8 12.235149714 0.6538538708
17 14.55399853 1.1680638805
23 23.704218495 0.9702914274
13 11.526741692 1.1278122081
10 14.623999291 0.683807473
7 6.7520507698 1.0367220625
10 6.9102972717 1.4471157472
9 7.1373707802 1.2609685383
11 16.350596451 0.6727583323
12 10.653998895 1.1263376426
7 3.6282734891 1.9292922711
9 10.728131263 0.8389159099
5 5.6847946131 0.8795392517
3 5.7850345933 0.51857944
1 5.3412490154 0.1872221267
9 14.763922379 0.6095941017
26 24.112697968 1.0782700482
7 10.068851667 0.6952133403
6 5.399817624 1.1111486383
10 8.1535797793 1.2264551609
8 7.6754556494 1.0422833986
11 16.045276499 0.6855600152
6 5.9436742419 1.009476589
9 6.7831184058 1.3268233667
6 12.929288028 0.4640626759
9 7.869684692 1.1436290464
13 14.653350796 0.8871690974
9 15.703431388 0.573123146
5 12.995774795 0.3847404313
10 16.044822335 0.6232540187
6 7.6808732893 0.7811611745
10 12.947404302 0.7723555832
11 18.68716674 0.5886392599
18 16.697110252 1.0780308525
4 8.1312659769 0.4919283186
10 15.479267133 0.6460254167
2 7.0755180597 0.2826648145
17 35.866382616 0.4739814489
16 22.148746195 0.7223885207
12 17.676007496 0.678886338
5 8.7519989791 0.5712980557
8 10.887652809 0.7347772877
12 19.650145137 0.6106825123
6 8.5017853244 0.7057341218
3 11.916835119 0.2517446931
7 9.9411992525 0.7041403982
8 16.109378545 0.4966051283
13 21.215196099 0.6127683166
4 6.088688721 0.6569559035
5 8.4006927249 0.5951890116
15 11.243317807 1.3341257677
24 26.174611769 0.916919044
7 10.804891095 0.6478547482
4 6.9078212982 0.579053775
7 10.607645713 0.6599013758
10 12.189363842 0.8203873582
4 6.185642093 0.6466588173
4 8.2960015794 0.4821599854
4 5.2312999446 0.7646283032
13 12.067295117 1.0772919593
13 16.218587518 0.8015494559
7 7.152391074 0.9786936882
17 20.310687594 0.836997759
9 9.683513901 0.9294146827
11 12.746292726 0.8629960284
7 10.814224929 0.6472955802
4 6.0745230435 0.6584879128
11 12.183378908 0.9028693996
5 6.1340090332 0.8151275899
9 11.391385727 0.7900706917
6 10.030374873 0.5981830267
10 11.348025553 0.8812105642
2 5.9645381282 0.3353151505
6 8.6383685874 0.6945755948
3 7.7408049416 0.3875565943
5 11.83531124 0.4224645976
2 7.3186311766 0.2732751455
