-0.500809206769013
-1.54299758396832
-1.77730938398813
-1.18148389127309
0.318487787932667
1.51282831323374
-1.1267171894192
-1.1814976758684
-0.2032563657189
-0.716273496769729
-1.09067379359739
-1.56920783413749
-0.562005564937432
-0.311740176632097
-1.77520780496931
-2.2424420480681
-3.76577539362936
-4.54629833887961
-2.95889111770281
-0.90493370657252
1.17912268196236
0.787733709803196
1.02942016385446
1.46655382410436
2.37626483210404
3.54523981837035
5.13568464499781
4.27465752383079
2.48675422900732
0.34766243459607
-0.139370509837415
-1.0568087441345
-0.327794528145209
0.235897873380698
-0.473230666050904
0.113957244986846
1.0425602062648
2.96509394531887
3.35330247246886
2.4102738307444
0.329548678621383
0.117457394858316
-0.509511833010883
0.366634592884824
-0.283378080459158
-1.43267534766445
-0.798662007165763
0.252739953566766
-0.753595557009862
-0.957846539889876
