0 -0.05617052796
1 -0.4411889546
2 -0.2423217981
3 -0.6923273715
4 -1.302197027
5 -1.695877037
6 -0.6611902232
7 -0.622532351
8 -2.071173438
9 -2.234140232
10 -0.5009807296
11 0.04621545378
12 -0.9579560458
13 -1.597522111
14 1.088270546
15 0.5278658752
16 -0.887077225
17 -0.813853727
18 -0.5387780561
19 -0.6345943142
20 0.09059249494
21 0.2742549803
22 1.543673311
23 0.3511667351
24 -1.523433193
25 -0.1033233209
26 -0.7028253101
27 -0.9434486992
28 -1.850031896
29 0.01221134548
30 0.04867532311
31 -0.0877893282
32 -0.3394294006
33 -1.669127209
34 0.006931717899
35 0.01048363324
36 -1.715587725
37 -1.211075159
38 -2.271449322
39 0.7174759398
40 -0.6783359322
41 0.2044753482
42 -1.619578338
43 -0.7850721065
44 -0.4154144864
45 0.2866533466
46 -0.01727499930
47 -1.104382925
48 -0.2982702601
49 -0.443607029
50 -1.053655274
51 -0.4328321944
52 -1.394939697
53 -0.7576172523
54 0.2224396180
55 -0.8463088366
56 -1.266780675
57 0.5470854084
58 -0.3737122024
59 0.5306678629
60 0.1347216234
61 0.4516412621
62 -0.1411582138
63 0.3001162551
64 -0.9048992845
65 0.6088037195
66 1.699019542
67 -0.08772204137
68 0.08442984511
69 -0.07755289677
70 -1.563713785
71 -0.4536113621
72 0.009821773352
73 -1.267780168
74 -0.1650235703
75 -0.408109563
76 1.229880166
77 -0.09682317904
78 -0.01960079875
79 -0.3490283247
80 -1.740988608
81 0.4128487005
82 0.2444842479
83 -0.6121628159
84 -0.3067800278
85 -0.08399092591
86 -0.5212169036
87 0.7342674894
88 -0.008531753851
89 -0.1402542269
90 -0.3379300039
91 -0.04818889245
92 -1.420125452
93 -1.445902388
94 -0.2237721952
95 -0.2462166518
96 -1.005982248
97 -0.06261284105
98 0.5768668406
99 -0.6382981109
