  563905 4725575  3.384
  573808 4719010  8.798
  592966 4697028  6.019
  586754 4666964  4.132
  560248 4674460  6.233
  520665 4663130  5.877
  523050 4692006  9.510
  557489 4708861  8.619
  540951 4727622  6.554
  508186 4730837  5.165
  485321 4757499  8.050
  526027 4775301  7.515
  517911 4768611  6.340
  571015 4751187  3.063
  631777 4817632  5.378
  645953 4797924  2.956
  636446 4786615  5.449
  611486 4772830  7.800
  599279 4772641  3.384
  624405 4778608  6.554
  656244 4773708  7.124
  663757 4731661  4.523
  626992 4726444  4.274
  625675 4708648  3.633
  646769 4682399  2.173
  658513 4673766  3.134
  598411 4719315  4.844
  592864 4824758  3.633
  600889 4828206  2.208
  584634 4836867  2.386
  602621 4820456  2.173
  606612 4811647  5.592
  606750 4814966  2.921
  609086 4820558  2.778
  611786 4803939  1.710
  623046 4808578  2.849
  621567 4800755  6.696
  615272 4789556  3.704
  602842 4806018  1.816
  607066 4794976  3.000
  599734 4797085  3.491
  601438 4791557  2.636
  595102 4780357  2.778
  591730 4789197  1.674
  582692 4797967  4.400
  581270 4781289  3.526
  573083 4786749  4.203
  582597 4805740  6.400
  572880 4805628  3.989
  567289 4797796  8.869
  578548 4805692  8.691
  576891 4809005  7.836
  579162 4822361  3.348
  576827 4814558  3.918
  587312 4816907  1.995
  556824 4788815  8.156
  548730 4785420  8.726
  543073 4780940  3.775
  547252 4764309  2.707
  566652 4780019  5.058
  542329 4769829  1.816
  554584 4764364  3.384
  552834 4779898  3.847
