  605370 4840339  1.900000
  619851 4840170  2.700000
  574784 4825394  4.700000
  589356 4825236  2.800000
  605943 4824406  2.600000
  620199 4824575  4.600000
  635504 4824874  3.100000
  650079 4822774  1.900000
  575644 4810384  2.900000
  589637 4810469  2.800000
  605242 4811759  2.700000
  620054 4809832  2.500000
  634623 4809872  1.800000
  650416 4810019  2.300000
  515011 4794561  2.100000
  530490 4795099  1.700000
  545329 4795116  4.600000
  559918 4795322  3.700000
  574481 4795036  1.800000
  590717 4795632  2.300000
  604990 4795647  1.700000
  620629 4795352  1.600000
  635237 4795254  2.500000
  649066 4796168  1.900000
  664394 4795715  1.700000
  500540 4779879  1.400000
  515933 4779878  2.000000
  530219 4780463  1.700000
  545478 4780668  2.100000
  560499 4779817  2.900000
  575760 4780267  2.900000
  589724 4780031  7.700000
  605719 4779602  1.500000
  619997 4780076  1.100000
  634756 4780657  1.300000
  648935 4780248  2.000000
  665883 4779888  2.400000
  485106 4764258  3.000000
  499738 4764283  1.700000
  514941 4763821  2.000000
  528895 4765422  1.200000
  545773 4765259  1.700000
  560304 4764675  1.700000
  575286 4764272  1.900000
  604838 4765264  1.300000
  620036 4764670  1.700000
  635173 4764988  1.900000
  649105 4763764  2.100000
  666644 4763563  1.700000
  499963 4750173  2.100000
  530073 4748961  1.600000
  544907 4750800  1.700000
  559768 4750038  1.400000
  574954 4749837  1.600000
  589725 4749900  1.400000
  604692 4749280  1.400000
  619991 4750253  1.800000
  634971 4749982  1.900000
  650290 4750014  1.300000
  663963 4750491  1.200000
  679446 4750584  1.400000
  514768 4735131  3.600000
  560092 4735215  1.400000
  574807 4735376  1.200000
  589935 4735031  1.100000
  605200 4734985  1.000000
  620441 4735131  2.100000
  634461 4735268  1.300000
  649667 4734372  1.700000
  665706 4735449  1.000000
  500254 4719942  2.300000
  530278 4719569  2.800000
  545240 4720437  8.700000
  559978 4720271  3.500000
  574692 4719743  1.200000
  588610 4720359  1.000000
  604925 4719858  0.900000
  620061 4720103  1.100000
  633458 4721976  1.500000
  649472 4720156  1.800000
  664857 4720288  1.300000
  529940 4705156  3.600000
  544695 4704987  4.800000
  560026 4705304  1.000000
  574566 4705081  1.500000
  590291 4704985  3.100000
  602839 4706071  1.300000
  620052 4704564  1.200000
  635524 4705277  1.200000
  649834 4704772  1.900000
  668345 4705375  1.800000
  680488 4706766  1.100000
  530284 4689857  6.000000
  545172 4690069  2.500000
  560224 4689874  1.600000
  575109 4690174  1.500000
  590063 4690200  2.600000
  604783 4690015  3.200000
  620145 4689978  1.200000
  634325 4690087  1.300000
  650050 4689879  1.936812
  666160 4689524  2.500000
  691243 4698574  1.300000
  544684 4675184  3.000000
  560457 4674955  2.400000
  605421 4674412  1.600000
  618554 4675127  1.900000
  635543 4676715  1.300000
  651133 4676285  1.500000
  664719 4675052  1.936812
  677681 4675972  3.000000
  514765 4660239  3.200000
  544723 4659834  2.800000
  559246 4660281  1.700000
  576241 4662052  1.400000
  590242 4660059  1.300000
  621309 4660783  1.700000
  650620 4660451  1.700000
  664894 4659688  1.500000
  514654 4645081  2.700000
  529879 4645878  2.900000
  545695 4645878  2.900000
  590229 4644870  0.800000
  605083 4645230  1.400000
  619783 4645525  2.100000
  635890 4644637  2.300000
  665188 4645224  1.600000
  558758 4631279  2.900000
  620282 4631768  1.200000
  633882 4630500  1.600000
  666725 4630899  1.700000
  569451 4617348  4.500000
