0 1 0
1 1 1
2 1 0
3 1 1
4 1 1
5 1 1
6 1 1
7 1 0
8 1 0
9 1 0
10 1 1
11 1 1
12 1 0
13 1 0
14 1 1
15 1 1
16 1 0
17 1 1
18 1 1
19 1 1
20 1 0
21 1 1
22 1 1
23 1 0
24 1 1
25 1 0
26 1 0
27 1 1
28 1 1
29 1 0
30 1 0
31 1 0
32 1 1
33 1 0
34 1 1
35 1 1
36 1 0
37 1 0
38 1 1
39 1 1
40 1 1
41 1 0
42 1 0
43 1 0
44 1 1
45 1 1
46 1 0
47 1 1
48 1 1
49 1 1
50 1 1
51 1 1
52 1 1
53 1 1
54 1 1
55 1 1
56 1 1
57 1 1
58 1 0
59 1 1
60 1 0
61 1 1
62 1 0
63 1 1
64 1 1
65 1 0
66 1 0
67 1 1
68 1 0
69 1 1
70 1 0
71 1 1
72 1 0
73 1 0
74 1 1
75 1 0
76 1 1
77 1 1
78 1 1
79 1 1
80 1 0
81 1 1
82 1 1
83 1 1
84 1 0
85 1 1
86 1 1
87 1 0
88 1 0
89 1 0
90 1 0
91 1 1
92 1 1
93 1 0
94 1 1
95 1 1
96 1 1
97 1 1
98 1 0
99 1 1
100 1 0
101 1 1
102 1 1
103 1 1
104 1 1
105 1 1
106 1 1
107 1 1
108 1 1
109 1 1
110 1 1
111 1 1
112 1 1
113 1 1
114 1 1
115 1 1
116 1 1
117 1 1
118 1 1
119 1 0
120 1 1
121 1 0
122 1 0
123 1 1
124 1 0
125 1 1
126 1 0
127 1 1
128 1 0
129 1 0
130 1 1
131 1 1
132 1 1
133 1 0
134 1 0
135 1 0
136 1 1
137 1 0
138 1 1
139 1 1
140 1 0
141 1 0
142 1 1
143 1 0
144 1 0
145 1 1
146 1 1
147 1 1
148 1 1
149 1 1
150 1 1
151 1 1
152 1 1
153 1 1
154 1 1
155 1 1
156 1 0
157 1 1
158 1 1
159 1 1
160 1 1
161 1 1
162 1 1
163 1 1
164 1 1
165 1 1
166 1 0
167 1 1
168 1 1
169 1 1
170 1 0
171 1 0
172 1 0
173 1 1
174 1 1
175 1 0
176 1 1
177 1 0
178 1 1
179 1 0
180 1 1
181 1 0
182 1 0
183 1 0
184 1 0
185 1 0
186 1 0
187 1 0
188 1 1
189 1 0
190 1 1
191 1 0
192 1 0
193 1 1
194 1 1
195 1 1
196 1 1
197 1 0
198 1 1
199 1 1
200 1 1
201 1 0
202 1 1
203 1 1
204 1 1
205 1 0
206 1 0
207 1 1
208 1 1
209 1 1
210 1 1
211 1 0
212 1 1
213 1 1
214 1 0
215 1 1
216 1 0
217 1 1
218 1 1
219 1 1
220 1 1
221 1 1
222 1 0
223 1 0
224 1 0
225 1 1
226 1 1
227 1 1
228 1 0
229 1 1
230 1 1
231 1 1
232 1 0
233 1 1
234 1 0
235 1 1
236 1 1
237 1 0
238 1 1
239 1 1
240 1 0
241 1 0
242 1 0
243 1 1
244 1 1
245 1 0
246 1 0
247 1 1
248 1 1
249 1 1
250 1 1
251 1 0
252 1 1
253 1 1
254 1 1
255 1 1
256 1 1
257 1 1
258 1 1
259 1 1
260 1 1
261 1 1
262 1 1
263 1 1
264 1 1
265 1 1
266 1 1
267 1 0
268 1 1
269 1 1
270 1 1
271 1 1
272 1 1
273 1 0
274 1 0
275 1 0
276 1 1
277 1 0
278 1 1
279 1 1
280 1 0
281 1 0
282 1 1
283 1 1
284 1 1
285 1 1
286 1 1
287 1 1
288 1 1
289 1 1
290 1 1
291 1 0
292 1 0
293 1 1
294 1 1
295 1 1
296 1 0
297 1 0
298 1 1
299 1 1
300 1 1
301 1 1
302 1 1
303 1 1
304 1 1
305 1 0
306 1 1
307 1 1
308 1 0
309 1 1
310 1 1
311 1 0
312 1 1
313 1 1
314 1 1
315 1 1
316 1 1
317 1 0
318 1 0
319 1 1
320 1 0
321 1 0
322 1 1
323 1 1
324 1 1
325 1 1
326 1 0
327 1 1
328 1 0
329 1 1
330 1 1
331 1 1
332 1 1
333 1 1
334 1 1
335 1 1
336 1 1
337 1 1
338 1 0
339 1 0
340 1 1
341 1 0
342 1 0
343 1 1
344 1 0
345 1 0
346 1 0
347 1 1
348 1 1
349 1 1
350 1 1
351 1 1
352 1 1
353 1 0
354 1 1
355 1 1
356 1 1
357 1 1
358 1 1
359 1 1
360 1 0
361 1 1
362 1 1
363 1 1
364 1 1
365 1 1
366 1 1
367 1 1
368 1 1
369 1 0
370 1 1
371 1 1
372 1 1
373 1 1
374 1 0
375 1 1
376 1 0
377 1 1
378 1 1
379 1 1
380 1 1
381 1 1
382 1 1
383 1 0
384 1 0
385 1 1
386 1 1
387 1 1
388 1 1
389 1 0
390 1 1
391 1 1
392 1 0
393 1 1
394 1 0
395 1 0
396 1 1
397 1 0
398 1 1
399 1 1
400 1 0
401 1 1
402 1 1
403 1 1
404 1 1
405 1 1
406 1 0
407 1 1
408 1 1
409 1 1
410 1 1
411 1 0
412 1 1
413 1 1
414 1 1
415 1 1
416 1 1
417 1 1
418 1 0
419 1 0
420 1 1
421 1 1
422 1 0
423 1 0
424 1 0
425 1 0
426 1 1
427 1 1
428 1 1
429 1 0
430 1 0
431 1 0
432 1 1
433 1 1
434 1 1
435 1 1
436 1 1
437 1 1
438 1 1
439 1 1
440 1 1
441 1 1
442 1 1
443 1 0
444 1 1
445 1 1
446 1 1
447 1 0
448 1 1
449 1 1
450 1 1
451 1 1
452 1 1
453 1 1
454 1 1
455 1 1
456 1 1
457 1 1
458 1 1
459 1 0
460 1 0
461 1 1
462 1 1
463 1 0
464 1 1
465 1 1
466 1 1
467 1 0
468 1 1
469 1 1
470 1 1
471 1 1
472 1 1
473 1 1
474 1 0
475 1 1
476 1 1
477 1 0
478 1 1
479 1 0
480 1 0
481 1 1
482 1 1
483 1 1
484 1 1
485 1 0
486 1 1
487 1 1
488 1 1
489 1 0
490 1 1
491 1 0
492 1 1
493 1 1
494 1 1
495 1 1
496 1 1
497 1 0
498 1 1
499 1 1
500 1 1
501 1 1
502 1 1
503 1 1
504 1 1
505 1 1
506 1 1
507 1 1
508 1 1
509 1 1
510 1 1
511 1 1
512 1 1
513 1 1
514 1 1
515 1 1
516 1 1
517 1 1
518 1 1
519 1 1
520 1 1
521 1 1
522 1 0
523 1 1
524 1 1
525 1 1
526 1 0
527 1 0
528 1 0
529 1 0
530 1 0
531 1 1
532 1 1
533 1 0
534 1 1
535 1 1
536 1 1
537 1 0
538 1 1
539 1 0
540 1 1
541 1 0
542 1 0
543 1 0
544 1 1
545 1 0
546 1 1
547 1 1
548 1 1
549 1 1
550 1 1
551 1 1
552 1 1
553 1 1
554 1 1
555 1 1
556 1 1
557 1 1
558 1 1
559 1 1
560 1 1
561 1 0
562 1 1
563 1 1
564 1 1
565 1 1
566 1 1
567 1 1
568 1 1
569 1 1
570 1 1
571 1 1
572 1 1
573 1 0
574 1 1
575 1 1
576 1 1
577 1 1
578 1 1
579 1 1
580 1 0
581 1 1
582 1 1
583 1 1
584 1 1
585 1 1
586 1 0
587 1 1
588 1 1
589 1 0
590 1 1
591 1 0
592 1 0
593 1 1
594 1 0
595 1 1
596 1 1
597 1 1
598 1 0
599 1 1
600 1 0
601 1 1
602 1 1
603 1 1
604 1 1
605 1 1
606 1 0
607 1 1
608 1 1
609 1 1
610 1 1
611 1 1
612 1 1
613 1 1
614 1 1
615 1 1
616 1 1
617 1 1
618 1 1
619 1 1
620 1 0
621 1 1
622 1 1
623 1 1
624 1 1
625 1 1
626 1 0
627 1 1
628 1 1
629 1 1
630 1 1
631 1 0
632 1 0
633 1 0
634 1 0
635 1 0
636 1 1
637 1 1
638 1 1
639 1 1
640 1 0
641 1 1
642 1 0
643 1 0
644 1 0
645 1 0
646 1 0
647 1 1
648 1 1
649 1 1
650 1 0
651 1 1
652 1 1
653 1 1
654 1 0
655 1 1
656 1 1
657 1 1
658 1 1
659 1 1
660 1 1
661 1 0
662 1 1
663 1 0
664 1 1
665 1 1
666 1 1
667 1 1
668 1 1
669 1 0
670 1 1
671 1 0
672 1 1
673 1 0
674 1 1
675 1 1
676 1 0
677 1 0
678 1 0
679 1 0
680 1 0
681 1 0
682 1 1
683 1 1
684 1 1
685 1 1
686 1 1
687 1 0
688 1 0
689 1 1
690 1 1
691 1 0
692 1 0
693 1 1
694 1 0
695 1 1
696 1 1
697 1 0
698 1 1
699 1 1
700 1 1
701 1 1
702 1 1
703 1 1
704 1 1
705 1 1
706 1 1
707 1 1
708 1 1
709 1 1
710 1 1
711 1 1
712 1 1
713 1 1
714 1 0
715 1 1
716 1 1
717 1 1
718 1 1
719 1 1
720 1 0
721 1 1
722 1 1
723 1 0
724 1 1
725 1 0
726 1 0
727 1 1
728 1 0
729 1 1
730 1 1
731 1 0
732 1 0
733 1 1
734 1 1
735 1 1
736 1 1
737 1 0
738 1 0
739 1 0
740 1 0
741 1 1
742 1 1
743 1 0
744 1 1
745 1 1
746 1 1
747 1 0
748 1 1
749 1 1
750 1 1
751 1 0
752 1 0
753 1 1
754 1 1
755 1 1
756 1 0
757 1 1
758 1 1
759 1 1
760 1 1
761 1 1
762 1 1
763 1 1
764 1 1
765 1 0
766 1 1
767 1 1
768 1 0
769 1 1
770 1 0
771 1 0
772 1 1
773 1 1
774 1 0
775 1 0
776 1 1
777 1 0
778 1 1
779 1 1
780 1 0
781 1 1
782 1 1
783 1 1
784 1 1
785 1 1
786 1 1
787 1 1
788 1 1
789 1 1
790 1 1
791 1 1
792 1 0
793 1 1
794 1 0
795 1 0
796 1 0
797 1 1
798 1 1
799 1 1
800 1 1
801 1 0
802 1 1
803 1 0
804 1 1
805 1 1
806 1 1
807 1 1
808 1 1
809 1 1
810 1 1
811 1 1
812 1 1
813 1 1
814 1 1
815 1 0
816 1 1
817 1 0
818 1 1
819 1 1
820 1 0
821 1 1
822 1 0
823 1 1
824 1 0
825 1 1
826 1 1
827 1 1
828 1 1
829 1 1
830 1 1
831 1 1
832 1 0
833 1 1
834 1 0
835 1 1
836 1 0
837 1 1
838 1 1
839 1 1
840 1 0
841 1 0
842 1 1
843 1 0
844 1 1
845 1 1
846 1 1
847 1 0
848 1 1
849 1 0
850 1 1
851 1 1
852 1 1
853 1 1
854 1 0
855 1 1
856 1 1
857 1 1
858 1 1
859 1 1
860 1 1
861 1 1
862 1 1
863 1 1
864 1 1
865 1 1
866 1 1
867 1 1
868 1 1
869 1 1
870 1 0
871 1 1
872 1 1
873 1 0
874 1 1
875 1 0
876 1 0
877 1 0
878 1 0
879 1 1
880 1 1
881 1 1
882 1 1
883 1 1
884 1 1
885 1 1
886 1 0
887 1 1
888 1 1
889 1 0
890 1 0
891 1 1
892 1 0
893 1 0
894 1 1
895 1 0
896 1 0
897 1 0
898 1 0
899 1 1
900 1 1
901 1 1
902 1 1
903 1 1
904 1 1
905 1 1
906 1 1
907 1 1
908 1 1
909 1 0
910 1 1
911 1 1
912 1 1
913 1 1
914 1 1
915 1 1
916 1 1
917 1 1
918 1 1
919 1 1
920 1 1
921 1 1
922 1 1
923 1 1
924 1 1
925 1 1
926 1 0
927 1 1
928 1 0
929 1 1
930 1 1
931 1 1
932 1 1
933 1 1
934 1 1
935 1 1
936 1 1
937 1 0
938 1 0
939 1 0
940 1 0
941 1 0
942 1 1
943 1 0
944 1 1
945 1 1
946 1 0
947 1 1
948 1 1
949 1 1
950 1 1
951 1 1
952 1 1
953 1 1
954 1 0
955 1 1
956 1 1
957 1 1
958 1 1
959 1 1
960 1 1
961 1 1
962 1 1
963 1 1
964 1 1
965 1 1
966 1 1
967 1 0
968 1 1
969 1 1
970 1 1
971 1 1
972 1 1
973 1 1
974 1 1
975 1 1
976 1 1
977 1 1
978 1 0
979 1 1
980 1 1
981 1 0
982 1 1
983 1 1
984 1 1
985 1 0
986 1 1
987 1 1
988 1 0
989 1 1
990 1 0
991 1 1
992 1 1
993 1 0
994 1 1
995 1 0
996 1 1
997 1 1
998 1 0
999 1 0
1000 1 1
1001 1 1
1002 1 1
1003 1 1
1004 1 1
1005 1 1
1006 1 1
1007 1 0
1008 1 1
1009 1 1
1010 1 1
1011 1 1
1012 1 1
1013 1 1
1014 1 1
1015 1 1
1016 1 1
1017 1 0
1018 1 0
1019 1 1
1020 1 1
1021 1 1
1022 1 1
1023 1 1
1024 1 1
1025 1 1
1026 1 1
1027 1 1
1028 1 0
1029 1 1
1030 1 0
1031 1 1
1032 1 1
1033 1 1
1034 1 1
1035 1 1
1036 1 1
1037 1 0
1038 1 0
1039 1 1
1040 1 1
1041 1 1
1042 1 0
1043 1 1
1044 1 1
1045 1 1
1046 1 0
1047 1 0
1048 1 1
1049 1 0
1050 1 0
1051 1 1
1052 1 1
1053 1 0
1054 1 0
1055 1 1
1056 1 1
1057 1 1
1058 1 1
1059 1 1
1060 1 1
1061 1 1
1062 1 1
1063 1 0
1064 1 1
1065 1 1
1066 1 0
1067 1 1
1068 1 0
1069 1 0
1070 1 1
1071 1 1
1072 1 1
1073 1 1
1074 1 0
1075 1 1
1076 1 0
1077 1 0
1078 1 1
1079 1 0
1080 1 1
1081 1 0
1082 1 1
1083 1 1
1084 1 1
1085 1 0
1086 1 1
1087 1 1
1088 1 1
1089 1 1
1090 1 0
1091 1 1
1092 1 1
1093 1 1
1094 1 1
1095 1 1
1096 1 1
1097 1 1
1098 1 1
1099 1 1
1100 1 1
1101 1 0
1102 1 0
1103 1 1
1104 1 1
1105 1 1
1106 1 1
1107 1 1
1108 1 1
1109 1 1
1110 1 1
1111 1 1
1112 1 1
1113 1 1
1114 1 1
1115 1 1
1116 1 1
1117 1 1
1118 1 1
1119 1 0
1120 1 1
1121 1 0
1122 1 1
1123 1 1
1124 1 1
1125 1 1
1126 1 1
1127 1 1
1128 1 1
1129 1 0
1130 1 0
1131 1 0
1132 1 1
1133 1 1
1134 1 1
1135 1 1
1136 1 1
1137 1 0
1138 1 1
1139 1 1
1140 1 1
1141 1 1
1142 1 1
1143 1 1
1144 1 1
1145 1 1
1146 1 1
1147 1 1
1148 1 1
1149 1 0
1150 1 1
1151 1 1
1152 1 1
1153 1 1
1154 1 0
1155 1 1
1156 1 1
1157 1 1
1158 1 1
1159 1 1
1160 1 1
1161 1 1
1162 1 1
1163 1 1
1164 1 1
1165 1 1
1166 1 1
1167 1 1
1168 1 1
1169 1 1
1170 1 1
1171 1 1
1172 1 1
1173 1 1
1174 1 1
1175 1 1
1176 1 1
1177 1 0
1178 1 1
1179 1 1
1180 1 1
1181 1 1
1182 1 1
1183 1 0
1184 1 1
1185 1 1
1186 1 1
1187 1 1
1188 1 1
1189 1 1
1190 1 1
1191 1 1
1192 1 0
1193 1 1
1194 1 1
1195 1 1
1196 1 1
1197 1 0
1198 1 1
1199 1 1
1200 1 1
1201 1 1
1202 1 1
1203 1 0
1204 1 0
1205 1 1
1206 1 1
1207 1 1
1208 1 1
1209 1 0
1210 1 0
1211 1 1
1212 1 1
1213 1 1
1214 1 0
1215 1 1
1216 1 1
1217 1 1
1218 1 1
1219 1 1
1220 1 1
1221 1 1
1222 1 1
1223 1 1
1224 1 1
1225 1 1
1226 1 1
1227 1 1
1228 1 1
1229 1 1
1230 1 1
1231 1 0
1232 1 1
1233 1 1
1234 1 1
1235 1 1
1236 1 1
1237 1 1
1238 1 1
1239 1 1
1240 1 1
1241 1 1
1242 1 1
1243 1 1
1244 1 1
1245 1 1
1246 1 1
1247 1 0
1248 1 0
1249 1 1
1250 1 1
1251 1 1
1252 1 1
1253 1 1
1254 1 1
1255 1 1
1256 1 1
1257 1 0
1258 1 1
1259 1 1
1260 1 1
1261 1 1
1262 1 1
1263 1 1
1264 1 1
1265 1 1
1266 1 1
1267 1 1
1268 1 1
1269 1 1
1270 1 1
1271 1 1
1272 1 1
1273 1 1
1274 1 1
1275 1 1
1276 1 1
1277 1 1
1278 1 1
1279 1 1
1280 1 0
1281 1 0
1282 1 0
1283 1 1
1284 1 0
1285 1 1
1286 1 1
1287 1 0
1288 1 1
1289 1 1
1290 1 0
1291 1 1
1292 1 1
1293 1 1
1294 1 1
1295 1 0
1296 1 1
1297 1 1
1298 1 1
1299 1 1
1300 1 1
1301 1 1
1302 1 1
1303 1 1
1304 1 1
1305 1 1
1306 1 1
1307 1 1
1308 1 1
1309 1 1
1310 1 0
1311 1 1
1312 1 1
1313 1 1
1314 1 1
1315 1 0
1316 1 1
1317 1 1
1318 1 1
1319 1 0
1320 1 1
1321 1 1
1322 1 1
1323 1 1
1324 1 1
1325 1 1
1326 1 1
1327 1 0
1328 1 1
1329 1 1
1330 1 1
1331 1 1
1332 1 0
1333 1 0
1334 1 0
1335 1 0
1336 1 0
1337 1 0
1338 1 1
1339 1 0
1340 1 1
1341 1 1
1342 1 1
1343 1 1
1344 1 0
1345 1 1
1346 1 1
1347 1 1
1348 1 1
1349 1 1
1350 1 1
1351 1 1
1352 1 1
1353 1 1
1354 1 1
1355 1 1
1356 1 1
1357 1 1
1358 1 0
1359 1 1
1360 1 1
1361 1 1
1362 1 1
1363 1 1
1364 1 1
1365 1 1
1366 1 1
1367 1 0
1368 1 1
1369 1 1
1370 1 1
1371 1 0
1372 1 1
1373 1 1
1374 1 1
1375 1 1
1376 1 1
1377 1 1
1378 1 1
1379 1 1
1380 1 1
1381 1 1
1382 1 1
1383 1 1
1384 1 0
1385 1 0
1386 1 1
1387 1 1
1388 1 0
1389 1 1
1390 1 1
1391 1 1
1392 1 1
1393 1 1
1394 1 1
1395 1 1
1396 1 1
1397 1 0
1398 1 1
1399 1 1
1400 1 1
1401 1 1
1402 1 1
1403 1 1
1404 1 1
1405 1 1
1406 1 1
1407 1 1
1408 1 1
1409 1 1
1410 1 1
1411 1 1
1412 1 1
1413 1 0
1414 1 1
1415 1 1
1416 1 1
1417 1 1
1418 1 1
1419 1 1
1420 1 1
1421 1 1
1422 1 1
1423 1 1
1424 1 1
1425 1 1
1426 1 1
1427 1 1
1428 1 1
1429 1 1
1430 1 1
1431 1 1
1432 1 1
1433 1 1
1434 1 1
1435 1 1
1436 1 0
1437 1 1
1438 1 1
1439 1 1
1440 1 1
1441 1 1
1442 1 1
1443 1 1
1444 1 1
1445 1 0
1446 1 0
1447 1 1
1448 1 1
1449 1 0
1450 1 1
1451 1 1
1452 1 1
1453 1 1
1454 1 1
1455 1 1
1456 1 1
1457 1 1
1458 1 1
1459 1 1
1460 1 1
1461 1 1
1462 1 1
1463 1 1
1464 1 1
1465 1 1
1466 1 1
1467 1 0
1468 1 1
1469 1 1
1470 1 0
1471 1 1
1472 1 0
1473 1 1
1474 1 1
1475 1 1
1476 1 1
1477 1 1
1478 1 1
1479 1 1
1480 1 1
1481 1 1
1482 1 0
1483 1 1
1484 1 1
1485 1 0
1486 1 1
1487 1 1
1488 1 0
1489 1 1
1490 1 0
1491 1 1
1492 1 1
1493 1 1
1494 1 1
1495 1 0
1496 1 1
1497 1 0
1498 1 1
1499 1 1
1500 1 1
1501 1 0
1502 1 1
1503 1 1
1504 1 1
1505 1 1
1506 1 1
1507 1 1
1508 1 1
1509 1 1
1510 1 1
1511 1 1
1512 1 0
1513 1 0
1514 1 1
1515 1 1
1516 1 1
1517 1 1
1518 1 1
1519 1 1
1520 1 1
1521 1 1
1522 1 1
1523 1 1
1524 1 0
1525 1 1
1526 1 1
1527 1 1
1528 1 1
1529 1 1
1530 1 1
1531 1 1
1532 1 1
1533 1 0
1534 1 0
1535 1 1
1536 1 1
1537 1 1
1538 1 0
1539 1 1
1540 1 0
1541 1 0
1542 1 0
1543 1 1
1544 1 1
1545 1 0
1546 1 1
1547 1 0
1548 1 1
1549 1 1
1550 1 1
1551 1 1
1552 1 1
1553 1 1
1554 1 1
1555 1 1
1556 1 1
1557 1 1
1558 1 1
1559 1 0
1560 1 1
1561 1 1
1562 1 1
1563 1 1
1564 1 0
1565 1 1
1566 1 1
1567 1 1
1568 1 0
1569 1 0
1570 1 1
1571 1 0
1572 1 0
1573 1 1
1574 1 1
1575 1 1
1576 1 1
1577 1 1
1578 1 1
1579 1 1
1580 1 1
1581 1 1
1582 1 1
1583 1 1
1584 1 0
1585 1 1
1586 1 1
1587 1 1
1588 1 0
1589 1 0
1590 1 1
1591 1 1
1592 1 1
1593 1 1
1594 1 0
1595 1 1
1596 1 0
1597 1 1
1598 1 1
1599 1 0
1600 1 1
1601 1 0
1602 1 0
1603 1 0
1604 1 1
1605 1 1
1606 1 1
1607 1 1
1608 1 1
1609 1 1
1610 1 0
1611 1 0
1612 1 1
1613 1 1
1614 1 0
1615 1 1
1616 1 1
1617 1 0
1618 1 0
1619 1 1
1620 1 1
1621 1 1
1622 1 0
1623 1 1
1624 1 1
1625 1 1
1626 1 1
1627 1 1
1628 1 1
1629 1 1
1630 1 1
1631 1 1
1632 1 1
1633 1 1
1634 1 1
1635 1 1
1636 1 1
1637 1 1
1638 1 1
1639 1 1
1640 1 1
1641 1 1
1642 1 0
1643 1 0
1644 1 0
1645 1 0
1646 1 0
1647 1 1
1648 1 0
1649 1 1
1650 1 1
1651 1 1
1652 1 1
1653 1 1
1654 1 1
1655 1 1
1656 1 1
1657 1 1
1658 1 1
1659 1 1
1660 1 0
1661 1 0
1662 1 1
1663 1 1
1664 1 1
1665 1 1
1666 1 1
1667 1 1
1668 1 0
1669 1 0
1670 1 1
1671 1 1
1672 1 0
1673 1 1
1674 1 0
1675 1 1
1676 1 1
1677 1 0
1678 1 1
1679 1 1
1680 1 1
1681 1 1
1682 1 0
1683 1 0
1684 1 0
1685 1 1
1686 1 1
1687 1 1
1688 1 1
1689 1 1
1690 1 1
1691 1 1
1692 1 1
1693 1 1
1694 1 0
1695 1 1
1696 1 0
1697 1 1
1698 1 0
1699 1 1
1700 1 0
1701 1 1
1702 1 1
1703 1 1
1704 1 0
1705 1 1
1706 1 1
1707 1 1
1708 1 1
1709 1 1
1710 1 1
1711 1 1
1712 1 0
1713 1 1
1714 1 1
1715 1 1
1716 1 1
1717 1 1
1718 1 1
1719 1 1
1720 1 1
1721 1 1
1722 1 1
1723 1 0
1724 1 1
1725 1 1
1726 1 1
1727 1 1
1728 1 1
1729 1 1
1730 1 1
1731 1 1
1732 1 1
1733 1 1
1734 1 1
1735 1 1
1736 1 1
1737 1 0
1738 1 1
1739 1 0
1740 1 1
1741 1 0
1742 1 1
1743 1 1
1744 1 1
1745 1 0
1746 1 0
1747 1 0
1748 1 1
1749 1 1
1750 1 0
1751 1 1
1752 1 0
1753 1 1
1754 1 1
1755 1 1
1756 1 1
1757 1 1
1758 1 0
1759 1 1
1760 1 1
1761 1 0
1762 1 1
1763 1 1
1764 1 0
1765 1 1
1766 1 0
1767 1 0
1768 1 1
1769 1 1
1770 1 1
1771 1 1
1772 1 0
1773 1 1
1774 1 0
1775 1 0
1776 1 1
1777 1 0
1778 1 0
1779 1 1
1780 1 1
1781 1 1
1782 1 0
1783 1 1
1784 1 1
1785 1 1
1786 1 1
1787 1 1
1788 1 0
1789 1 1
1790 1 1
1791 1 1
1792 1 0
1793 1 0
1794 1 0
1795 1 1
1796 1 0
1797 1 1
1798 1 1
1799 1 1
1800 1 1
1801 1 1
1802 1 0
1803 1 0
1804 1 0
1805 1 0
1806 1 0
1807 1 1
1808 1 0
1809 1 0
1810 1 0
1811 1 1
1812 1 1
1813 1 1
1814 1 0
1815 1 1
1816 1 1
1817 1 1
1818 1 1
1819 1 1
1820 1 1
1821 1 1
1822 1 1
1823 1 1
1824 1 0
1825 1 1
1826 1 0
1827 1 0
1828 1 1
1829 1 0
1830 1 0
1831 1 0
1832 1 1
1833 1 1
1834 1 1
1835 1 0
1836 1 0
1837 1 0
1838 1 1
1839 1 0
1840 1 1
1841 1 1
1842 1 1
1843 1 0
1844 1 0
1845 1 0
1846 1 0
1847 1 1
1848 1 0
1849 1 1
1850 1 0
1851 1 0
1852 1 0
1853 1 1
1854 1 1
1855 1 1
1856 1 0
1857 1 1
1858 1 1
1859 1 0
1860 1 1
1861 1 1
1862 1 1
1863 1 0
1864 1 0
1865 1 0
1866 1 0
1867 1 0
1868 1 1
1869 1 0
1870 1 1
1871 1 0
1872 1 1
1873 1 0
1874 1 1
1875 1 0
1876 1 0
1877 1 1
1878 1 0
1879 1 0
1880 1 1
1881 1 0
1882 1 0
1883 1 0
1884 1 0
1885 1 0
1886 1 0
1887 1 1
1888 1 1
1889 1 1
1890 1 0
1891 1 1
1892 1 1
1893 1 1
1894 1 1
1895 1 0
1896 1 0
1897 1 1
1898 1 0
1899 1 1
1900 1 0
1901 1 0
1902 1 1
1903 1 0
1904 1 0
1905 1 0
1906 1 1
1907 1 1
1908 1 0
1909 1 1
1910 1 1
1911 1 1
1912 1 0
1913 1 0
1914 1 0
1915 1 0
1916 1 0
1917 1 1
1918 1 0
1919 1 0
1920 1 0
1921 1 1
1922 1 1
1923 1 1
1924 1 0
1925 1 1
1926 1 0
1927 1 0
1928 1 0
1929 1 0
1930 1 0
1931 1 1
1932 1 0
1933 1 1
1934 1 1
1935 1 1
1936 1 1
1937 1 1
1938 1 1
1939 1 1
1940 1 1
1941 1 1
1942 1 0
1943 1 1
1944 1 1
1945 1 1
1946 1 1
1947 1 1
1948 1 0
1949 1 1
1950 1 0
1951 1 0
1952 1 1
1953 1 0
1954 1 1
1955 1 1
1956 1 1
1957 1 1
1958 1 1
1959 1 1
1960 1 1
1961 1 0
1962 1 1
1963 1 1
1964 1 0
1965 1 1
1966 1 0
1967 1 1
1968 1 1
1969 1 1
1970 1 1
1971 1 0
1972 1 0
1973 1 1
1974 1 1
1975 1 1
1976 1 0
1977 1 1
1978 1 1
1979 1 0
1980 1 0
1981 1 0
1982 1 0
1983 1 1
1984 1 1
1985 1 1
1986 1 1
1987 1 1
1988 1 0
1989 1 1
1990 1 0
1991 1 1
1992 1 1
1993 1 1
1994 1 0
1995 1 0
1996 1 1
1997 1 0
1998 1 1
1999 1 1
2000 1 1
2001 1 1
2002 1 1
2003 1 0
2004 1 1
2005 1 1
2006 1 1
2007 1 1
2008 1 1
2009 1 1
2010 1 1
2011 1 1
2012 1 1
2013 1 0
2014 1 0
2015 1 0
2016 1 0
2017 1 1
2018 1 0
2019 1 1
2020 1 0
2021 1 0
2022 1 0
2023 1 1
2024 1 0
2025 1 0
2026 1 1
2027 1 0
2028 1 0
2029 1 1
2030 1 0
2031 1 1
2032 1 1
2033 1 1
2034 1 1
2035 1 1
2036 1 0
2037 1 1
2038 1 0
2039 1 1
2040 1 1
2041 1 1
2042 1 0
2043 1 0
2044 1 1
2045 1 1
2046 1 0
2047 1 0
2048 1 0
2049 1 1
2050 1 1
2051 1 1
2052 1 1
2053 1 1
2054 1 1
2055 1 1
2056 1 1
2057 1 1
2058 1 1
2059 1 1
2060 1 1
2061 1 1
2062 1 1
2063 1 0
2064 1 1
2065 1 0
2066 1 0
2067 1 0
2068 1 0
2069 1 0
2070 1 0
2071 1 0
2072 1 0
2073 1 0
2074 1 0
2075 1 0
2076 1 1
2077 1 0
2078 1 1
2079 1 1
2080 1 0
2081 1 1
2082 1 0
2083 1 0
2084 1 1
2085 1 0
2086 1 1
2087 1 1
2088 1 1
2089 1 1
2090 1 1
2091 1 1
2092 1 1
2093 1 1
2094 1 1
2095 1 0
2096 1 1
2097 1 1
2098 1 1
2099 1 0
2100 1 1
2101 1 1
2102 1 1
2103 1 1
2104 1 1
2105 1 1
2106 1 1
2107 1 1
2108 1 1
2109 1 1
2110 1 1
2111 1 1
2112 1 1
2113 1 0
2114 1 1
2115 1 1
2116 1 1
2117 1 1
2118 1 1
2119 1 0
2120 1 0
2121 1 0
2122 1 1
2123 1 1
2124 1 0
2125 1 1
2126 1 1
2127 1 1
2128 1 0
2129 1 0
2130 1 0
2131 1 1
2132 1 1
2133 1 1
2134 1 1
2135 1 1
2136 1 1
2137 1 0
2138 1 1
2139 1 0
2140 1 0
2141 1 1
2142 1 0
2143 1 1
2144 1 1
2145 1 1
2146 1 1
2147 1 1
2148 1 0
2149 1 1
2150 1 1
2151 1 0
2152 1 1
2153 1 0
2154 1 0
2155 1 1
2156 1 1
2157 1 1
2158 1 1
2159 1 1
2160 1 1
2161 1 1
2162 1 1
2163 1 0
2164 1 0
2165 1 0
2166 1 0
2167 1 1
2168 1 0
2169 1 0
2170 1 0
2171 1 1
2172 1 0
2173 1 0
2174 1 1
2175 1 0
2176 1 1
2177 1 1
2178 1 0
2179 1 1
2180 1 1
2181 1 0
2182 1 1
2183 1 1
2184 1 1
2185 1 1
2186 1 1
2187 1 0
2188 1 1
2189 1 0
2190 1 1
2191 1 1
2192 1 1
2193 1 1
2194 1 1
2195 1 1
2196 1 0
2197 1 0
2198 1 0
2199 1 0
2200 1 1
2201 1 1
2202 1 1
2203 1 1
2204 1 1
2205 1 1
2206 1 1
2207 1 1
2208 1 1
2209 1 0
2210 1 1
2211 1 1
2212 1 1
2213 1 0
2214 1 1
2215 1 1
2216 1 0
2217 1 1
2218 1 0
2219 1 0
2220 1 0
2221 1 0
2222 1 0
2223 1 1
2224 1 1
2225 1 0
2226 1 1
2227 1 0
2228 1 1
2229 1 0
2230 1 1
2231 1 0
2232 1 1
2233 1 1
2234 1 1
2235 1 1
2236 1 1
2237 1 1
2238 1 1
2239 1 1
2240 1 1
2241 1 1
2242 1 1
2243 1 1
2244 1 1
2245 1 1
2246 1 0
2247 1 1
2248 1 1
2249 1 0
2250 1 1
2251 1 1
2252 1 1
2253 1 1
2254 1 1
2255 1 0
2256 1 1
2257 1 0
2258 1 1
2259 1 1
2260 1 1
2261 1 1
2262 1 0
2263 1 0
2264 1 1
2265 1 1
2266 1 1
2267 1 1
2268 1 0
2269 1 1
2270 1 1
2271 1 0
2272 1 0
2273 1 0
2274 1 0
2275 1 1
2276 1 1
2277 1 0
2278 1 1
2279 1 1
2280 1 0
2281 1 0
2282 1 0
2283 1 0
2284 1 1
2285 1 1
2286 1 1
2287 1 1
2288 1 0
2289 1 0
2290 1 0
2291 1 0
2292 1 1
2293 1 1
2294 1 0
2295 1 0
2296 1 0
2297 1 0
2298 1 1
2299 1 0
2300 1 0
2301 1 1
2302 1 1
2303 1 1
2304 1 1
2305 1 1
2306 1 1
2307 1 1
2308 1 1
2309 1 0
2310 1 0
2311 1 1
2312 1 1
2313 1 1
2314 1 0
2315 1 1
2316 1 1
2317 1 1
2318 1 1
2319 1 0
2320 1 0
2321 1 1
2322 1 0
2323 1 0
2324 1 0
2325 1 1
2326 1 1
2327 1 1
2328 1 1
2329 1 0
2330 1 0
2331 1 1
2332 1 1
2333 1 1
2334 1 0
2335 1 0
2336 1 1
2337 1 0
2338 1 1
2339 1 0
2340 1 1
2341 1 0
2342 1 1
2343 1 0
2344 1 1
2345 1 1
2346 1 1
2347 1 0
2348 1 1
2349 1 1
2350 1 1
2351 1 1
2352 1 1
2353 1 1
2354 1 1
2355 1 1
2356 1 1
2357 1 1
2358 1 1
2359 1 1
2360 1 1
2361 1 0
2362 1 1
2363 1 0
2364 1 0
2365 1 0
2366 1 1
2367 1 1
2368 1 1
2369 1 1
2370 1 1
2371 1 0
2372 1 1
2373 1 1
2374 1 1
2375 1 1
2376 1 0
2377 1 1
2378 1 0
2379 1 1
2380 1 0
2381 1 0
2382 1 1
2383 1 0
2384 1 0
2385 1 0
2386 1 1
2387 1 1
2388 1 0
2389 1 1
2390 1 1
2391 1 0
2392 1 1
2393 1 0
2394 1 1
2395 1 0
2396 1 0
2397 1 0
2398 1 1
2399 1 0
2400 1 1
2401 1 0
2402 1 1
2403 1 0
2404 1 0
2405 1 1
2406 1 0
2407 1 0
2408 1 1
2409 1 1
2410 1 1
2411 1 1
2412 1 0
2413 1 1
2414 1 1
2415 1 0
2416 1 0
2417 1 0
2418 1 1
2419 1 1
2420 1 1
2421 1 1
2422 1 0
2423 1 1
2424 1 1
2425 1 0
2426 1 1
2427 1 1
2428 1 1
2429 1 1
2430 1 1
2431 1 0
2432 1 1
2433 1 0
2434 1 1
2435 1 0
2436 1 0
2437 1 1
2438 1 0
2439 1 1
2440 1 1
2441 1 1
2442 1 0
2443 1 1
2444 1 1
2445 1 1
2446 1 0
2447 1 1
2448 1 1
2449 1 0
2450 1 1
2451 1 1
2452 1 0
2453 1 0
2454 1 1
2455 1 1
2456 1 0
2457 1 0
2458 1 1
2459 1 0
2460 1 1
2461 1 0
2462 1 1
2463 1 1
2464 1 1
2465 1 1
2466 1 1
2467 1 1
2468 1 1
2469 1 1
2470 1 0
2471 1 1
2472 1 1
2473 1 1
2474 1 1
2475 1 0
2476 1 1
2477 1 1
2478 1 0
2479 1 0
2480 1 0
2481 1 1
2482 1 1
2483 1 1
2484 1 0
2485 1 0
2486 1 1
2487 1 0
2488 1 1
2489 1 0
2490 1 1
2491 1 1
2492 1 0
2493 1 1
2494 1 1
2495 1 0
2496 1 0
2497 1 1
2498 1 1
2499 1 1
