0.204655
0.0617632
0.0995645
0.113473
-0.119197
-0.59327
-0.862332
-0.610918
-0.00231486
0.412317
0.249716
0.246936
-0.409371
-0.202304
-0.0632184
0.209311
0.186234
-0.256638
0.363514
0.333191
0.25844
0.015787
0.194434
-0.29188
-0.155885
0.44854
0.248317
0.0988288
0.257918
0.344839
0.164811
-0.0659677
0.118843
-0.021212
-0.0440991
-0.299737
-0.206325
-0.345464
-0.741731
-0.288091
-0.331723
-0.138815
-0.0563732
-0.0710466
-0.0185555
-0.0853451
-0.449925
-0.447963
-0.00601951
0.539517
0.209701
0.143525
0.500159
0.0923725
-0.437759
-0.393464
-0.41042
0.316671
0.876537
0.729312
0.266259
0.166455
-0.240367
-0.458185
0.0341058
0.410753
0.312579
0.31147
-0.00445852
0.533905
0.215678
0.376978
0.300748
0.225616
0.683794
0.165718
-0.045503
-0.0301809
-0.122655
-0.395183
-0.463757
-0.587184
0.136915
-0.00317562
-0.23744
-0.477484
-0.761241
-0.935063
-1.30095
-0.396308
-0.347717
-0.291186
-0.505882
-0.190302
0.0112966
-0.271711
-0.407725
-0.38013
-0.147368
-0.173719
-0.0498221
0.0749681
0.738797
0.244765
-0.095666
-0.235635
0.0769727
0.0863797
0.401286
0.467888
-0.277251
-0.0319746
-0.314609
-0.0693036
-0.0107987
0.222975
0.272703
0.747296
0.691993
0.800886
0.638048
0.249079
0.196525
0.128619
0.442384
0.470268
0.724056
-0.0471249
-0.207734
-0.378607
-0.603425
-0.369076
-0.159803
0.16898
-0.275671
-0.678234
-0.965163
-1.10797
-1.57306
-1.13973
-0.567965
-0.375504
-0.427785
-0.21457
-0.08147
-0.269258
-0.280847
-0.573154
-0.444379
-0.135955
-0.0394315
0.233559
0.60994
0.175409
-0.745883
-0.631128
-0.112896
0.293553
0.490632
0.371893
0.158366
-0.423792
-0.269385
0.250908
0.0984808
0.353854
0.210676
-0.170885
-0.0634484
0.355615
0.755531
0.339757
0.250487
-0.0362249
0.43828
0.366825
0.713799
-0.073989
-0.225661
-0.638837
-0.863721
0.0984412
0.0680633
-0.00140464
0.0829738
0.180946
-0.376195
-0.236087
-0.993107
-1.09885
-0.600888
-0.738852
-0.899221
-0.909978
-0.0940159
-0.228666
-0.0448582
-0.0855459
-0.119161
-0.171575
0.0442877
-0.239355
0.206475
0.0837932
-0.371555
-0.649965
-0.239373
-0.414538
-0.305149
-0.252105
-0.214078
-0.0715914
-0.007235
-0.0191116
0.068701
0.106345
0.0311968
-0.728064
-0.165498
0.643051
0.6237
0.199914
-0.448528
0.0339873
0.0123576
0.328944
0.684514
0.516589
0.284551
-0.179205
-0.542646
-0.282875
0.223417
0.178079
-0.0740421
-0.0158753
-0.502154
-0.646928
-1.14758
-1.30967
-0.83829
-0.592028
-0.850218
-0.743037
-0.0336446
-0.0228457
0.287395
0.246096
0.115036
0.170499
-0.502515
-0.817593
-0.348972
-0.355195
-0.436557
-0.617632
-0.112562
-0.134586
-0.584999
-0.956387
-0.558342
-0.184709
0.323864
0.143636
-0.17801
0.103837
0.344704
-0.0076615
1.1002
1.54046
1.1628
0.237393
-0.339447
-0.00894187
0.0275729
0.222533
-0.409319
0.12155
0.244323
0.601976
0.524216
0.0502147
0.493132
0.422205
0.260365
-0.178828
-0.589777
-0.453635
-0.60627
-1.05608
-0.740104
-0.854147
-0.99659
0.079074
0.0209044
-0.1696
0.395744
0.50357
0.387729
0.588521
-0.950541
-1.12195
-0.945321
-0.230645
-0.33068
-0.0889001
0.261396
-0.158021
-0.486856
-0.915878
-0.405919
0.0954565
0.227933
0.238577
-0.0912209
-0.138556
0.584483
0.492754
1.1289
1.34205
1.28267
0.72686
0.677949
0.270499
0.312823
0.0923829
0.061029
-0.0760511
0.122932
1.19435
1.19066
1.29758
1.20083
0.442986
0.338053
-0.0319154
-0.324118
-0.237376
-0.200798
-0.743437
-1.12889
-1.08555
-0.737146
-0.114532
-0.170749
-0.07141
0.0373984
-0.327563
-0.121551
0.203153
-0.074036
-0.282
-0.361137
-0.00367524
0.454036
0.445724
1.00482
0.541106
-0.511283
-0.408762
-0.217698
-0.134824
0.700625
0.38051
0.411123
0.360843
0.855745
0.95264
1.38035
1.09217
1.61753
0.975681
0.741302
0.894033
0.281771
-0.0344
0.157017
-0.0631851
0.0212268
1.32259
1.10781
0.795259
0.879864
0.505272
0.620483
-0.120898
-0.203115
-0.340661
-0.737849
-1.10798
-1.04124
-0.920036
0.0527509
0.0534039
0.135977
0.331581
0.36435
-0.321545
-0.152951
0.15624
-0.0365414
-0.25358
-0.391633
-0.581745
-0.149025
0.213505
0.325726
0.326235
-0.480498
-0.480282
-0.255226
0.0985514
0.971731
0.774371
0.633385
0.36954
0.18501
0.607239
0.397493
0.337411
0.760397
0.457696
0.733302
0.290341
0.454563
-0.220808
-0.0886622
-0.0141263
0.404783
0.834912
0.660041
0.261504
-0.0551085
0.501605
0.162059
0.199499
0.0437535
-0.257135
-0.445273
-0.599957
-1.08444
-0.782579
0.188049
-0.0787539
0.596454
0.711622
0.687999
0.0634252
0.0200201
-0.149948
-0.412161
-0.692116
-0.616721
-0.738335
-0.654829
0.01817
0.195985
-0.223904
-0.592751
-0.926099
-1.19807
-0.785247
-0.201455
0.118053
-0.687879
-0.511774
-0.712452
0.320094
0.306341
0.678751
0.511822
0.446262
0.497435
0.703793
0.787816
0.663181
0.787893
0.481618
0.567133
0.418141
0.391895
0.0429306
-0.364656
-0.0687366
-0.33344
-0.461505
-0.0157765
-0.0122617
-0.217995
-0.323333
-0.403918
0.779785
1.67283
1.05745
1.82224
1.34449
1.08587
0.669476
0.268836
0.224449
-0.347262
-1.18655
-1.06737
-0.686341
-0.52626
0.154202
0.398881
-0.694031
-0.719113
-0.785583
-1.069
-1.36414
-1.25484
-0.799123
-1.7058
-1.28092
-0.67213
-0.0458353
0.297115
0.493778
0.230236
0.459958
0.339393
0.354788
0.876654
1.34608
1.43721
1.01491
0.340096
0.229306
-0.154431
-0.144001
-0.599663
-0.175604
0.0119077
0.391513
0.701575
0.260251
-0.207684
0.292917
0.572103
1.38753
1.74075
1.69688
2.281
1.48125
0.985925
0.380848
0.149063
0.196828
-0.141775
-1.16963
-1.49225
-1.31948
-0.565833
-0.238888
0.210555
-0.713915
-0.754881
-0.541098
-0.871226
-1.26862
-0.373993
-0.960943
-1.72072
-1.3095
-1.20202
-0.670389
-0.431366
0.295523
0.29525
0.233736
0.63844
0.245327
0.992357
1.24518
1.18624
0.882709
0.65276
0.45159
0.0714949
-0.0864674
-0.437986
-0.201525
0.679643
1.02679
1.10267
0.88921
0.209725
0.42828
1.19837
1.10534
0.998821
1.33111
1.2362
1.46628
0.903384
-0.0570996
-0.224017
0.0940616
-0.0772758
-0.179921
-0.604421
-1.16281
-0.893534
-0.807234
-0.615711
-1.01169
-1.13496
-1.06118
-0.977832
-1.3327
-1.07912
-0.631121
-1.33414
-1.44455
-0.712817
-0.59702
-0.133463
0.402771
0.689632
0.713786
1.01329
0.944233
1.48394
1.50051
1.07029
0.482202
0.567619
0.577015
0.782372
0.430807
0.00510362
-0.19774
0.505576
1.14431
1.68666
1.25544
0.667667
0.60162
0.977687
0.909374
1.01425
1.28387
1.11589
0.99289
0.720588
-0.506176
-0.435873
-0.291187
0.0534811
-0.314119
-0.456771
-0.8933
-1.57416
-1.45676
-1.18338
-1.29373
-1.70999
-1.99726
-1.69993
-1.61374
-1.59752
-1.14715
-1.24676
-0.772233
-0.549622
-0.1541
-0.290785
0.0512738
0.210504
0.808961
1.67901
1.42727
1.35596
0.830274
0.274262
0.0599519
0.430866
0.289787
0.627648
1.19737
1.00343
0.715629
0.689618
1.22106
1.42304
0.949781
0.664157
0.929184
0.734247
0.557938
1.10725
1.25066
0.260131
0.761161
0.265525
-0.520371
-0.0185531
0.0814326
0.0550474
-0.194266
-0.668843
-0.8536
-1.12634
-1.50911
-1.30379
-0.83073
-1.42247
-2.03107
-1.91381
-2.30074
-1.77701
-1.32935
-0.893724
-0.235326
-0.309267
-0.132355
-0.227725
0.0966716
0.721365
0.736267
1.22471
1.26599
1.15238
0.265077
0.152431
0.261096
-0.0272228
-0.653322
-0.150702
0.586874
0.644895
0.759959
0.930899
1.2848
1.65683
1.49346
0.783064
0.600908
0.215439
0.900996
1.29058
1.02307
0.78147
0.482151
0.640367
0.0935119
0.278863
-0.0599835
-0.0268928
-0.479838
-1.03831
-1.73983
-1.66943
-1.13223
-0.849654
-0.367751
-1.20007
-1.02285
-1.03648
-1.10391
-1.08685
-0.891269
-0.885816
-0.435671
-0.250481
0.154519
-0.115665
0.668564
1.32002
1.65553
1.66448
1.21497
0.749053
0.150861
-0.217788
0.151368
-0.415359
-0.726151
-0.0606353
0.998938
0.947219
1.64255
2.0523
2.21894
2.02619
2.21443
1.47585
0.883209
0.71015
1.36007
2.08614
1.14814
1.08947
0.607358
0.399229
0.133521
0.531209
0.224321
-0.252702
-0.973733
-1.17078
-1.65771
-1.81341
-1.40042
-1.40921
-1.05173
-0.591164
-0.362072
0.400641
-0.480358
-0.100276
-0.488459
-0.721113
-0.286236
-0.194729
0.405511
0.5282
0.591046
1.1144
1.49331
1.68811
1.04939
0.661206
-0.320662
-0.190861
0.176259
-0.25714
-0.170896
-0.0559425
0.493849
1.19872
1.84136
2.41148
2.265
2.90568
2.74627
2.38324
1.34624
1.31781
0.972792
1.3626
0.755644
0.274674
0.13048
0.276814
0.591029
0.50964
0.137215
-0.278541
-1.11347
-1.34224
-1.52916
-1.36548
-1.45604
-1.22546
-0.486818
0.106831
0.240335
0.264005
-0.0601431
-0.0525943
0.337875
0.179597
0.736777
0.69803
0.573131
0.230096
1.12449
1.35931
1.91243
1.4703
1.04243
0.39261
-0.677953
-0.222137
0.330106
-0.261649
-0.0452853
0.428477
0.891838
1.39616
1.41834
2.0588
2.36521
2.48905
2.75756
2.20083
1.52917
1.18737
1.24096
1.10067
0.616762
0.00923985
0.0584059
0.605731
0.182638
0.446983
0.0633015
-0.474248
-0.682067
-0.693378
-0.795489
-1.11936
-1.81422
-1.87263
-0.620318
0.028759
0.806325
0.927196
0.640038
0.812377
0.813357
0.932658
1.06339
1.38895
0.869161
0.451295
0.966701
2.33748
2.0009
1.44421
0.862017
-0.0117271
-0.427923
0.0181686
0.00328709
0.509574
0.16013
0.977326
0.985933
1.58121
1.58883
1.74719
1.9125
1.83006
1.35684
1.02955
1.10672
0.483413
0.483656
1.15466
0.636873
0.422668
0.786784
0.810306
0.567962
0.217084
0.238837
-0.0155914
-0.56103
-0.972199
-1.43012
-1.51655
-1.89343
-1.5391
-0.405715
0.670385
1.73425
1.60721
1.57255
1.14374
0.558377
0.893375
1.38103
1.23823
0.645746
0.436658
1.32431
1.96809
1.62076
1.48648
1.24987
0.377875
-0.115276
0.0960163
0.218327
0.254219
0.339575
0.688552
0.943959
1.29804
1.43712
1.40509
1.64684
1.20701
0.331432
0.430772
0.49523
0.470253
0.422244
0.410251
0.0635174
-0.0327531
0.271333
0.560629
0.749131
-0.0759359
0.304401
0.0860857
-0.46668
-1.21428
-1.2586
-1.3695
-1.17232
-0.388442
-0.064134
0.818903
1.71605
2.00905
1.78171
1.26611
1.1246
0.864008
1.10529
1.59364
0.641657
0.692989
1.15342
1.65694
1.24286
0.650507
0.493704
0.108047
-0.253335
-0.31792
-0.103243
-0.231551
-0.0714793
-0.085251
0.121427
0.944038
1.4825
1.29151
1.29456
0.759727
0.131713
-0.288254
-0.04203
0.360995
-0.208234
-0.473411
-1.13717
-0.286316
0.326482
-0.154331
0.0831305
0.343794
0.250464
-0.197869
-0.918015
-0.973948
-1.02808
-1.13302
-0.249272
0.495799
0.757071
1.13376
1.6279
1.94776
1.95693
1.36244
1.44728
0.752029
1.07977
0.810845
0.227454
0.791859
1.21181
1.46522
0.987644
0.607032
0.175485
-0.0925623
-0.949344
-0.734975
-0.590274
-1.11852
-0.49414
-0.61354
-0.197262
0.274207
1.05124
1.36015
1.16552
0.81735
-0.327397
-0.919463
-0.464693
-0.49313
-0.366318
-0.591853
-0.888138
-0.94648
-0.172812
-0.2182
-0.103457
-0.0279723
0.146094
-0.167999
-1.0072
-1.52021
-1.22663
-0.321618
-0.165688
0.445637
1.40871
1.91072
2.22868
1.91187
1.65861
1.30994
1.04243
0.29959
0.325919
0.754564
0.765131
1.02477
0.726595
0.969485
0.83209
0.330503
-0.106609
-0.31446
-0.527464
-0.31944
-0.0652205
-0.20367
-0.69464
-0.864239
-0.357995
-0.257968
0.40743
0.398104
0.558278
-0.0750409
-1.15461
-0.868527
-0.606983
-0.54932
-0.303726
-0.749507
-1.1079
-0.679051
0.0704858
-0.125678
-0.0456893
-0.517828
0.0161363
-0.319552
-0.796949
-1.28121
-0.525918
0.568303
0.754875
0.986651
1.81593
2.63836
2.61157
2.08884
1.70723
1.41765
1.16782
0.363241
0.567251
0.24463
0.740316
0.90954
0.938178
0.845518
1.28427
0.781947
0.582806
-0.137629
0.0579151
-0.276476
-0.487485
-0.751263
-0.336773
-0.178406
0.032809
0.655924
0.224749
0.171573
-0.312685
-0.781916
-0.764778
-1.40797
-1.33349
-0.787436
-0.332166
-0.97213
-0.471492
0.195638
0.294805
-0.0114919
0.453556
0.102421
0.0533911
-0.432301
-0.515135
-0.811483
-0.812314
-0.300776
0.244004
0.97789
1.77391
2.21116
1.90692
1.22061
0.988938
0.274693
0.420754
0.698176
0.477669
0.136973
0.994726
1.06287
1.298
1.15121
1.66314
0.970663
0.862972
0.595944
1.1283
0.707234
0.371183
-0.34001
0.289575
0.366909
0.201683
0.885581
0.690804
0.415756
-0.367675
-0.579906
-1.28366
-2.12836
-1.40613
-0.814737
-0.851313
-0.334008
0.0513594
0.512119
0.669795
0.0434957
0.826957
-0.122546
-0.0125567
-0.0857291
-0.773006
-0.464553
-1.0125
-0.476145
-0.050787
1.0906
1.14604
0.924971
0.981341
1.14336
0.516797
0.388494
-0.243778
0.359748
0.213243
0.360328
0.986617
0.805344
1.12607
1.2259
1.82689
0.759152
0.916081
1.20289
1.14213
1.04135
0.821627
1.04814
1.06352
0.857363
0.829302
1.01219
1.48301
1.19608
0.822861
0.372751
-0.323529
-0.789291
-0.42342
-0.481573
-0.447035
0.0870601
0.334682
0.431273
0.773013
0.60116
1.15505
0.399091
0.45341
-0.0429752
-0.907138
-0.729553
-0.456911
-0.558582
-0.0500084
1.10324
0.961465
0.787631
0.573324
1.1768
0.31737
-0.0606105
-0.0246506
-0.923546
-1.04199
-0.256524
0.417537
0.529111
1.03894
0.964404
0.939495
0.640327
1.16861
1.35253
1.2237
1.18084
0.618295
0.945923
1.34701
1.50856
1.63504
1.35726
1.54623
0.663422
1.50403
1.54498
0.839689
0.770233
0.696889
0.402852
0.0561343
-0.195672
0.24544
0.468064
0.692795
0.737195
1.3245
0.450924
0.184149
-0.601555
-1.0174
-0.566805
0.094353
0.0802961
0.011615
0.450123
1.12419
0.868033
0.704977
0.164944
-0.0628805
-0.397427
-0.63142
-1.168
-0.86987
-0.291027
0.384214
0.387363
0.691549
0.57394
0.132045
0.349996
0.735705
1.3786
1.56869
1.81199
1.55371
0.954565
1.26661
1.1958
1.35032
1.1747
0.905591
0.75114
1.18369
1.85487
1.42942
1.30107
1.17756
0.760822
0.993805
0.587235
0.357763
0.633115
0.620451
0.673806
0.950308
0.0656739
-0.00162117
-0.494023
-0.590799
-0.372798
-0.121397
0.0355967
0.386485
0.804233
1.03904
0.615174
0.236201
0.631163
0.168725
-0.365482
-0.931396
-0.945824
-0.367079
-0.302354
-0.0412161
0.0166192
0.359982
0.437668
0.417864
0.535536
1.26899
1.64571
1.41218
1.57753
1.98316
1.53021
1.77116
1.66482
0.963341
0.556222
-0.347689
0.585947
0.797175
1.70081
2.08903
1.70974
1.07357
0.995426
1.3378
1.11818
0.417973
0.579536
0.644988
0.654729
0.856771
0.953033
0.447
-0.589527
-0.675514
-0.646557
-0.326284
0.420688
0.64107
0.917458
0.663573
0.48978
-0.146766
-0.591323
0.0560021
-0.627053
-0.93597
-0.628725
-0.495628
-0.373603
-0.452802
0.0104273
0.511715
0.632412
0.500664
0.815252
1.09119
1.3829
0.944576
1.42168
1.69554
1.93504
2.00152
1.419
0.89116
0.697964
-0.154192
0.176411
0.263107
1.184
1.47702
1.37323
0.951958
0.974145
1.68711
1.54392
0.66704
0.57581
0.833274
1.49208
0.98436
0.880261
0.716559
-0.379713
-0.849453
-0.297305
0.0776276
0.816009
1.49815
0.80512
-0.209337
-0.738398
-0.854975
-1.08436
-0.624923
-1.06283
-1.00084
-0.896896
-0.558462
-0.288321
-0.212106
0.0397208
0.71082
0.171077
0.257049
0.236342
0.562238
1.05488
1.26604
0.983096
1.4656
2.27549
1.71961
0.872179
0.316076
0.198004
0.0727553
0.200956
-0.179025
0.564857
1.28129
1.33678
1.03644
0.774227
1.62001
1.95645
1.73209
1.64392
2.03676
1.91657
1.39177
0.625454
0.443892
0.0546459
0.376088
0.176994
0.251991
0.659821
0.890307
0.804647
-0.259786
-0.558167
-0.461033
-0.891024
-1.33967
-1.80084
-1.35481
-1.00316
-0.314083
0.203509
0.0282889
-0.266107
0.398342
0.0881506
-0.0748398
-0.359102
0.136219
0.460457
0.762673
0.683359
1.13071
1.23949
1.04054
0.224823
-0.12718
-0.324315
-0.578201
-0.521746
-0.772237
-0.289742
0.312473
0.97549
1.00877
0.887098
2.02198
2.01772
1.78108
2.49824
2.89108
2.554
1.3979
0.675513
0.494589
0.119399
0.459668
0.288224
0.209093
0.0612054
0.332696
-0.133587
-0.676594
-0.725804
-0.923062
-0.715909
-1.01265
-1.30958
-1.32005
-1.06486
-0.816993
-0.379822
-0.435389
-0.024272
0.551923
0.514583
0.152113
0.541276
0.677998
0.593682
0.869916
0.869702
0.829723
0.481218
0.497224
0.412658
-0.236914
-0.533276
-0.620119
-0.398472
-0.830858
-0.050944
0.162222
0.796968
1.31034
0.910541
1.29272
1.4067
1.22968
2.07272
2.51184
2.0376
0.949555
0.765633
0.359101
-0.264215
0.463347
0.272158
0.105584
-0.0235029
0.380039
-0.306241
-0.604661
-0.528244
-0.998829
-0.419036
-0.753591
-0.785494
-1.39716
-0.747424
-1.18978
-0.751522
0.0326226
0.600999
0.861032
0.70479
0.569771
0.203362
0.795422
0.419679
1.59588
1.06364
0.100175
0.0435073
-0.298843
0.0658127
-0.477622
-0.172248
-0.412577
-0.820866
-1.61305
-0.960745
-0.206415
0.159341
0.286492
0.580028
0.479273
0.568338
0.606202
0.710555
1.04085
0.706838
0.606152
0.732571
-0.0172951
-0.178979
0.271771
0.831418
0.0773919
0.459868
0.839737
0.0725234
-0.515643
-0.668184
-0.603797
-0.394854
0.577041
0.0826489
-0.702523
-0.630772
-0.868094
-1.08629
-0.409107
0.983077
0.489019
0.422705
0.183562
0.551468
0.706564
0.721621
1.30889
0.265659
-0.254292
-0.307962
-0.126692
-0.58846
-0.447452
-0.247479
-0.697812
-1.21001
-1.44274
-1.01803
-0.403804
-0.253707
0.239236
0.486675
0.129169
0.0137832
0.0127984
-0.237063
-0.530405
-0.352285
0.116896
0.229025
0.0870308
0.177012
0.514611
0.894986
0.303966
0.156678
0.601024
0.196005
-0.0065232
-0.154872
-0.750453
-0.835084
0.241189
-0.538805
-0.566342
0.0471458
-0.347013
-0.435707
-0.241349
0.248431
-0.0756614
-0.248601
0.00688865
0.711604
0.505655
0.474452
0.990001
0.0753502
0.449362
0.656299
0.392763
-0.0624693
-0.436646
-0.692967
-0.689285
-1.47016
-2.05071
-1.80527
-1.23424
-0.453016
-0.116858
0.382797
-0.316534
-0.444987
-0.757714
-0.600549
-0.861193
-0.657064
-0.231954
-0.125632
-0.052401
-0.0788966
0.37018
1.06825
0.862512
0.848182
0.748103
0.674929
0.219243
-0.406736
-0.729274
-0.569412
0.320235
0.0974009
-0.50564
0.367025
-0.0363455
-0.691775
-0.846302
0.247319
-0.183573
-0.450357
0.134204
0.516041
0.698513
-0.0457321
-0.35203
-0.0700446
1.16243
0.958032
0.416929
0.807046
0.523079
0.0513721
-0.284818
-1.26957
-1.81359
-1.65169
-1.35462
-0.764803
-0.0353141
0.546373
-0.179144
-0.415176
-0.524296
0.228569
-0.349741
-0.421625
-0.449877
-0.799874
-0.549415
-0.613677
0.00504988
0.702058
0.764701
0.438418
0.0876709
-0.631538
0.0236294
-0.295553
-0.299375
0.0237105
0.265093
-0.371041
-0.605484
0.38016
0.33166
0.394314
0.136923
-0.331349
-0.276004
-0.960441
-0.553332
0.0173718
-0.405887
-0.963375
-1.0523
-0.0376131
0.36279
0.775897
0.326444
1.10396
0.433988
0.524319
-0.0863538
-0.360454
-1.02771
-1.191
-1.15222
-0.757164
-0.484903
0.35925
-0.0779252
-0.101855
0.217088
0.701448
0.92918
0.371467
-0.0862413
-0.503308
-0.52977
-0.45747
-0.0968443
0.889209
1.4891
0.86467
-0.00641921
-0.794109
-0.176553
-0.148191
0.319878
0.742015
0.827364
0.563912
0.0854103
0.62295
0.754492
0.306818
0.299734
-0.418142
-0.922489
-1.6378
-0.84937
-0.490378
-0.923402
-1.26502
-0.97682
-0.695284
-0.00136634
0.44819
0.843776
1.23362
0.613321
0.611573
-0.416645
-0.19278
-0.369616
-0.316959
-0.127478
-0.403951
0.113467
0.315063
0.482806
0.1283
0.340714
0.55005
0.4817
0.101882
-0.244336
-0.367532
-0.326955
-0.597608
-0.851383
0.44106
1.12432
0.689319
-0.0506347
-0.166763
-0.311276
-0.215962
0.334002
0.980345
1.3136
1.04003
0.704106
0.292041
0.840475
0.421444
0.174342
-0.502897
-1.43525
-1.50101
-0.920413
-0.969193
-0.866784
-0.536934
-0.305847
-0.872845
-0.316748
-0.151791
0.0409203
1.09882
0.95112
0.372632
-0.412433
-0.120908
0.262145
-0.142953
-0.155353
-0.0480793
0.0218975
0.125731
-0.242343
0.161279
-0.223455
-0.22719
-0.362298
-0.110389
-0.205105
-0.459185
-0.181967
-0.330915
-0.774453
-0.631054
0.272044
0.437542
0.177341
-0.144212
-0.287676
-0.61931
-0.17871
0.954079
1.21384
1.45698
1.03065
0.773201
0.619774
0.209071
0.438772
-0.559466
-0.883173
-1.58432
-1.28853
-1.15715
-0.646197
0.132793
-0.0209429
-0.0653064
0.379236
0.770901
0.469435
0.724976
1.11188
0.931237
0.0159701
0.420625
0.842459
0.240816
-0.0494145
-0.119792
0.296899
0.606635
0.215102
0.165968
-0.278236
-0.231734
-0.454949
-0.353033
-0.692783
-0.581986
-0.193813
-0.46756
-0.551991
-0.679546
-0.279845
-0.315771
0.0151644
0.151685
0.138593
0.246338
0.22231
0.374101
1.18996
1.64853
1.48114
0.991824
0.797924
0.553159
-0.0421844
-0.95901
-1.5787
-1.24733
-1.40714
-0.58502
-0.216921
0.359062
0.700747
0.954766
0.878671
1.32137
0.445715
0.439778
0.92333
0.89653
0.261957
0.476134
0.633805
0.32878
0.0629025
0.298361
0.188973
0.135378
0.0790597
-0.0776723
-0.502391
-0.917719
-0.679336
-0.493441
-0.745262
-0.96243
-0.126205
-0.654204
-0.183067
-0.218233
-0.431248
-0.30629
-0.0206468
0.230871
0.891657
0.976719
0.583119
0.704272
0.749188
1.15414
0.978332
1.17403
0.786178
0.35699
-0.492339
-0.743441
-0.868214
-1.12737
-1.18334
0.297475
0.570928
0.855938
0.910932
1.05883
0.603638
0.937818
0.681891
0.83971
0.908666
0.943432
0.765403
0.381707
0.639245
0.74079
0.28694
0.665867
0.512448
0.564842
1.02095
0.403358
0.099758
-0.247368
-0.411012
-0.474767
-0.819506
-0.490373
-0.442559
-0.134393
-0.4412
-0.632841
-0.533994
-0.023781
0.158581
0.31585
0.741111
1.17267
0.538365
0.729219
1.18737
0.575643
1.20035
0.990651
1.352
0.599121
-0.103012
-0.0949013
0.0947758
0.0812083
-0.484769
0.294533
0.615979
1.11112
1.36327
1.53568
1.06643
0.869651
0.970818
0.950794
0.793259
1.04793
1.01812
0.88272
0.933442
1.10242
0.892372
0.849096
0.329078
0.684077
0.635838
0.305841
-0.0973381
0.0306655
-0.28538
-0.453863
-0.229592
-0.36317
-0.406629
0.0399973
0.0245077
0.151011
0.00625717
-0.0433354
0.163855
-0.132258
0.6561
0.804496
0.46559
0.702842
1.11806
1.29453
1.57893
1.45509
1.23597
1.32375
0.395977
-0.0275272
-0.481876
-0.183538
0.00390338
-0.173882
0.481003
0.576549
0.500913
1.36138
0.97632
0.851395
1.07578
0.987351
0.968187
1.59562
2.29162
2.04749
1.73987
1.1528
0.995781
0.771057
0.426019
0.548213
0.686442
0.481502
-0.586142
-0.300679
-0.224435
0.192848
0.646925
0.659292
-0.219612
0.612679
0.522521
0.651811
0.0715387
0.240845
-0.0124692
0.0947366
0.415001
0.521007
0.618599
0.554403
0.358984
0.986804
1.34672
1.50226
1.52168
1.6251
0.416257
0.192293
-0.625373
-0.0417693
0.102381
-0.6194
-0.490207
-0.279689
0.53952
0.736091
0.551164
0.40095
0.607417
0.701383
0.559495
1.15675
1.99228
2.14246
1.54866
1.66191
0.916892
0.407307
0.0111982
0.131556
0.609773
0.762957
0.241323
-0.293679
-0.166811
0.113925
0.306981
-0.020616
-0.345333
-0.034413
0.197772
0.228478
0.645117
0.526191
-0.509434
-0.395549
-0.0247249
-0.044729
0.500202
0.465496
0.336207
0.420318
0.191185
0.0137471
0.612424
0.87438
0.409974
0.169036
-0.383002
-0.282421
-0.0662788
0.193926
0.261656
-0.414967
0.289672
0.524605
0.0635194
0.339188
0.264341
0.767042
0.848165
1.10225
1.71334
2.18661
1.41998
1.27035
0.607532
0.623127
0.295007
0.0531266
0.321631
0.613223
0.186816
-0.0774339
-0.188468
-0.29242
-0.185158
-0.226236
-0.0106367
-0.310601
-0.213353
-0.174184
0.164758
0.126363
-0.401741
-0.829063
-0.327919
-0.22723
0.158233
0.245943
0.473086
-0.251404
-0.407972
-0.35557
0.153948
0.310274
0.0677743
-0.0792398
-0.741205
-0.266673
-0.197987
0.271298
0.159214
-0.692336
0.151935
0.548256
0.311271
0.143088
-0.227023
0.521928
0.668564
0.91318
1.73606
1.75676
1.36375
1.11926
0.37105
0.111111
0.147248
0.0273218
0.309115
0.710295
-0.16097
-0.0185386
-0.070648
-0.7556
-1.15173
-0.763141
0.346959
-0.115811
-0.519801
-0.327704
-0.0435999
0.351895
-0.0973795
-0.201281
-0.0149219
-0.336451
-0.446813
0.0969184
-0.341823
-0.662829
-0.709253
-0.258256
0.313206
0.623762
0.0802679
-0.0345165
-0.423241
-0.304968
-0.108017
0.178031
0.11982
-0.704454
-0.225355
0.798349
0.195366
-0.115821
-0.407897
-0.0780914
-0.371405
0.107192
1.06006
1.34821
1.02111
0.249895
-0.0633477
-0.400609
-0.366597
0.391164
0.535824
0.204466
-0.487799
-0.522284
-0.762827
-1.44198
-1.13715
-1.17104
0.522619
-0.11696
-0.00233643
-0.212178
-0.208657
0.185519
0.0768129
0.229449
0.242219
-0.584316
-0.469719
-0.336863
-0.583184
-0.456039
-0.284416
0.317333
0.243069
0.404255
0.118786
-0.0404319
-0.108849
0.058148
0.0884959
0.40015
0.0928869
-0.506757
-0.415662
0.14471
0.478766
-0.130492
-0.115293
-0.6393
0.0778037
0.114687
0.507188
0.564968
0.232482
-0.13169
-0.00529716
-0.267743
-0.352071
0.202486
0.568791
0.216445
0.0298245
-0.143438
-0.326401
-0.779403
-0.376495
-0.681997
0.261262
