0 1 1.324591716
1 1 -1.241726024
2 1 -1.608599008
3 1 -1.532266268
4 1 0.8382693105
5 1 -0.7825838018
6 1 -1.099306756
7 1 0.3666609852
8 1 -1.556261639
9 1 -0.6386941559
10 1 0.2296711077
11 1 -0.5998595385
12 1 -0.5147843341
13 1 -0.4472444343
14 1 -1.042052890
15 1 -0.928485859
16 1 0.5030546843
17 1 0.306370059
18 1 1.498244543
19 1 0.7273352186
20 1 -1.070892165
21 1 0.66921879
22 1 1.122315048
23 1 -1.036999087
24 1 -0.3031372245
25 1 -0.1026841728
26 1 -0.1334643369
27 1 0.515881316
28 1 -0.7792249935
29 1 0.8342168094
30 1 1.195958277
31 1 0.7975494154
32 1 0.5433365093
33 1 0.6191828369
34 1 -0.7004855043
35 1 -0.07271742626
36 1 0.1708400216
37 1 -0.01044829488
38 1 -0.8689281255
39 1 -1.155464840
40 1 -1.933254411
41 1 -1.054084315
42 1 -0.1016313607
43 1 -0.06252846222
44 1 0.5859426518
45 1 1.453524309
46 1 1.411095780
47 1 1.423705902
48 1 -0.4168498161
49 1 -0.7157896144
50 1 0.4586624419
51 1 1.256457412
52 1 -0.06519849989
53 1 -0.608686658
54 1 1.137473318
55 1 -0.2641318254
56 1 -0.008140454897
57 1 0.8866733514
58 1 -1.074241706
59 1 0.9352705976
60 1 0.3274070599
61 1 0.9044774551
62 1 -0.2135642393
63 1 -0.3792709176
64 1 -1.345009015
65 1 0.02299491590
66 1 0.1720299532
67 1 0.9210955898
68 1 2.354202215
69 1 1.552566428
70 1 0.4170936378
71 1 0.8862660633
72 1 0.9608438051
73 1 -0.1825557971
74 1 0.2390581714
75 1 0.806215397
76 1 -0.8783121398
77 1 -0.8272175428
78 1 -0.7651904896
79 1 0.3263002007
80 1 -0.3572241360
81 1 -0.2592893599
82 1 -0.609414182
83 1 -0.2761937160
84 1 -0.1326720841
85 1 -0.8640982555
86 1 -0.7299576418
87 1 0.3863955130
88 1 -0.202967555
89 1 1.160773535
90 1 -0.9624105433
91 1 -1.581051749
92 1 -0.8791878954
93 1 -0.7297690664
94 1 -0.02919553859
95 1 0.7712554844
96 1 -0.5795420327
97 1 2.053738595
98 1 -0.2378021796
99 1 -0.6701734578
100 1 0.8262283547
101 1 0.1579501948
102 1 0.09044634614
103 1 0.598065878
104 1 0.768834229
105 1 0.1773735144
106 1 -0.9293020308
107 1 0.613586203
108 1 1.033809776
109 1 -0.1551085200
110 1 0.949602901
111 1 0.03035932215
112 1 -0.8035985416
113 1 -0.3581981998
114 1 0.7913551456
115 1 -0.1048499062
116 1 0.3955971199
117 1 -0.1561199438
118 1 -0.2520411851
119 1 -0.5833218091
120 1 0.5139465903
121 1 -0.9428499972
122 1 -0.5645290394
123 1 -0.8471824423
124 1 1.932723249
125 1 2.572853233
126 1 1.200822139
127 1 0.3563350515
128 1 0.8132995332
129 1 0.2917382023
130 1 -1.841915368
131 1 -1.981180719
132 1 -1.444014303
133 1 -0.9795605227
134 1 -0.6275774972
135 1 -2.31192783
136 1 -1.520156611
137 1 0.2195393877
138 1 0.934716436
139 1 2.085038955
140 1 1.220459662
141 1 -0.4244462728
142 1 0.02373137118
143 1 1.097275753
144 1 1.460193020
145 1 -0.2288267443
146 1 -1.070024422
147 1 0.1282891278
148 1 -0.2385093202
149 1 1.608195374
150 1 1.920754449
151 1 0.2715309677
152 1 0.3857181074
153 1 -0.3854837391
154 1 1.121113279
155 1 0.2379251857
156 1 -0.9573245865
157 1 0.2900497085
158 1 2.067962175
159 1 -0.6114814209
160 1 -0.3616507593
161 1 -1.030708879
162 1 -0.004934560969
163 1 -0.1369863958
164 1 0.06629119564
165 1 -1.228602706
166 1 1.817144678
167 1 -0.3057917848
168 1 -0.1768385651
169 1 0.3460804917
170 1 0.3816953602
171 1 -0.08373078122
172 1 0.1955304353
173 1 0.2973969694
174 1 1.115960754
175 1 2.894765636
176 1 1.775338685
177 1 2.608692777
178 1 -1.323726461
179 1 1.086836190
180 1 -1.865253438
181 1 -2.778951843
182 1 -2.590631539
183 1 -1.803974876
184 1 -0.9689481856
185 1 -1.140866270
186 1 -0.2038422328
187 1 0.8051024787
188 1 1.633227219
189 1 0.3810614214
190 1 -0.3128901977
191 1 -1.034480956
192 1 -0.1949502357
193 1 -1.480100397
194 1 0.2676541392
195 1 0.4627562378
196 1 -0.3331428966
197 1 -0.69890048
198 1 0.6595718514
199 1 -0.9508034391
200 1 0.1465804804
201 1 0.8350738638
202 1 0.2875147047
203 1 -0.3357355437
204 1 1.345613449
205 1 1.695551193
206 1 0.9044098916
207 1 1.105494994
208 1 0.9895442452
209 1 -0.2373502039
210 1 -1.590429568
211 1 -0.6607680921
212 1 -1.744661002
213 1 -0.1805006673
214 1 0.2860792922
215 1 -0.1226607860
216 1 0.8592432387
217 1 2.329757357
218 1 0.310401896
219 1 1.312987160
220 1 0.4394675565
221 1 0.948019621
222 1 1.175337326
223 1 0.5488448227
224 1 -0.4782700089
225 1 2.424681019
226 1 2.910747531
227 1 1.038796218
228 1 -0.3362401921
229 1 0.3822073893
230 1 -0.3287713055
231 1 -0.5116941808
232 1 -0.09044932094
233 1 -1.283619373
234 1 -0.8493427146
235 1 -1.068113859
236 1 1.044124959
237 1 0.8630408165
238 1 1.750782649
239 1 -0.3011017566
240 1 -0.2289674795
241 1 -2.381085117
242 1 -0.2369016831
243 1 -0.5400047609
244 1 -1.996998765
245 1 -0.09626579129
246 1 -0.930437387
247 1 -0.06315082696
248 1 -0.1751779940
249 1 0.5656835183
250 1 -0.9957649257
251 1 -1.480042677
252 1 -1.204387968
253 1 -1.304108116
254 1 1.993872179
255 1 0.5957929969
256 1 1.106953469
257 1 1.079873150
258 1 0.300156544
259 1 -0.6937211376
260 1 -1.159559659
261 1 0.3871126835
262 1 -0.8715660217
263 1 -1.177913763
264 1 -0.7659641337
265 1 -0.8849098151
266 1 -0.6570601837
267 1 0.4577025262
268 1 -0.5212979323
269 1 -1.374368513
270 1 0.4966839837
271 1 0.3871601424
272 1 0.7112042424
273 1 1.089143934
274 1 -0.628911679
275 1 0.3266761425
276 1 0.9499458213
277 1 1.478702103
278 1 0.4093490883
279 1 -0.3702783055
280 1 -0.5065610415
281 1 -0.6017924272
282 1 -0.6940790356
283 1 0.1264315418
284 1 -0.1752564651
285 1 -1.323564698
286 1 0.9716398411
287 1 0.1372081748
288 1 1.286760921
289 1 1.038280318
290 1 0.6384999341
291 1 -0.9212382983
292 1 -1.431501664
293 1 -0.9878976686
294 1 -1.024422681
295 1 1.347750302
296 1 -0.03389801698
297 1 -0.2447885009
298 1 0.8255759037
299 1 0.2426407221
300 1 -0.01262846698
301 1 -1.100380675
302 1 -1.938815187
303 1 -0.2653479717
304 1 3.314172644
305 1 0.9250601456
306 1 -0.4332740714
307 1 -0.4951472036
308 1 -1.148857494
309 1 -1.307484421
310 1 -0.546158929
311 1 0.00540160652
312 1 -0.9979387247
313 1 -0.8590076033
314 1 1.625077819
315 1 2.169012572
316 1 0.8234716105
317 1 0.5505031742
318 1 -1.516700173
319 1 -1.664146611
320 1 -1.242387209
321 1 -0.6724977329
322 1 0.04941349388
323 1 -1.132250017
324 1 0.4374095631
325 1 1.423747613
326 1 0.8084193153
327 1 0.5260105154
328 1 -1.087841618
329 1 1.618595829
330 1 -0.4463654421
331 1 -0.2229729814
332 1 0.09753295148
333 1 0.5838358909
334 1 1.371931453
335 1 -0.1809162072
336 1 -0.8187610148
337 1 -0.6161464101
338 1 1.780972651
339 1 0.2907013282
340 1 -0.03157878747
341 1 -1.067263746
342 1 -0.1822085189
343 1 -0.4733383253
344 1 -0.805174097
345 1 -1.129330014
346 1 -0.988377528
347 1 -0.2447407932
348 1 0.2118654066
349 1 -1.709323391
350 1 -0.1451772462
351 1 -0.3446254746
352 1 -1.922802235
353 1 -0.002117409543
354 1 1.329017325
355 1 0.2556885005
356 1 -1.221802984
357 1 -1.764866627
358 1 -1.062549287
359 1 0.02911109006
360 1 0.4336020662
361 1 0.1536493824
362 1 -1.418522152
363 1 0.4549965632
364 1 0.8127671761
365 1 -0.1638859858
366 1 2.206069998
367 1 0.94762349
368 1 -1.298085027
369 1 -1.682504025
370 1 -1.017017793
371 1 -1.720986272
372 1 -0.9014859457
373 1 -3.571221721
374 1 -0.1458776314
375 1 0.4629660554
376 1 0.6134535923
377 1 0.4138465824
378 1 0.3770947385
379 1 0.09155892335
380 1 -0.2847107924
381 1 -1.841834545
382 1 -0.8087106506
383 1 -0.1465474176
384 1 0.587629616
385 1 0.2428946628
386 1 1.294464866
387 1 -0.1036953455
388 1 -0.3266293060
389 1 -0.4385705767
390 1 -0.6666951088
391 1 -0.6610806037
392 1 -1.155814911
393 1 -1.344080954
394 1 -2.739377299
395 1 -1.646538110
396 1 -0.879049302
397 1 -1.119655782
398 1 0.2031493152
399 1 -1.256247160
400 1 -0.6157829589
401 1 0.5052479083
402 1 -0.7148265508
403 1 -0.4466117513
404 1 0.6544490206
405 1 0.704628556
406 1 0.5456236114
407 1 -0.5543261454
408 1 0.996605705
409 1 1.811968798
410 1 0.4048248172
411 1 0.3766097552
412 1 -0.947345296
413 1 0.6918442719
414 1 0.469668308
415 1 1.382678313
416 1 -0.09732774759
417 1 0.9012574003
418 1 -0.4069706414
419 1 -1.503410908
420 1 -1.925740149
421 1 -2.283293732
422 1 0.4806802566
423 1 -1.608287025
424 1 1.128782740
425 1 -0.7018778542
426 1 0.6197220302
427 1 -0.927219782
428 1 -1.920619085
429 1 -0.7386951049
430 1 0.410221515
431 1 0.5359941282
432 1 -0.4540919105
433 1 1.63441135
434 1 1.214440309
435 1 -0.1281739317
436 1 -2.060466773
437 1 0.9169764495
438 1 1.145639411
439 1 -0.5265753719
440 1 1.896781040
441 1 3.322453173
442 1 1.798133723
443 1 -1.230073703
444 1 -0.1178315996
445 1 -1.745931260
446 1 -2.032468841
447 1 -0.5713781577
448 1 -1.868031097
449 1 -1.686794502
450 1 -0.3954639778
451 1 -0.4606806805
452 1 0.9354118406
453 1 -0.2766999897
454 1 0.0977128318
455 1 0.3853664665
456 1 1.872049851
457 1 1.278927504
458 1 1.56744832
459 1 0.7486538714
460 1 0.3499235720
461 1 0.2589510028
462 1 0.2899542988
463 1 -0.04649854669
464 1 -0.2216733175
465 1 -0.3372539512
466 1 -0.2405205281
467 1 1.420136661
468 1 1.340068058
469 1 1.419528469
470 1 0.5692336252
471 1 0.28805458
472 1 0.4053202093
473 1 -0.683275404
474 1 0.05445112127
475 1 0.3646191001
476 1 0.5417258449
477 1 -1.639148006
478 1 -1.685006136
479 1 -1.870717381
480 1 -1.832184418
481 1 -0.7446391354
482 1 -0.5269248944
483 1 0.02727116438
484 1 -0.03662803075
485 1 0.524659771
486 1 -0.9826714931
487 1 -0.3716611965
488 1 1.15474602
489 1 -0.03686210098
490 1 1.609726133
491 1 2.438871829
492 1 1.499998849
493 1 0.0240216977
494 1 0.5296685442
495 1 -0.9548281784
496 1 -1.492749616
497 1 -2.338036470
498 1 -0.466652195
499 1 -2.281684186
500 1 -0.1318077689
501 1 0.9692797088
502 1 1.114528871
503 1 0.6004933948
504 1 1.564615491
505 1 1.466994788
506 1 1.264964278
507 1 0.360652464
508 1 0.7772548027
509 1 -0.9878810118
510 1 0.937787794
511 1 1.481931662
512 1 1.131612710
513 1 1.363941119
514 1 0.3219402159
515 1 1.284427684
516 1 1.155512598
517 1 2.076887823
518 1 0.9169068955
519 1 1.477423873
520 1 1.271941376
521 1 0.5969148074
522 1 -0.637523009
523 1 1.682643764
524 1 0.2191410397
525 1 0.8033492392
526 1 -0.7941917399
527 1 -1.587088876
528 1 -1.368091922
529 1 -0.2418683519
530 1 -2.003656862
531 1 0.319940011
532 1 -0.9920779315
533 1 0.4529136487
534 1 -0.1732278389
535 1 0.2165043592
536 1 0.1797232675
537 1 -0.9850287409
538 1 -0.8154575537
539 1 -0.8123972532
540 1 -0.2754391762
541 1 0.9537027067
542 1 2.303633136
543 1 0.3999301596
544 1 0.3993341309
545 1 -1.016740454
546 1 -0.04954959279
547 1 0.7538854873
548 1 0.2962615690
549 1 -0.9956286343
550 1 2.304680372
551 1 1.456653199
552 1 0.6158375422
553 1 0.1993120037
554 1 0.413702863
555 1 0.3768274888
556 1 0.8484248598
557 1 1.118021071
558 1 1.564188999
559 1 -1.784101966
560 1 0.87358954
561 1 0.7162537665
562 1 0.1842553998
563 1 0.8617156106
564 1 -0.4420481635
565 1 -0.3203566556
566 1 0.8522813816
567 1 0.3718260165
568 1 1.329485431
569 1 0.7279836844
570 1 0.4115351962
571 1 -0.9229216743
572 1 -1.681393511
573 1 0.4330213097
574 1 0.0607164686
575 1 0.6667228881
576 1 0.1462652599
577 1 -0.1593427271
578 1 0.3371882338
579 1 0.666035675
580 1 -0.8759124892
581 1 -1.084798800
582 1 -0.782148104
583 1 -0.3145112864
584 1 1.479138911
585 1 0.8908629322
586 1 0.07660624532
587 1 1.377365694
588 1 2.245572806
589 1 2.485227355
590 1 0.4535367987
591 1 0.5652392387
592 1 1.892404806
593 1 0.6684795693
594 1 -1.727653581
595 1 -0.9966320407
596 1 -0.70692532
597 1 -1.291468165
598 1 -0.5522600027
599 1 1.411524343
600 1 1.706781198
601 1 0.1831094363
602 1 -1.001020984
603 1 0.8125465488
604 1 0.1079093054
605 1 -0.1266464699
606 1 0.2873747342
607 1 -0.6124764228
608 1 1.756728660
609 1 0.1531591066
610 1 2.192752825
611 1 0.3697397282
612 1 -1.223452498
613 1 -0.4377775881
614 1 -0.5322535576
615 1 1.408383202
616 1 0.4318285261
617 1 -0.9146485339
618 1 -0.1821973063
619 1 1.349633953
620 1 1.234704633
621 1 1.210329406
622 1 -0.1887700552
623 1 -0.2490100897
624 1 -0.4784499953
625 1 0.05346668282
626 1 0.1392364675
627 1 0.3653023747
628 1 1.094055238
629 1 -0.008467158982
630 1 -0.5252893122
631 1 0.3971602625
632 1 1.865870128
633 1 0.1872002021
634 1 1.034472367
635 1 0.5359729086
636 1 -0.165051515
637 1 0.4504154889
638 1 1.227745491
639 1 2.840993027
640 1 0.8973152532
641 1 0.6026596779
642 1 0.6670502568
643 1 -0.649321425
644 1 -1.013438090
645 1 -0.9435135769
646 1 -1.685605927
647 1 -0.02563627630
648 1 -2.065600908
649 1 -0.6230860926
650 1 1.626044434
651 1 0.3090034845
652 1 -0.3247951573
653 1 0.8599387719
654 1 -0.7074791185
655 1 -0.3938029422
656 1 1.008774355
657 1 -0.2086341786
658 1 1.802294559
659 1 -0.1382113951
660 1 1.146635780
661 1 0.1587511509
662 1 -0.1475033530
663 1 0.2482534958
664 1 -1.628099088
665 1 0.2866373229
666 1 -0.4667545667
667 1 -1.372064778
668 1 -0.04230136181
669 1 1.482993291
670 1 0.6532817081
671 1 0.6004480954
672 1 0.5578870999
673 1 0.1798635287
674 1 1.384251947
675 1 0.6042864198
676 1 0.2233384736
677 1 0.743109106
678 1 0.3054717248
679 1 -1.090542069
680 1 -1.871292928
681 1 -0.1182296009
682 1 1.579191724
683 1 0.4940661004
684 1 -0.2268447597
685 1 0.708936553
686 1 -0.2369646182
687 1 -0.4116782188
688 1 -0.2897854744
689 1 0.710784768
690 1 0.461804453
691 1 -1.923046208
692 1 0.8873401077
693 1 -0.6957929387
694 1 -1.295465549
695 1 -1.620244217
696 1 -1.560081405
697 1 -1.349718035
698 1 -2.444792216
699 1 -1.645953758
700 1 0.9570336512
701 1 0.1646342542
702 1 0.6525342859
703 1 -0.4354842566
704 1 0.4752794418
705 1 -0.05872610631
706 1 0.2068363356
707 1 -1.219026197
708 1 1.415312092
709 1 0.5888194665
710 1 0.4359420181
711 1 0.6971891997
712 1 1.998269097
713 1 2.41959344
714 1 0.6297965939
715 1 -0.5814573097
716 1 -0.5048316705
717 1 -1.710090214
718 1 -1.009575850
719 1 0.2557422004
720 1 -0.06083631556
721 1 0.6197678342
722 1 1.112645496
723 1 0.5160906889
724 1 0.691445297
725 1 1.138172181
726 1 -0.3786413511
727 1 0.5733462665
728 1 0.5729010586
729 1 0.5616265401
730 1 1.035363119
731 1 -0.3274237032
732 1 -0.07600492969
733 1 -0.2473286024
734 1 -0.1643019365
735 1 -0.4981361648
736 1 -0.2598398222
737 1 -0.961154523
738 1 -1.564655741
739 1 0.3408749633
740 1 -0.1812618647
741 1 0.2329276199
742 1 0.7502169254
743 1 0.5801053762
744 1 -0.5170517863
745 1 -1.071287313
746 1 -0.3905072312
747 1 -0.5576454899
748 1 -0.09414173712
749 1 0.2525294748
750 1 0.7824944716
751 1 1.078729871
752 1 0.831632389
753 1 0.1635587880
754 1 1.065172980
755 1 -0.3265488069
756 1 0.3164227444
757 1 1.501710414
758 1 0.2773662513
759 1 1.084090081
760 1 -0.1206505135
761 1 0.07670221582
762 1 -0.984912979
763 1 -0.1274750637
764 1 0.5879563804
765 1 0.3249386047
766 1 -0.003098395241
767 1 -1.030663292
768 1 -0.096274163
769 1 -0.8825208963
770 1 -0.3069983258
771 1 -1.490578501
772 1 -1.497668002
773 1 -0.936008844
774 1 0.5814979634
775 1 -0.3413834334
776 1 -1.192722809
777 1 1.538712829
778 1 0.2303633632
779 1 0.8527964703
780 1 -0.4589223028
781 1 -0.41236644
782 1 -1.106083238
783 1 0.9854492214
784 1 0.3713524963
785 1 -0.4353678352
786 1 -0.2433975084
787 1 -1.51550553
788 1 -1.093525689
789 1 0.1119815362
790 1 0.8239619322
791 1 0.947578608
792 1 -0.2113653437
793 1 -1.270065661
794 1 -1.290787730
795 1 -0.2925008964
796 1 0.7094204524
797 1 0.6441940159
798 1 0.02685119496
799 1 -0.2382295699
800 1 0.756169638
801 1 1.056718664
802 1 0.788786993
803 1 0.119749412
804 1 1.882987426
805 1 1.365747754
806 1 -1.229302001
807 1 -0.8011987911
808 1 0.2025404936
809 1 -0.7346366382
810 1 -0.7103597337
811 1 -0.3399723909
812 1 0.1828376636
813 1 -1.763203346
814 1 0.9107535812
815 1 0.9690454223
816 1 0.4054150792
817 1 0.4315398069
818 1 -0.9328583059
819 1 -1.644365050
820 1 -2.022785115
821 1 0.6648460526
822 1 0.4367271301
823 1 -1.379803402
824 1 -0.4313204305
825 1 -0.899300004
826 1 -1.852070279
827 1 0.2290101895
828 1 -0.08218587168
829 1 0.6962945024
830 1 0.5020816496
831 1 0.4123561141
832 1 0.8975513927
833 1 0.6801353792
834 1 1.223977597
835 1 0.9698204694
836 1 -0.02558714329
837 1 -2.993650791
838 1 -0.8957426869
839 1 -0.8205267835
840 1 0.1713162842
841 1 1.996418047
842 1 0.2259627029
843 1 -0.9439480534
844 1 -0.3417119129
845 1 -0.3168873050
846 1 1.555019021
847 1 1.617436166
848 1 0.1395160116
849 1 -1.282329133
850 1 0.4710743558
851 1 1.242887186
852 1 2.619452992
853 1 1.176145901
854 1 0.4663672735
855 1 1.860921887
856 1 3.008658727
857 1 0.6099836923
858 1 -0.3396736841
859 1 0.6893219874
860 1 0.6671743075
861 1 -0.7455715406
862 1 0.4212470224
863 1 0.2641697532
864 1 -0.1256762431
865 1 0.08127691513
866 1 1.714024713
867 1 1.437301598
868 1 1.675517331
869 1 0.3331789645
870 1 -1.945277694
871 1 -1.079464633
872 1 -0.656472762
873 1 -1.115705861
874 1 -0.3418417521
875 1 0.02102878591
876 1 0.4933177108
877 1 1.489332508
878 1 0.7353995878
879 1 0.7566844475
880 1 0.7453481624
881 1 -0.2576031950
882 1 0.6351278664
883 1 1.211249397
884 1 1.253993784
885 1 1.452941818
886 1 1.313062711
887 1 -0.1783052871
888 1 1.24863585
889 1 0.6194595817
890 1 -0.5661885362
891 1 1.690010737
892 1 0.2104063956
893 1 -0.1935697496
894 1 -1.436680560
895 1 0.9777886707
896 1 -0.06494541288
897 1 0.09321123615
898 1 -0.4694523309
899 1 -0.5100029264
900 1 0.830587091
901 1 1.581243131
902 1 1.6961717
903 1 -0.3877096618
904 1 0.6672330245
905 1 0.2858443161
906 1 0.2540308357
907 1 1.388676308
908 1 0.9407246115
909 1 1.341861899
910 1 2.277127139
911 1 1.164087853
912 1 2.007237812
913 1 0.4149135149
914 1 2.407372697
915 1 1.714977708
916 1 1.395310564
917 1 1.163066447
918 1 0.1308058026
919 1 0.4939197774
920 1 -0.1673043653
921 1 0.3062044409
922 1 1.539139294
923 1 -0.9379053645
924 1 0.7344961792
925 1 1.660513752
926 1 1.103730648
927 1 0.09782166344
928 1 1.107028710
929 1 0.5318634017
930 1 1.767849698
931 1 -0.8257317906
932 1 -0.7102429875
933 1 -0.7317702377
934 1 1.256655169
935 1 0.1026089246
936 1 0.2252688335
937 1 -0.7428451509
938 1 0.8789494047
939 1 1.028463064
940 1 -0.6138938247
941 1 1.948582127
942 1 -0.0670176991
943 1 0.8766499388
944 1 -0.2120826371
945 1 -0.8954326296
946 1 0.1263185830
947 1 0.2395845843
948 1 -0.8086218772
949 1 -0.9507805462
950 1 0.5147840781
951 1 1.397677914
952 1 0.6474831425
953 1 0.587519708
954 1 1.945386903
955 1 0.3305703116
956 1 0.9838473007
957 1 0.6893555408
958 1 -0.8048960264
959 1 -0.2231900343
960 1 0.3846026690
961 1 0.393762307
962 1 1.811403281
963 1 1.09885043
964 1 1.319311212
965 1 1.777500772
966 1 -1.030510282
967 1 -0.3720991676
968 1 2.372762671
969 1 -0.5309914833
970 1 -0.5444705807
971 1 -0.03219027205
972 1 1.429156645
973 1 -0.1638006052
974 1 0.9894691113
975 1 1.581528112
976 1 1.468603627
977 1 -0.3051350046
978 1 -0.0347722997
979 1 0.4806621844
980 1 -0.5159477263
981 1 -0.7419590099
982 1 1.066103966
983 1 0.5955778729
984 1 0.009649863367
985 1 0.1385973497
986 1 -0.93918328
987 1 -0.4528377776
988 1 1.284452637
989 1 1.852498724
990 1 1.439927327
991 1 2.357580518
992 1 1.458101746
993 1 -0.3072342946
994 1 -0.6568283667
995 1 -1.164553046
996 1 1.217371129
997 1 -0.2510292399
998 1 -0.9809337344
999 1 -1.954207051
1000 1 -1.483538366
1001 1 -0.2017445150
1002 1 0.6480099883
1003 1 -0.5015813597
1004 1 2.198313629
1005 1 1.561534266
1006 1 0.2408543566
1007 1 1.395222565
1008 1 0.5763508989
1009 1 1.014471043
1010 1 0.2834949561
1011 1 0.7506098862
1012 1 0.4109239701
1013 1 -0.5796527451
1014 1 0.06112918856
1015 1 0.6820192224
1016 1 -0.08886992649
1017 1 1.138349652
1018 1 -0.6612772852
1019 1 -1.852705884
1020 1 -0.2071990077
1021 1 1.111056790
1022 1 0.9368620496
1023 1 0.7084960797
1024 1 0.7029191449
1025 1 0.5500074335
1026 1 0.908145784
1027 1 -0.9790737263
1028 1 -1.488122456
1029 1 -0.2089530747
1030 1 0.5914305611
1031 1 -1.041467773
1032 1 1.156539525
1033 1 -0.03635251607
1034 1 -0.3310523680
1035 1 -1.717430034
1036 1 0.03781835858
1037 1 -1.417412978
1038 1 0.2868488756
1039 1 -0.1186221809
1040 1 -1.183907300
1041 1 -0.09957477498
1042 1 -0.4098690606
1043 1 -1.027061420
1044 1 -0.9155779735
1045 1 0.2591073727
1046 1 -1.267132253
1047 1 -0.1919118529
1048 1 -0.797869417
1049 1 0.2184984000
1050 1 0.7529809002
1051 1 0.7390484885
1052 1 0.6400363419
1053 1 -0.1617604947
1054 1 2.088095993
1055 1 0.5970090824
1056 1 2.023610302
1057 1 3.229792919
1058 1 0.4586115714
1059 1 0.1283168180
1060 1 0.04482934469
1061 1 -1.490755092
1062 1 -0.3009615959
1063 1 0.671133423
1064 1 0.5561126353
1065 1 -0.4120315123
1066 1 -0.2264190731
1067 1 0.5524263942
1068 1 0.7846426579
1069 1 0.1020550963
1070 1 0.04391443685
1071 1 -0.05901452922
1072 1 1.042555404
1073 1 0.869091138
1074 1 2.194135633
1075 1 0.548698228
1076 1 -0.9396771848
1077 1 -0.946366342
1078 1 -1.801249742
1079 1 -0.4282998718
1080 1 1.122286882
1081 1 1.224434911
1082 1 -0.2556560973
1083 1 0.6916313215
1084 1 -0.08325324658
1085 1 0.5526490975
1086 1 -1.272513694
1087 1 -2.017620738
1088 1 -0.6010983682
1089 1 -0.07286717514
1090 1 -0.2769616481
1091 1 -0.9165634843
1092 1 -0.09551187838
1093 1 1.228974417
1094 1 0.5545237502
1095 1 0.79328953
1096 1 -0.08051046627
1097 1 0.4598140053
1098 1 -0.4819641605
1099 1 -0.3179140334
1100 1 -0.4373193642
1101 1 0.02148498121
1102 1 1.517071778
1103 1 0.3629390881
1104 1 0.8809785633
1105 1 0.1661709568
1106 1 1.054928197
1107 1 0.01568397101
1108 1 0.2465759140
1109 1 -0.3642925383
1110 1 0.6302342295
1111 1 -0.2012110725
1112 1 1.328254230
1113 1 0.2658832360
1114 1 0.274262594
1115 1 -2.298395794
1116 1 -1.573357265
1117 1 0.580579346
1118 1 1.61290052
1119 1 1.451899179
1120 1 0.04404033203
1121 1 0.4799134996
1122 1 0.689752934
1123 1 0.2142583647
1124 1 0.8809015977
1125 1 2.520753268
1126 1 1.152343790
1127 1 0.21789576
1128 1 -2.080591329
1129 1 0.4535218802
1130 1 1.246383790
1131 1 0.3988238641
1132 1 -0.4994266484
1133 1 -0.09738429203
1134 1 -1.709258165
1135 1 -0.9860975951
1136 1 -1.146277605
1137 1 -1.950899559
1138 1 -0.957631644
1139 1 -0.490560923
1140 1 0.2876004777
1141 1 0.9829465933
1142 1 1.048520892
1143 1 0.9821519128
1144 1 1.548231449
1145 1 -0.07944991493
1146 1 1.05781927
1147 1 0.3284298347
1148 1 -0.06766042057
1149 1 -0.7801347766
1150 1 -0.6108767534
1151 1 -0.5223976337
1152 1 1.170130709
1153 1 0.4802411176
1154 1 0.2587681236
1155 1 -0.3057816524
1156 1 1.375106335
1157 1 -1.131010623
1158 1 0.1706163169
1159 1 -0.4854772217
1160 1 -1.648897925
1161 1 1.808066998
1162 1 1.15735792
1163 1 -0.649091992
1164 1 -1.288282982
1165 1 -1.733365088
1166 1 -2.727387873
1167 1 0.8430236363
1168 1 2.229369781
1169 1 2.241163547
1170 1 0.8033281984
1171 1 -0.3056289154
1172 1 0.1545543474
1173 1 0.6223914612
1174 1 0.6429675166
1175 1 1.185758496
1176 1 0.7187747604
1177 1 2.429722375
1178 1 0.7475631147
1179 1 2.012697222
1180 1 1.192810673
1181 1 0.5712078169
1182 1 0.1129663311
1183 1 -0.4400029114
1184 1 -0.4672976653
1185 1 -0.3490513414
1186 1 0.338868875
1187 1 0.5858075331
1188 1 -0.5059720089
1189 1 -1.257894685
1190 1 -0.8312491382
1191 1 0.713656891
1192 1 1.641457543
1193 1 1.00242191
1194 1 0.3607155878
1195 1 1.379418087
1196 1 1.281650809
1197 1 0.9439223001
1198 1 -0.2287063418
1199 1 -0.006633499666
1200 1 -0.09244955794
1201 1 -0.1708948001
1202 1 0.4974819979
1203 1 0.1172636596
1204 1 -1.078648730
1205 1 -0.6306692852
1206 1 1.171479414
1207 1 -0.4355183155
1208 1 -1.016850478
1209 1 -0.072893854
1210 1 -0.5964494822
1211 1 0.3925571139
1212 1 1.252590497
1213 1 0.4929463221
1214 1 -2.701205809
1215 1 -2.343698818
1216 1 -1.96677035
1217 1 0.07272100967
1218 1 0.3115196997
1219 1 0.2835239206
1220 1 1.362971700
1221 1 0.9066685413
1222 1 -0.1210719626
1223 1 0.638515022
1224 1 1.069790469
1225 1 -0.3357398517
1226 1 1.115487401
1227 1 0.6823055471
1228 1 1.303576978
1229 1 1.479067407
1230 1 1.110993317
1231 1 -1.501044132
1232 1 -1.723508732
1233 1 0.1002487605
1234 1 0.4697176345
1235 1 0.6955180398
1236 1 -0.8119449597
1237 1 -1.242575328
1238 1 0.2453869643
1239 1 0.4010263032
1240 1 -0.5257885416
1241 1 0.5067224802
1242 1 1.118894593
1243 1 1.000379452
1244 1 0.911089604
1245 1 0.9339984946
1246 1 1.129043691
1247 1 0.9746687105
1248 1 -2.022604486
1249 1 -0.7466035037
1250 1 1.459810583
1251 1 -1.397713632
1252 1 -0.1408536342
1253 1 0.5306744441
1254 1 -0.955197794
1255 1 -1.591944140
1256 1 -0.1670048245
1257 1 0.6143484801
1258 1 -0.1485988379
1259 1 1.437856864
1260 1 0.2400834726
1261 1 0.8955869881
1262 1 -0.1161513449
1263 1 -1.855548266
1264 1 -2.30369159
1265 1 -1.520204265
1266 1 -1.174464481
1267 1 0.8554902603
1268 1 -0.5429371999
1269 1 -0.2666525284
1270 1 -0.3034963781
1271 1 0.3261095855
1272 1 0.3990028848
1273 1 0.3486863166
1274 1 1.160805721
1275 1 0.4918320908
1276 1 0.7560191166
1277 1 -0.2973508344
1278 1 1.367410248
1279 1 0.6609109075
1280 1 -0.4279482212
1281 1 -1.208999289
1282 1 -0.9325004103
1283 1 -0.1084443657
1284 1 0.8885652702
1285 1 0.0345980227
1286 1 -0.4805340758
1287 1 -0.6052431436
1288 1 -0.1286540077
1289 1 -1.252924037
1290 1 -2.483677729
1291 1 0.7285651452
1292 1 0.4625132559
1293 1 -1.667457895
1294 1 -0.05144591781
1295 1 0.4140277531
1296 1 0.5757392621
1297 1 -1.364605529
1298 1 0.1378491248
1299 1 1.131502309
1300 1 0.666030903
1301 1 -0.1073842102
1302 1 0.7062050931
1303 1 1.914410862
1304 1 0.8972472005
1305 1 -0.3489658685
1306 1 0.77370868
1307 1 0.455125171
1308 1 0.04056882838
1309 1 -0.4769522042
1310 1 0.2745221107
1311 1 0.3329784226
1312 1 -0.244188497
1313 1 -0.04997783418
1314 1 -1.144119983
1315 1 -1.464645759
1316 1 -1.845226257
1317 1 -0.4213022532
1318 1 -0.9543529162
1319 1 -0.09841158074
1320 1 0.7950061865
1321 1 1.045304797
1322 1 1.138590010
1323 1 -0.7072817985
1324 1 0.5608651563
1325 1 1.575795202
1326 1 1.561890052
1327 1 -1.139079067
1328 1 1.313457077
1329 1 -0.1140920718
1330 1 0.01068365888
1331 1 -0.7422678476
1332 1 -0.8070571918
1333 1 -0.416369613
1334 1 -0.5798982027
1335 1 0.2654184445
1336 1 -0.4924004499
1337 1 -0.9031292917
1338 1 0.7255179373
1339 1 -1.221461643
1340 1 -0.4268141802
1341 1 0.07669298323
1342 1 3.096248664
1343 1 0.3136511159
1344 1 1.773220911
1345 1 1.140747460
1346 1 -0.9090357499
1347 1 0.04745875661
1348 1 0.1377178952
1349 1 0.8607598106
1350 1 -0.4376518246
1351 1 -1.457537827
1352 1 -0.09783344882
1353 1 0.9616419357
1354 1 2.062232201
1355 1 0.2316836126
1356 1 0.6892838754
1357 1 0.7306056207
1358 1 -0.551600321
1359 1 0.467869277
1360 1 0.4173558695
1361 1 0.5888955885
1362 1 0.7943366804
1363 1 0.1963189032
1364 1 -0.2691359224
1365 1 -0.2014545537
1366 1 0.487281256
1367 1 -1.733571086
1368 1 0.1629638650
1369 1 0.3020038536
1370 1 0.7072012107
1371 1 -1.612272566
1372 1 -0.8265587312
1373 1 -1.488705964
1374 1 0.07420945339
1375 1 0.9969511126
1376 1 0.08717931202
1377 1 -0.865947494
1378 1 0.2480825932
1379 1 -2.101676114
1380 1 0.2983690465
1381 1 -0.678562761
1382 1 -0.6819066519
1383 1 -0.04990325362
1384 1 0.7199356131
1385 1 0.4119136817
1386 1 -0.5499899734
1387 1 0.5182635866
1388 1 0.2564457553
1389 1 -0.738984517
1390 1 -1.303245025
1391 1 0.365031376
1392 1 1.870834367
1393 1 0.3687213408
1394 1 2.148885735
1395 1 0.5578147076
1396 1 -1.094437147
1397 1 0.2259067897
1398 1 0.9588393985
1399 1 1.341790299
1400 1 -0.8952865792
1401 1 0.3062455077
1402 1 0.5821386639
1403 1 -1.882765996
1404 1 -1.133396005
1405 1 -0.765828685
1406 1 -0.1151557598
1407 1 1.796978085
1408 1 0.8003735978
1409 1 1.327375548
1410 1 0.5584240592
1411 1 0.4224700044
1412 1 1.114196179
1413 1 0.06090692894
1414 1 -0.5629697085
1415 1 -0.3983871409
1416 1 -0.5942050974
1417 1 -0.2186064499
1418 1 0.0644803779
1419 1 0.4294538467
1420 1 0.08268372048
1421 1 -0.6268197461
1422 1 -1.305775869
1423 1 -1.826688748
1424 1 -1.119273033
1425 1 0.3003068402
1426 1 0.8582015167
1427 1 -0.2496466616
1428 1 1.072381973
1429 1 -1.222860834
1430 1 -0.4264697965
1431 1 0.3956020895
1432 1 0.1158553406
1433 1 0.1983005131
1434 1 0.3012149891
1435 1 0.4346400697
1436 1 0.1224625448
1437 1 -0.49578464
1438 1 -0.586639964
1439 1 0.3495003021
1440 1 -1.671954729
1441 1 -0.07985215743
1442 1 1.722305580
1443 1 0.1403505932
1444 1 0.3871552019
1445 1 0.6724543626
1446 1 -0.91317104
1447 1 0.587322575
1448 1 1.416749089
1449 1 0.4816410945
1450 1 0.2404385297
1451 1 1.272282374
1452 1 0.4840814613
1453 1 -1.509110299
1454 1 -2.91751042
1455 1 -1.258703741
1456 1 1.118991487
1457 1 -0.09633142755
1458 1 0.649175323
1459 1 0.5824543197
1460 1 -0.6018874626
1461 1 0.2288891899
1462 1 -1.395659038
1463 1 -0.03221258378
1464 1 0.01366360238
1465 1 -0.2661748705
1466 1 -1.575543075
1467 1 -1.467833198
1468 1 -1.250632262
1469 1 0.802341547
1470 1 1.842459260
1471 1 0.7011250355
1472 1 -0.7480198843
1473 1 -0.8194711074
1474 1 -0.7425765598
1475 1 -0.4270328831
1476 1 0.6937105617
1477 1 1.253523596
1478 1 1.87516633
1479 1 1.991691960
1480 1 1.271856796
1481 1 1.578715151
1482 1 0.9728663984
1483 1 0.1411450661
1484 1 0.2489265311
1485 1 0.5508856581
1486 1 0.9154990059
1487 1 0.1584360943
1488 1 -0.1612913097
1489 1 1.5529034
1490 1 -0.4470923443
1491 1 0.134578398
1492 1 1.468833631
1493 1 -1.383741493
1494 1 -1.705819296
1495 1 -0.941501416
1496 1 0.4171728783
1497 1 1.072724667
1498 1 1.590026876
1499 1 -0.05827398353
1500 1 -0.5238875884
1501 1 1.506120175
1502 1 -0.3567679797
1503 1 -0.43474048
1504 1 0.3637872950
1505 1 -1.096424843
1506 1 -0.182183166
1507 1 0.8587016591
1508 1 -0.791665036
1509 1 -0.281627253
1510 1 -1.442233796
1511 1 0.2827214082
1512 1 -1.439638338
1513 1 -0.6773606295
1514 1 -0.04192333414
1515 1 -0.7603060539
1516 1 -1.774079848
1517 1 -0.5442230694
1518 1 -0.8358345423
1519 1 0.3814305364
1520 1 0.8750200394
1521 1 0.6543240361
1522 1 0.2549631575
1523 1 -1.677006815
1524 1 -0.8737719243
1525 1 -1.106652371
1526 1 0.9450994609
1527 1 1.905398051
1528 1 1.740263753
1529 1 2.747619738
1530 1 2.403146860
1531 1 1.049028553
1532 1 -2.477755834
1533 1 0.1766679772
1534 1 -0.0894182681
1535 1 0.650956898
1536 1 -0.1180615061
1537 1 -1.025422286
1538 1 0.2846285158
1539 1 0.9594272332
1540 1 0.1889799820
1541 1 -0.4591335662
1542 1 -1.458330234
1543 1 -0.462655088
1544 1 -1.935549185
1545 1 -0.4690872037
1546 1 0.3771020389
1547 1 0.6529139832
1548 1 0.1352873384
1549 1 -0.3490665521
1550 1 1.086303431
1551 1 2.490291452
1552 1 0.830079681
1553 1 0.7447871781
1554 1 -0.09297250804
1555 1 0.09011015537
1556 1 -0.5766650856
1557 1 -1.082209285
1558 1 0.1293528735
1559 1 0.1771996410
1560 1 0.2462362254
1561 1 -1.072846181
1562 1 -0.5557378701
1563 1 -1.703244023
1564 1 0.7914056115
1565 1 0.4048665602
1566 1 -3.143487741
1567 1 -0.4899678475
1568 1 -0.3516669043
1569 1 0.01148186690
1570 1 -0.835332218
1571 1 1.386694429
1572 1 0.7649612281
1573 1 0.05177210364
1574 1 0.8138796889
1575 1 -1.477569851
1576 1 1.235135103
1577 1 2.149874284
1578 1 2.258709470
1579 1 0.9070835096
1580 1 1.250838066
1581 1 1.109654087
1582 1 -0.2313112793
1583 1 -1.052022710
1584 1 -0.5743293589
1585 1 -0.3031602242
1586 1 0.1611926868
1587 1 2.490371395
1588 1 2.081600532
1589 1 1.079059165
1590 1 -0.2689503593
1591 1 -2.051386030
1592 1 -1.288845013
1593 1 -1.2300888
1594 1 -1.971026562
1595 1 -1.290890012
1596 1 -1.880274931
1597 1 -0.6943329088
1598 1 -0.3205625508
1599 1 1.611688153
1600 1 0.3115367038
1601 1 0.3156139389
1602 1 1.78724262
1603 1 0.7739398676
1604 1 -0.965319484
1605 1 0.2987406918
1606 1 -1.113364773
1607 1 -1.087544832
1608 1 1.121259141
1609 1 0.1849850894
1610 1 -0.25756068
1611 1 0.456683509
1612 1 1.232826307
1613 1 -0.5865366499
1614 1 -1.260748169
1615 1 0.8239009743
1616 1 -1.048629611
1617 1 0.7347550126
1618 1 1.495026059
1619 1 0.06454983514
1620 1 -0.4655447971
1621 1 -1.397798443
1622 1 -0.4433364511
1623 1 -0.3204109045
1624 1 0.301929966
1625 1 1.023288989
1626 1 1.278654162
1627 1 0.06077120826
1628 1 0.8651291037
1629 1 -1.768524102
1630 1 -0.004955500673
1631 1 1.373402050
1632 1 -0.5687217224
1633 1 0.6314572403
1634 1 1.283399342
1635 1 0.1635571756
1636 1 0.873890555
1637 1 1.722168651
1638 1 2.044367684
1639 1 0.8431209907
1640 1 0.01178961631
1641 1 0.2552937737
1642 1 -1.814293614
1643 1 -1.523237062
1644 1 -1.620758785
1645 1 -2.833111906
1646 1 -2.296501808
1647 1 -0.6177037964
1648 1 0.02469612640
1649 1 1.683128575
1650 1 0.9330458345
1651 1 -0.7091694093
1652 1 1.834179344
1653 1 2.497625118
1654 1 0.9313262126
1655 1 0.1730507965
1656 1 0.8800429112
1657 1 -0.7265970238
1658 1 -0.6870293866
1659 1 -1.194351701
1660 1 -1.487932046
1661 1 -0.6043962444
1662 1 -0.1401307534
1663 1 -0.1813425353
1664 1 -0.2545289135
1665 1 0.715202019
1666 1 -0.2368502063
1667 1 -1.484539817
1668 1 -0.743329926
1669 1 0.8554050132
1670 1 0.1122503436
1671 1 0.8932208014
1672 1 -0.3181644082
1673 1 0.3410594712
1674 1 -1.539179654
1675 1 -0.04312249773
1676 1 0.8119748703
1677 1 -0.1125908101
1678 1 -0.596102352
1679 1 -1.235082143
1680 1 -2.015055167
1681 1 -0.8896389215
1682 1 -1.463504802
1683 1 0.2162836758
1684 1 0.6180553378
1685 1 -1.567180311
1686 1 -0.80337339
1687 1 0.5975466524
1688 1 1.862872108
1689 1 1.383242209
1690 1 0.4144490583
1691 1 0.5056903901
1692 1 -1.121002947
1693 1 -1.431192623
1694 1 -0.9920280223
1695 1 -1.686690996
1696 1 -1.261935044
1697 1 -0.02783365754
1698 1 2.116396672
1699 1 1.164232872
1700 1 0.1645004154
1701 1 -1.910753183
1702 1 0.9972263182
1703 1 3.431511913
1704 1 2.549414192
1705 1 0.05874752189
1706 1 0.4426205912
1707 1 -1.74954859
1708 1 -0.4899132125
1709 1 -0.7384323341
1710 1 1.034114785
1711 1 2.020109615
1712 1 0.3382259449
1713 1 0.6963087534
1714 1 1.441961999
1715 1 0.4783803622
1716 1 0.1001371518
1717 1 0.4154734819
1718 1 1.244678301
1719 1 1.076407018
1720 1 -0.4284442109
1721 1 -1.115110496
1722 1 0.3132302778
1723 1 1.387153529
1724 1 -0.7744504848
1725 1 -0.9786797934
1726 1 0.5623425328
1727 1 0.09598210131
1728 1 0.00884669654
1729 1 1.657260575
1730 1 1.078377301
1731 1 0.8250186556
1732 1 0.00494977301
1733 1 -0.3032891862
1734 1 -0.3688926062
1735 1 -0.3766700192
1736 1 0.446233929
1737 1 -1.355756655
1738 1 0.1409947625
1739 1 2.284242419
1740 1 1.169828307
1741 1 1.452651327
1742 1 -0.1356597499
1743 1 -2.167690565
1744 1 -2.644158131
1745 1 -3.012188342
1746 1 -2.113863116
1747 1 0.6727904346
1748 1 1.422988458
1749 1 1.181925104
1750 1 0.1344840678
1751 1 -0.8957774146
1752 1 0.3343082959
1753 1 0.6193648314
1754 1 0.8641783564
1755 1 1.251621739
1756 1 1.085662240
1757 1 -0.4265997032
1758 1 -0.4758199389
1759 1 -0.1940694030
1760 1 0.3320786307
1761 1 0.399848975
1762 1 -0.07966049709
1763 1 0.06364939935
1764 1 0.3811625163
1765 1 1.517540896
1766 1 0.8469513188
1767 1 0.05794769152
1768 1 0.7543492236
1769 1 0.4367424226
1770 1 -0.1725511447
1771 1 -0.949602291
1772 1 0.659153339
1773 1 1.937213173
1774 1 0.06327583288
1775 1 -1.216667340
1776 1 -0.3971956478
1777 1 0.703952582
1778 1 0.4808990207
1779 1 1.425303754
1780 1 -0.5218624372
1781 1 -0.2960912189
1782 1 -0.4725278962
1783 1 0.1652467226
1784 1 -1.233147850
1785 1 -0.1322565599
1786 1 1.102791550
1787 1 -0.2177915044
1788 1 -0.6941455967
1789 1 0.8999143143
1790 1 0.5323391658
1791 1 0.4309433302
1792 1 -0.8726208409
1793 1 -0.6812067217
1794 1 -1.824625704
1795 1 0.08232688784
1796 1 -1.092373306
1797 1 0.5608597614
1798 1 -0.03004935569
1799 1 1.389652594
1800 1 -2.225919241
1801 1 -0.9782138983
1802 1 1.444408112
1803 1 -0.6906506663
1804 1 -0.4560806625
1805 1 0.9632466876
1806 1 0.545578111
1807 1 -0.05199693845
1808 1 0.08858960084
1809 1 -0.7315398949
1810 1 -1.176750665
1811 1 0.1663036622
1812 1 0.717190765
1813 1 0.5634557168
1814 1 1.137682933
1815 1 1.587034387
1816 1 0.4270937406
1817 1 -0.3262331732
1818 1 2.687849104
1819 1 0.5183285589
1820 1 -0.995145654
1821 1 0.4081644365
1822 1 0.7177376345
1823 1 1.696004493
1824 1 0.6742986079
1825 1 0.3892182199
1826 1 0.2270782045
1827 1 0.006351422067
1828 1 -0.1652475599
1829 1 -0.1478860296
1830 1 -0.7339573806
1831 1 -0.6758793604
1832 1 -0.08730452717
1833 1 0.7016620632
1834 1 -0.267165173
1835 1 1.686072077
1836 1 2.345608558
1837 1 1.407303853
1838 1 0.2924447902
1839 1 1.491928093
1840 1 0.4820259013
1841 1 -0.9305376128
1842 1 -0.1213143300
1843 1 1.330918178
1844 1 0.5463670597
1845 1 0.5664090405
1846 1 -0.7483787285
1847 1 -1.344235943
1848 1 -1.444418817
1849 1 0.06866869654
1850 1 -1.112920435
1851 1 0.1849849027
1852 1 0.1779458284
1853 1 -1.785101673
1854 1 -2.117349581
1855 1 -0.6807534095
1856 1 -0.2994094856
1857 1 -0.3437862391
1858 1 1.333718133
1859 1 -0.4283580202
1860 1 -0.7804964519
1861 1 1.779351081
1862 1 2.396969568
1863 1 1.549358748
1864 1 1.925060957
1865 1 1.895941305
1866 1 1.649773185
1867 1 1.768114941
1868 1 1.171237273
1869 1 0.7032284359
1870 1 0.1316487334
1871 1 -1.039399226
1872 1 0.5935239544
1873 1 0.3880461662
1874 1 -0.6473918223
1875 1 -0.2431346911
1876 1 0.3965020808
1877 1 0.843923572
1878 1 -1.418541309
1879 1 -0.009252400527
1880 1 1.615600898
1881 1 -0.1001493414
1882 1 0.1192385394
1883 1 0.2895889653
1884 1 -0.4421781489
1885 1 -0.1640547251
1886 1 0.1736552725
1887 1 1.738022224
1888 1 -0.1741471919
1889 1 1.411189559
1890 1 -0.3627512714
1891 1 -0.1901610651
1892 1 0.2605078516
1893 1 1.116173656
1894 1 -0.01219098858
1895 1 -1.149334547
1896 1 -0.0708119318
1897 1 -0.3708290772
1898 1 -0.4955017926
1899 1 -0.1771985342
1900 1 0.3233819208
1901 1 0.3222180174
1902 1 -0.661157114
1903 1 -0.3314211243
1904 1 -1.911991500
1905 1 -0.6195870445
1906 1 -0.5274650194
1907 1 -2.126942507
1908 1 -0.8671910273
1909 1 -0.9572538803
1910 1 0.4633225122
1911 1 2.968927278
1912 1 0.5260429902
1913 1 0.1280232455
1914 1 1.371406128
1915 1 2.159812199
1916 1 1.188284308
1917 1 0.5239749939
1918 1 1.740861064
1919 1 1.040208033
1920 1 0.5126583468
1921 1 -0.6376477751
1922 1 1.590039505
1923 1 0.6812796406
1924 1 0.4215758706
1925 1 -1.340370406
1926 1 -0.7164829385
1927 1 -1.155488110
1928 1 -0.6822949784
1929 1 0.1121112040
1930 1 0.4993989333
1931 1 -0.6859413244
1932 1 0.9451167628
1933 1 -0.4614799209
1934 1 -0.9611400416
1935 1 2.74720555
1936 1 1.17895563
1937 1 0.8214690367
1938 1 1.603514405
1939 1 0.5601849411
1940 1 -0.4046879997
1941 1 -1.055318907
1942 1 -1.144546564
1943 1 0.6711745665
1944 1 0.6888796315
1945 1 -0.1454018132
1946 1 -1.958019041
1947 1 0.8477944976
1948 1 -0.619483808
1949 1 -0.3511415025
1950 1 1.437419829
1951 1 -1.068091566
1952 1 -1.122485275
1953 1 -2.306416796
1954 1 -2.674037516
1955 1 -0.5111091466
1956 1 0.8004285262
1957 1 -1.407950356
1958 1 -0.7322987604
1959 1 -0.02658912369
1960 1 0.85594333
1961 1 1.932003195
1962 1 0.3112406179
1963 1 1.630608513
1964 1 2.34120217
1965 1 2.005782476
1966 1 -0.2827516071
1967 1 0.1557627792
1968 1 -0.6529624094
1969 1 0.3014058317
1970 1 -1.421927483
1971 1 -0.4946689537
1972 1 0.185285205
1973 1 1.377447489
1974 1 0.7698717259
1975 1 -0.9541135297
1976 1 -1.461101372
1977 1 0.2688295669
1978 1 0.3590318258
1979 1 0.9527766182
1980 1 -1.034822399
1981 1 0.1551068429
1982 1 -1.172484948
1983 1 -1.865059473
1984 1 0.500859947
1985 1 1.893367856
1986 1 0.04212292554
1987 1 -1.167803609
1988 1 -1.354405921
1989 1 -1.971821183
1990 1 -0.678254652
1991 1 -1.877625357
1992 1 -0.3255439394
1993 1 2.289039477
1994 1 1.406375618
1995 1 0.9290478507
1996 1 -0.7001462977
1997 1 0.3177506656
1998 1 1.301968211
1999 1 1.481928345
2000 1 -1.170249986
2001 1 -3.06786372
2002 1 -0.9650595166
2003 1 -0.2497943172
2004 1 -0.5555848273
2005 1 0.7738401848
2006 1 0.02286830353
2007 1 -0.7509056438
2008 1 -1.052043647
2009 1 -1.72358207
2010 1 0.577207565
2011 1 0.5128840708
2012 1 0.01585665057
2013 1 -0.2815192363
2014 1 0.9170296742
2015 1 -0.9606221089
2016 1 -0.6017993196
2017 1 -0.1840061404
2018 1 0.3299875817
2019 1 1.776690341
2020 1 0.9621048826
2021 1 -0.5659903238
2022 1 0.7185944773
2023 1 1.141956402
2024 1 0.5824533799
2025 1 -1.388942648
2026 1 0.4131481976
2027 1 -0.7194369278
2028 1 0.3083091504
2029 1 0.8357866572
2030 1 -0.1997473726
2031 1 -1.940075595
2032 1 -0.7941511217
2033 1 0.9099286097
2034 1 -0.2573148824
2035 1 0.229413753
2036 1 -0.5045191836
2037 1 -0.1153016882
2038 1 -0.3177169687
2039 1 -1.134163359
2040 1 -1.135084616
2041 1 -2.388755270
2042 1 -1.071395994
2043 1 0.9578370952
2044 1 1.656304313
2045 1 1.140968080
2046 1 0.5443316916
2047 1 -1.000128213
2048 1 -0.561498169
2049 1 1.56725555
2050 1 0.04280098843
2051 1 -0.2172942319
2052 1 -0.2463565153
2053 1 0.4266511405
2054 1 -1.094136563
2055 1 -1.539715393
2056 1 -1.112486844
2057 1 -2.341862089
2058 1 -1.801316122
2059 1 -1.361473251
2060 1 0.8767352372
2061 1 0.4087472112
2062 1 0.5163454762
2063 1 -0.5990620352
2064 1 -0.298177383
2065 1 -1.675225413
2066 1 -1.105615045
2067 1 0.2500052255
2068 1 0.2382633768
2069 1 -0.1437282448
2070 1 1.122256426
2071 1 1.249357617
2072 1 0.8345726523
2073 1 -0.7213658794
2074 1 -0.0608195628
2075 1 -1.037373503
2076 1 -1.671979571
2077 1 -0.5103160443
2078 1 0.5456586756
2079 1 0.8167368632
2080 1 0.6980305608
2081 1 0.6671807299
2082 1 0.5308184343
2083 1 0.729118469
2084 1 -0.6092853743
2085 1 -1.310499746
2086 1 -0.1351038641
2087 1 -1.416291290
2088 1 0.1396184060
2089 1 -1.168794921
2090 1 -0.3062367437
2091 1 -1.114656809
2092 1 -1.169483205
2093 1 1.122224210
2094 1 1.662358418
2095 1 0.863759099
2096 1 -1.147715198
2097 1 0.3988686333
2098 1 0.1447794311
2099 1 0.5836995336
2100 1 -0.7952057805
2101 1 0.8594382512
2102 1 -0.03328240761
2103 1 -0.2021442805
2104 1 -0.3451845758
2105 1 -1.500925279
2106 1 -0.683175318
2107 1 -1.332148902
2108 1 -1.820293981
2109 1 0.4853760216
2110 1 0.1029245919
2111 1 1.377873821
2112 1 1.731788702
2113 1 0.3099749809
2114 1 -0.0310607644
2115 1 0.538071775
2116 1 0.7153382778
2117 1 -0.4573033121
2118 1 0.8750954182
2119 1 0.3155041330
2120 1 1.045822332
2121 1 2.120014917
2122 1 1.160393946
2123 1 -0.3732635654
2124 1 -1.858682895
2125 1 -3.903786222
2126 1 0.5857812983
2127 1 1.376914308
2128 1 0.6884693594
2129 1 1.813589613
2130 1 1.580392754
2131 1 2.521183466
2132 1 1.328825328
2133 1 0.2305638211
2134 1 -0.9830306299
2135 1 -0.7176012176
2136 1 -0.4875714991
2137 1 1.707028852
2138 1 0.4123751456
2139 1 -1.299676185
2140 1 -0.1876665567
2141 1 -0.8162819724
2142 1 0.4584013751
2143 1 0.9560281937
2144 1 1.35721409
2145 1 0.9813805375
2146 1 0.9562301333
2147 1 0.2919665786
2148 1 0.961410821
2149 1 1.329701432
2150 1 -1.198045855
2151 1 -1.200868895
2152 1 -1.947514548
2153 1 -1.528370588
2154 1 -0.5447537645
2155 1 -0.06071388107
2156 1 1.891506140
2157 1 0.6638111446
2158 1 -0.949116617
2159 1 -1.785482653
2160 1 -0.6029591796
2161 1 0.1638020773
2162 1 0.5285552937
2163 1 -0.8010453662
2164 1 1.063253561
2165 1 1.341829640
2166 1 0.9462629644
2167 1 0.03460806603
2168 1 0.539174391
2169 1 -0.05897657982
2170 1 0.7400824894
2171 1 -0.001034504893
2172 1 0.8604491891
2173 1 0.01826739215
2174 1 -1.060762618
2175 1 -2.629485307
2176 1 -0.2683566666
2177 1 -0.2921504211
2178 1 -0.6517857476
2179 1 0.1550932384
2180 1 -1.907951944
2181 1 2.004736925
2182 1 1.446063604
2183 1 0.1233844433
2184 1 -0.3655283351
2185 1 -1.838350922
2186 1 -1.207711990
2187 1 0.3229252754
2188 1 0.06820111474
2189 1 -0.6362426047
2190 1 -0.8203768953
2191 1 0.3094530003
2192 1 -0.9018645621
2193 1 0.856124874
2194 1 -1.096718113
2195 1 -0.1458697552
2196 1 0.6824832497
2197 1 -0.3891040381
2198 1 -1.138566511
2199 1 -0.7336014042
2200 1 0.4895125264
2201 1 -0.2621289089
2202 1 -0.9774888295
2203 1 1.434219200
2204 1 0.1692399689
2205 1 0.4324858384
2206 1 1.11342037
2207 1 0.6148710932
2208 1 -1.197299423
2209 1 -0.5076978216
2210 1 -0.05394462999
2211 1 0.4021595383
2212 1 0.3982276634
2213 1 -0.3124811849
2214 1 1.417469957
2215 1 1.190507855
2216 1 0.6074669326
2217 1 -2.364500293
2218 1 -1.639518118
2219 1 -0.4117619498
2220 1 0.5185243658
2221 1 -0.1216484713
2222 1 1.098551928
2223 1 -0.8500570857
2224 1 -0.5117952364
2225 1 -0.1392854559
2226 1 0.6780226241
2227 1 0.9847177112
2228 1 1.768707702
2229 1 0.8649285222
2230 1 -0.3286185161
2231 1 -0.530533761
2232 1 -0.1991301698
2233 1 -0.566176416
2234 1 -0.1396594692
2235 1 0.6404172648
2236 1 -0.722797439
2237 1 -0.8739741302
2238 1 0.1629324278
2239 1 0.5726793754
2240 1 -0.3713860292
2241 1 -1.480348604
2242 1 -1.223441550
2243 1 2.079386942
2244 1 1.051934376
2245 1 0.4179737038
2246 1 -0.3551626415
2247 1 0.1283415804
2248 1 -0.1410762735
2249 1 0.4967726147
2250 1 -0.7768841837
2251 1 0.1496989277
2252 1 0.3623144073
2253 1 2.816335681
2254 1 0.3779770018
2255 1 0.06014293508
2256 1 -0.3180261529
2257 1 1.614163773
2258 1 -0.1624341972
2259 1 0.405504812
2260 1 0.2784559421
2261 1 -1.561493986
2262 1 -1.596948875
2263 1 0.1586865038
2264 1 1.036801081
2265 1 0.1662767831
2266 1 -0.2021601153
2267 1 -1.209632468
2268 1 -0.3888405253
2269 1 -0.8547907403
2270 1 -2.847548923
2271 1 -1.561629227
2272 1 -0.3889184844
2273 1 -0.5138302731
2274 1 0.8778582022
2275 1 2.225129424
2276 1 -1.153587478
2277 1 0.7415699417
2278 1 1.422157117
2279 1 -1.234437532
2280 1 0.07248523352
2281 1 -1.799365295
2282 1 -1.563105939
2283 1 -0.02573600572
2284 1 -0.4323485577
2285 1 0.4219424834
2286 1 1.420216555
2287 1 -1.149029392
2288 1 -0.05568099255
2289 1 0.2212794922
2290 1 -0.7499140799
2291 1 -0.5269873572
2292 1 -0.9029689136
2293 1 1.127929979
2294 1 -0.02584842572
2295 1 -0.2560633755
2296 1 -0.2280514147
2297 1 -1.393162706
2298 1 -0.05098098023
2299 1 0.7209783837
2300 1 0.7911094342
2301 1 -0.5313036039
2302 1 0.4154709496
2303 1 1.223748503
2304 1 1.113962964
2305 1 0.1648072591
2306 1 0.1776303348
2307 1 -0.03947463101
2308 1 1.338102916
2309 1 0.7818324434
2310 1 -1.473793327
2311 1 -0.3621181791
2312 1 -1.297033407
2313 1 0.5752495046
2314 1 1.469967935
2315 1 0.1223590210
2316 1 -2.432228475
2317 1 -0.2169087175
2318 1 -2.243836920
2319 1 -0.7065813815
2320 1 -0.6960260598
2321 1 -1.421363917
2322 1 -0.4798263223
2323 1 -1.025856218
2324 1 -1.329740819
2325 1 0.2638462055
2326 1 0.2030860232
2327 1 -1.600804646
2328 1 -0.5991591177
2329 1 0.2039812460
2330 1 -0.0669415065
2331 1 -0.5077048069
2332 1 -0.2372781214
2333 1 -0.2099285462
2334 1 0.7973222001
2335 1 0.1058276773
2336 1 0.2540476274
2337 1 -0.49898741
2338 1 -0.1858932638
2339 1 0.4572243078
2340 1 -0.4450208719
2341 1 -0.713005601
2342 1 -1.522437764
2343 1 0.4195709411
2344 1 -0.05251713419
2345 1 1.066975906
2346 1 -0.2373529697
2347 1 -2.092354289
2348 1 -1.57199627
2349 1 -1.24529159
2350 1 -0.9096750076
2351 1 -2.758661103
2352 1 -0.8729739678
2353 1 0.5427744708
2354 1 1.358953394
2355 1 2.863559943
2356 1 1.161191197
2357 1 -0.05853484279
2358 1 0.6841491026
2359 1 0.4359367327
2360 1 -1.170317456
2361 1 -1.298840793
2362 1 -0.743928483
2363 1 1.161161843
2364 1 0.3456879964
2365 1 -0.6482633038
2366 1 -1.111532948
2367 1 -0.508448452
2368 1 -1.871940301
2369 1 -1.565560792
2370 1 0.3499236651
2371 1 0.533853423
2372 1 -0.4879267394
2373 1 0.07701293627
2374 1 1.389374086
2375 1 0.2358761239
2376 1 0.5465720198
2377 1 -1.876613630
2378 1 -1.402931198
2379 1 0.9295227958
2380 1 0.5760044111
2381 1 0.04820612971
2382 1 0.6208468552
2383 1 0.5306849697
2384 1 -0.9516881382
2385 1 -2.773781877
2386 1 -0.1078991821
2387 1 -0.4914444782
2388 1 0.1662276013
2389 1 -1.177548231
2390 1 -2.473712458
2391 1 -1.514978360
2392 1 -0.9468060098
2393 1 0.1963432929
2394 1 0.2781188968
2395 1 -1.810680492
2396 1 -1.777790158
2397 1 -1.439888201
2398 1 -2.128315703
2399 1 -1.160111069
2400 1 0.7565498812
2401 1 -0.3397332940
2402 1 -0.2996600624
2403 1 0.09751101551
2404 1 -1.962566915
2405 1 0.6193065323
2406 1 0.4586597448
2407 1 -1.525920548
2408 1 -1.280037387
2409 1 -1.847954646
2410 1 -1.497322785
2411 1 -1.051612503
2412 1 -0.9405140246
2413 1 -1.502642769
2414 1 -2.681653380
2415 1 -0.5180802267
2416 1 -0.7710291
2417 1 -0.9939397928
2418 1 -1.920935268
2419 1 0.5232218609
2420 1 1.515270779
2421 1 0.552048481
2422 1 0.1011810228
2423 1 0.002503553325
2424 1 -0.01310769116
2425 1 0.2810611368
2426 1 0.4727230796
2427 1 -0.9099328764
2428 1 -1.317677410
2429 1 -0.3261710535
2430 1 1.954114343
2431 1 -0.1204156243
2432 1 0.4625978865
2433 1 -0.09643182366
2434 1 1.841925000
2435 1 -0.7623342962
2436 1 -0.9522214802
2437 1 0.5838034619
2438 1 1.740373423
2439 1 -1.346134715
2440 1 -3.114131894
2441 1 -2.826935931
2442 1 -1.672659981
2443 1 -1.031433151
2444 1 -0.8065497695
2445 1 -1.23666772
2446 1 -0.4784084217
2447 1 -1.2550855
2448 1 -0.5041947245
2449 1 -0.1873799876
2450 1 0.2951428932
2451 1 -0.2152390277
2452 1 0.1564824135
2453 1 -0.9446207792
2454 1 -1.253026539
2455 1 -2.579816245
2456 1 -0.4943418367
2457 1 -0.00038840877
2458 1 -0.8430215302
2459 1 -0.9088610618
2460 1 -0.2597109136
2461 1 -2.07526655
2462 1 -1.329753155
2463 1 -0.8824653753
2464 1 -0.2281366658
2465 1 0.8061146742
2466 1 -0.3606298727
2467 1 0.4415479084
2468 1 -0.2349138192
2469 1 -0.5573238099
2470 1 -0.1857499993
2471 1 0.7397975897
2472 1 1.791644349
2473 1 2.437612316
2474 1 0.07544428271
2475 1 0.5696135938
2476 1 0.0701174063
2477 1 -1.661617896
2478 1 -1.607951124
2479 1 -1.706507765
2480 1 -0.3116282787
2481 1 0.3452441977
2482 1 -0.4369905861
2483 1 -0.9135226881
2484 1 -1.454844035
2485 1 -1.347082301
2486 1 -0.942062511
2487 1 1.737323419
2488 1 0.3608366248
2489 1 -1.360274947
2490 1 -2.517843813
2491 1 -1.831066559
2492 1 0.2159912990
2493 1 -1.253549696
2494 1 -1.070141391
2495 1 -1.665721059
2496 1 -0.9198878788
2497 1 -1.949427095
2498 1 -1.362259226
2499 1 -1.168714636
