0 1 0.204655
1 1 0.0617632
2 1 0.0995645
3 1 0.113473
4 1 -0.119197
5 1 -0.59327
6 1 -0.862332
7 1 -0.610918
8 1 -0.00231486
9 1 0.412317
10 1 0.249716
11 1 0.246936
12 1 -0.409371
13 1 -0.202304
14 1 -0.0632184
15 1 0.209311
16 1 0.186234
17 1 -0.256638
18 1 0.363514
19 1 0.333191
20 1 0.25844
21 1 0.015787
22 1 0.194434
23 1 -0.29188
24 1 -0.155885
25 1 0.44854
26 1 0.248317
27 1 0.0988288
28 1 0.257918
29 1 0.344839
30 1 0.164811
31 1 -0.0659677
32 1 0.118843
33 1 -0.021212
34 1 -0.0440991
35 1 -0.299737
36 1 -0.206325
37 1 -0.345464
38 1 -0.741731
39 1 -0.288091
40 1 -0.331723
41 1 -0.138815
42 1 -0.0563732
43 1 -0.0710466
44 1 -0.0185555
45 1 -0.0853451
46 1 -0.449925
47 1 -0.447963
48 1 -0.00601951
49 1 0.539517
50 1 0.209701
51 1 0.143525
52 1 0.500159
53 1 0.0923725
54 1 -0.437759
55 1 -0.393464
56 1 -0.41042
57 1 0.316671
58 1 0.876537
59 1 0.729312
60 1 0.266259
61 1 0.166455
62 1 -0.240367
63 1 -0.458185
64 1 0.0341058
65 1 0.410753
66 1 0.312579
67 1 0.31147
68 1 -0.00445852
69 1 0.533905
70 1 0.215678
71 1 0.376978
72 1 0.300748
73 1 0.225616
74 1 0.683794
75 1 0.165718
76 1 -0.045503
77 1 -0.0301809
78 1 -0.122655
79 1 -0.395183
80 1 -0.463757
81 1 -0.587184
82 1 0.136915
83 1 -0.00317562
84 1 -0.23744
85 1 -0.477484
86 1 -0.761241
87 1 -0.935063
88 1 -1.30095
89 1 -0.396308
90 1 -0.347717
91 1 -0.291186
92 1 -0.505882
93 1 -0.190302
94 1 0.0112966
95 1 -0.271711
96 1 -0.407725
97 1 -0.38013
98 1 -0.147368
99 1 -0.173719
100 1 -0.0498221
101 1 0.0749681
102 1 0.738797
103 1 0.244765
104 1 -0.095666
105 1 -0.235635
106 1 0.0769727
107 1 0.0863797
108 1 0.401286
109 1 0.467888
110 1 -0.277251
111 1 -0.0319746
112 1 -0.314609
113 1 -0.0693036
114 1 -0.0107987
115 1 0.222975
116 1 0.272703
117 1 0.747296
118 1 0.691993
119 1 0.800886
120 1 0.638048
121 1 0.249079
122 1 0.196525
123 1 0.128619
124 1 0.442384
125 1 0.470268
126 1 0.724056
127 1 -0.0471249
128 1 -0.207734
129 1 -0.378607
130 1 -0.603425
131 1 -0.369076
132 1 -0.159803
133 1 0.16898
134 1 -0.275671
135 1 -0.678234
136 1 -0.965163
137 1 -1.10797
138 1 -1.57306
139 1 -1.13973
140 1 -0.567965
141 1 -0.375504
142 1 -0.427785
143 1 -0.21457
144 1 -0.08147
145 1 -0.269258
146 1 -0.280847
147 1 -0.573154
148 1 -0.444379
149 1 -0.135955
150 1 -0.0394315
151 1 0.233559
152 1 0.60994
153 1 0.175409
154 1 -0.745883
155 1 -0.631128
156 1 -0.112896
157 1 0.293553
158 1 0.490632
159 1 0.371893
160 1 0.158366
161 1 -0.423792
162 1 -0.269385
163 1 0.250908
164 1 0.0984808
165 1 0.353854
166 1 0.210676
167 1 -0.170885
168 1 -0.0634484
169 1 0.355615
170 1 0.755531
171 1 0.339757
172 1 0.250487
173 1 -0.0362249
174 1 0.43828
175 1 0.366825
176 1 0.713799
177 1 -0.073989
178 1 -0.225661
179 1 -0.638837
180 1 -0.863721
181 1 0.0984412
182 1 0.0680633
183 1 -0.00140464
184 1 0.0829738
185 1 0.180946
186 1 -0.376195
187 1 -0.236087
188 1 -0.993107
189 1 -1.09885
190 1 -0.600888
191 1 -0.738852
192 1 -0.899221
193 1 -0.909978
194 1 -0.0940159
195 1 -0.228666
196 1 -0.0448582
197 1 -0.0855459
198 1 -0.119161
199 1 -0.171575
200 1 0.0442877
201 1 -0.239355
202 1 0.206475
203 1 0.0837932
204 1 -0.371555
205 1 -0.649965
206 1 -0.239373
207 1 -0.414538
208 1 -0.305149
209 1 -0.252105
210 1 -0.214078
211 1 -0.0715914
212 1 -0.007235
213 1 -0.0191116
214 1 0.068701
215 1 0.106345
216 1 0.0311968
217 1 -0.728064
218 1 -0.165498
219 1 0.643051
220 1 0.6237
221 1 0.199914
222 1 -0.448528
223 1 0.0339873
224 1 0.0123576
225 1 0.328944
226 1 0.684514
227 1 0.516589
228 1 0.284551
229 1 -0.179205
230 1 -0.542646
231 1 -0.282875
232 1 0.223417
233 1 0.178079
234 1 -0.0740421
235 1 -0.0158753
236 1 -0.502154
237 1 -0.646928
238 1 -1.14758
239 1 -1.30967
240 1 -0.83829
241 1 -0.592028
242 1 -0.850218
243 1 -0.743037
244 1 -0.0336446
245 1 -0.0228457
246 1 0.287395
247 1 0.246096
248 1 0.115036
249 1 0.170499
250 1 -0.502515
251 1 -0.817593
252 1 -0.348972
253 1 -0.355195
254 1 -0.436557
255 1 -0.617632
256 1 -0.112562
257 1 -0.134586
258 1 -0.584999
259 1 -0.956387
260 1 -0.558342
261 1 -0.184709
262 1 0.323864
263 1 0.143636
264 1 -0.17801
265 1 0.103837
266 1 0.344704
267 1 -0.0076615
268 1 1.1002
269 1 1.54046
270 1 1.1628
271 1 0.237393
272 1 -0.339447
273 1 -0.00894187
274 1 0.0275729
275 1 0.222533
276 1 -0.409319
277 1 0.12155
278 1 0.244323
279 1 0.601976
280 1 0.524216
281 1 0.0502147
282 1 0.493132
283 1 0.422205
284 1 0.260365
285 1 -0.178828
286 1 -0.589777
287 1 -0.453635
288 1 -0.60627
289 1 -1.05608
290 1 -0.740104
291 1 -0.854147
292 1 -0.99659
293 1 0.079074
294 1 0.0209044
295 1 -0.1696
296 1 0.395744
297 1 0.50357
298 1 0.387729
299 1 0.588521
300 1 -0.950541
301 1 -1.12195
302 1 -0.945321
303 1 -0.230645
304 1 -0.33068
305 1 -0.0889001
306 1 0.261396
307 1 -0.158021
308 1 -0.486856
309 1 -0.915878
310 1 -0.405919
311 1 0.0954565
312 1 0.227933
313 1 0.238577
314 1 -0.0912209
315 1 -0.138556
316 1 0.584483
317 1 0.492754
318 1 1.1289
319 1 1.34205
320 1 1.28267
321 1 0.72686
322 1 0.677949
323 1 0.270499
324 1 0.312823
325 1 0.0923829
326 1 0.061029
327 1 -0.0760511
328 1 0.122932
329 1 1.19435
330 1 1.19066
331 1 1.29758
332 1 1.20083
333 1 0.442986
334 1 0.338053
335 1 -0.0319154
336 1 -0.324118
337 1 -0.237376
338 1 -0.200798
339 1 -0.743437
340 1 -1.12889
341 1 -1.08555
342 1 -0.737146
343 1 -0.114532
344 1 -0.170749
345 1 -0.07141
346 1 0.0373984
347 1 -0.327563
348 1 -0.121551
349 1 0.203153
350 1 -0.074036
351 1 -0.282
352 1 -0.361137
353 1 -0.00367524
354 1 0.454036
355 1 0.445724
356 1 1.00482
357 1 0.541106
358 1 -0.511283
359 1 -0.408762
360 1 -0.217698
361 1 -0.134824
362 1 0.700625
363 1 0.38051
364 1 0.411123
365 1 0.360843
366 1 0.855745
367 1 0.95264
368 1 1.38035
369 1 1.09217
370 1 1.61753
371 1 0.975681
372 1 0.741302
373 1 0.894033
374 1 0.281771
375 1 -0.0344
376 1 0.157017
377 1 -0.0631851
378 1 0.0212268
379 1 1.32259
380 1 1.10781
381 1 0.795259
382 1 0.879864
383 1 0.505272
384 1 0.620483
385 1 -0.120898
386 1 -0.203115
387 1 -0.340661
388 1 -0.737849
389 1 -1.10798
390 1 -1.04124
391 1 -0.920036
392 1 0.0527509
393 1 0.0534039
394 1 0.135977
395 1 0.331581
396 1 0.36435
397 1 -0.321545
398 1 -0.152951
399 1 0.15624
400 1 -0.0365414
401 1 -0.25358
402 1 -0.391633
403 1 -0.581745
404 1 -0.149025
405 1 0.213505
406 1 0.325726
407 1 0.326235
408 1 -0.480498
409 1 -0.480282
410 1 -0.255226
411 1 0.0985514
412 1 0.971731
413 1 0.774371
414 1 0.633385
415 1 0.36954
416 1 0.18501
417 1 0.607239
418 1 0.397493
419 1 0.337411
420 1 0.760397
421 1 0.457696
422 1 0.733302
423 1 0.290341
424 1 0.454563
425 1 -0.220808
426 1 -0.0886622
427 1 -0.0141263
428 1 0.404783
429 1 0.834912
430 1 0.660041
431 1 0.261504
432 1 -0.0551085
433 1 0.501605
434 1 0.162059
435 1 0.199499
436 1 0.0437535
437 1 -0.257135
438 1 -0.445273
439 1 -0.599957
440 1 -1.08444
441 1 -0.782579
442 1 0.188049
443 1 -0.0787539
444 1 0.596454
445 1 0.711622
446 1 0.687999
447 1 0.0634252
448 1 0.0200201
449 1 -0.149948
450 1 -0.412161
451 1 -0.692116
452 1 -0.616721
453 1 -0.738335
454 1 -0.654829
455 1 0.01817
456 1 0.195985
457 1 -0.223904
458 1 -0.592751
459 1 -0.926099
460 1 -1.19807
461 1 -0.785247
462 1 -0.201455
463 1 0.118053
464 1 -0.687879
465 1 -0.511774
466 1 -0.712452
467 1 0.320094
468 1 0.306341
469 1 0.678751
470 1 0.511822
471 1 0.446262
472 1 0.497435
473 1 0.703793
474 1 0.787816
475 1 0.663181
476 1 0.787893
477 1 0.481618
478 1 0.567133
479 1 0.418141
480 1 0.391895
481 1 0.0429306
482 1 -0.364656
483 1 -0.0687366
484 1 -0.33344
485 1 -0.461505
486 1 -0.0157765
487 1 -0.0122617
488 1 -0.217995
489 1 -0.323333
490 1 -0.403918
491 1 0.779785
492 1 1.67283
493 1 1.05745
494 1 1.82224
495 1 1.34449
496 1 1.08587
497 1 0.669476
498 1 0.268836
499 1 0.224449
500 1 -0.347262
501 1 -1.18655
502 1 -1.06737
503 1 -0.686341
504 1 -0.52626
505 1 0.154202
506 1 0.398881
507 1 -0.694031
508 1 -0.719113
509 1 -0.785583
510 1 -1.069
511 1 -1.36414
512 1 -1.25484
513 1 -0.799123
514 1 -1.7058
515 1 -1.28092
516 1 -0.67213
517 1 -0.0458353
518 1 0.297115
519 1 0.493778
520 1 0.230236
521 1 0.459958
522 1 0.339393
523 1 0.354788
524 1 0.876654
525 1 1.34608
526 1 1.43721
527 1 1.01491
528 1 0.340096
529 1 0.229306
530 1 -0.154431
531 1 -0.144001
532 1 -0.599663
533 1 -0.175604
534 1 0.0119077
535 1 0.391513
536 1 0.701575
537 1 0.260251
538 1 -0.207684
539 1 0.292917
540 1 0.572103
541 1 1.38753
542 1 1.74075
543 1 1.69688
544 1 2.281
545 1 1.48125
546 1 0.985925
547 1 0.380848
548 1 0.149063
549 1 0.196828
550 1 -0.141775
551 1 -1.16963
552 1 -1.49225
553 1 -1.31948
554 1 -0.565833
555 1 -0.238888
556 1 0.210555
557 1 -0.713915
558 1 -0.754881
559 1 -0.541098
560 1 -0.871226
561 1 -1.26862
562 1 -0.373993
563 1 -0.960943
564 1 -1.72072
565 1 -1.3095
566 1 -1.20202
567 1 -0.670389
568 1 -0.431366
569 1 0.295523
570 1 0.29525
571 1 0.233736
572 1 0.63844
573 1 0.245327
574 1 0.992357
575 1 1.24518
576 1 1.18624
577 1 0.882709
578 1 0.65276
579 1 0.45159
580 1 0.0714949
581 1 -0.0864674
582 1 -0.437986
583 1 -0.201525
584 1 0.679643
585 1 1.02679
586 1 1.10267
587 1 0.88921
588 1 0.209725
589 1 0.42828
590 1 1.19837
591 1 1.10534
592 1 0.998821
593 1 1.33111
594 1 1.2362
595 1 1.46628
596 1 0.903384
597 1 -0.0570996
598 1 -0.224017
599 1 0.0940616
600 1 -0.0772758
601 1 -0.179921
602 1 -0.604421
603 1 -1.16281
604 1 -0.893534
605 1 -0.807234
606 1 -0.615711
607 1 -1.01169
608 1 -1.13496
609 1 -1.06118
610 1 -0.977832
611 1 -1.3327
612 1 -1.07912
613 1 -0.631121
614 1 -1.33414
615 1 -1.44455
616 1 -0.712817
617 1 -0.59702
618 1 -0.133463
619 1 0.402771
620 1 0.689632
621 1 0.713786
622 1 1.01329
623 1 0.944233
624 1 1.48394
625 1 1.50051
626 1 1.07029
627 1 0.482202
628 1 0.567619
629 1 0.577015
630 1 0.782372
631 1 0.430807
632 1 0.00510362
633 1 -0.19774
634 1 0.505576
635 1 1.14431
636 1 1.68666
637 1 1.25544
638 1 0.667667
639 1 0.60162
640 1 0.977687
641 1 0.909374
642 1 1.01425
643 1 1.28387
644 1 1.11589
645 1 0.99289
646 1 0.720588
647 1 -0.506176
648 1 -0.435873
649 1 -0.291187
650 1 0.0534811
651 1 -0.314119
652 1 -0.456771
653 1 -0.8933
654 1 -1.57416
655 1 -1.45676
656 1 -1.18338
657 1 -1.29373
658 1 -1.70999
659 1 -1.99726
660 1 -1.69993
661 1 -1.61374
662 1 -1.59752
663 1 -1.14715
664 1 -1.24676
665 1 -0.772233
666 1 -0.549622
667 1 -0.1541
668 1 -0.290785
669 1 0.0512738
670 1 0.210504
671 1 0.808961
672 1 1.67901
673 1 1.42727
674 1 1.35596
675 1 0.830274
676 1 0.274262
677 1 0.0599519
678 1 0.430866
679 1 0.289787
680 1 0.627648
681 1 1.19737
682 1 1.00343
683 1 0.715629
684 1 0.689618
685 1 1.22106
686 1 1.42304
687 1 0.949781
688 1 0.664157
689 1 0.929184
690 1 0.734247
691 1 0.557938
692 1 1.10725
693 1 1.25066
694 1 0.260131
695 1 0.761161
696 1 0.265525
697 1 -0.520371
698 1 -0.0185531
699 1 0.0814326
700 1 0.0550474
701 1 -0.194266
702 1 -0.668843
703 1 -0.8536
704 1 -1.12634
705 1 -1.50911
706 1 -1.30379
707 1 -0.83073
708 1 -1.42247
709 1 -2.03107
710 1 -1.91381
711 1 -2.30074
712 1 -1.77701
713 1 -1.32935
714 1 -0.893724
715 1 -0.235326
716 1 -0.309267
717 1 -0.132355
718 1 -0.227725
719 1 0.0966716
720 1 0.721365
721 1 0.736267
722 1 1.22471
723 1 1.26599
724 1 1.15238
725 1 0.265077
726 1 0.152431
727 1 0.261096
728 1 -0.0272228
729 1 -0.653322
730 1 -0.150702
731 1 0.586874
732 1 0.644895
733 1 0.759959
734 1 0.930899
735 1 1.2848
736 1 1.65683
737 1 1.49346
738 1 0.783064
739 1 0.600908
740 1 0.215439
741 1 0.900996
742 1 1.29058
743 1 1.02307
744 1 0.78147
745 1 0.482151
746 1 0.640367
747 1 0.0935119
748 1 0.278863
749 1 -0.0599835
750 1 -0.0268928
751 1 -0.479838
752 1 -1.03831
753 1 -1.73983
754 1 -1.66943
755 1 -1.13223
756 1 -0.849654
757 1 -0.367751
758 1 -1.20007
759 1 -1.02285
760 1 -1.03648
761 1 -1.10391
762 1 -1.08685
763 1 -0.891269
764 1 -0.885816
765 1 -0.435671
766 1 -0.250481
767 1 0.154519
768 1 -0.115665
769 1 0.668564
770 1 1.32002
771 1 1.65553
772 1 1.66448
773 1 1.21497
774 1 0.749053
775 1 0.150861
776 1 -0.217788
777 1 0.151368
778 1 -0.415359
779 1 -0.726151
780 1 -0.0606353
781 1 0.998938
782 1 0.947219
783 1 1.64255
784 1 2.0523
785 1 2.21894
786 1 2.02619
787 1 2.21443
788 1 1.47585
789 1 0.883209
790 1 0.71015
791 1 1.36007
792 1 2.08614
793 1 1.14814
794 1 1.08947
795 1 0.607358
796 1 0.399229
797 1 0.133521
798 1 0.531209
799 1 0.224321
800 1 -0.252702
801 1 -0.973733
802 1 -1.17078
803 1 -1.65771
804 1 -1.81341
805 1 -1.40042
806 1 -1.40921
807 1 -1.05173
808 1 -0.591164
809 1 -0.362072
810 1 0.400641
811 1 -0.480358
812 1 -0.100276
813 1 -0.488459
814 1 -0.721113
815 1 -0.286236
816 1 -0.194729
817 1 0.405511
818 1 0.5282
819 1 0.591046
820 1 1.1144
821 1 1.49331
822 1 1.68811
823 1 1.04939
824 1 0.661206
825 1 -0.320662
826 1 -0.190861
827 1 0.176259
828 1 -0.25714
829 1 -0.170896
830 1 -0.0559425
831 1 0.493849
832 1 1.19872
833 1 1.84136
834 1 2.41148
835 1 2.265
836 1 2.90568
837 1 2.74627
838 1 2.38324
839 1 1.34624
840 1 1.31781
841 1 0.972792
842 1 1.3626
843 1 0.755644
844 1 0.274674
845 1 0.13048
846 1 0.276814
847 1 0.591029
848 1 0.50964
849 1 0.137215
850 1 -0.278541
851 1 -1.11347
852 1 -1.34224
853 1 -1.52916
854 1 -1.36548
855 1 -1.45604
856 1 -1.22546
857 1 -0.486818
858 1 0.106831
859 1 0.240335
860 1 0.264005
861 1 -0.0601431
862 1 -0.0525943
863 1 0.337875
864 1 0.179597
865 1 0.736777
866 1 0.69803
867 1 0.573131
868 1 0.230096
869 1 1.12449
870 1 1.35931
871 1 1.91243
872 1 1.4703
873 1 1.04243
874 1 0.39261
875 1 -0.677953
876 1 -0.222137
877 1 0.330106
878 1 -0.261649
879 1 -0.0452853
880 1 0.428477
881 1 0.891838
882 1 1.39616
883 1 1.41834
884 1 2.0588
885 1 2.36521
886 1 2.48905
887 1 2.75756
888 1 2.20083
889 1 1.52917
890 1 1.18737
891 1 1.24096
892 1 1.10067
893 1 0.616762
894 1 0.00923985
895 1 0.0584059
896 1 0.605731
897 1 0.182638
898 1 0.446983
899 1 0.0633015
900 1 -0.474248
901 1 -0.682067
902 1 -0.693378
903 1 -0.795489
904 1 -1.11936
905 1 -1.81422
906 1 -1.87263
907 1 -0.620318
908 1 0.028759
909 1 0.806325
910 1 0.927196
911 1 0.640038
912 1 0.812377
913 1 0.813357
914 1 0.932658
915 1 1.06339
916 1 1.38895
917 1 0.869161
918 1 0.451295
919 1 0.966701
920 1 2.33748
921 1 2.0009
922 1 1.44421
923 1 0.862017
924 1 -0.0117271
925 1 -0.427923
926 1 0.0181686
927 1 0.00328709
928 1 0.509574
929 1 0.16013
930 1 0.977326
931 1 0.985933
932 1 1.58121
933 1 1.58883
934 1 1.74719
935 1 1.9125
936 1 1.83006
937 1 1.35684
938 1 1.02955
939 1 1.10672
940 1 0.483413
941 1 0.483656
942 1 1.15466
943 1 0.636873
944 1 0.422668
945 1 0.786784
946 1 0.810306
947 1 0.567962
948 1 0.217084
949 1 0.238837
950 1 -0.0155914
951 1 -0.56103
952 1 -0.972199
953 1 -1.43012
954 1 -1.51655
955 1 -1.89343
956 1 -1.5391
957 1 -0.405715
958 1 0.670385
959 1 1.73425
960 1 1.60721
961 1 1.57255
962 1 1.14374
963 1 0.558377
964 1 0.893375
965 1 1.38103
966 1 1.23823
967 1 0.645746
968 1 0.436658
969 1 1.32431
970 1 1.96809
971 1 1.62076
972 1 1.48648
973 1 1.24987
974 1 0.377875
975 1 -0.115276
976 1 0.0960163
977 1 0.218327
978 1 0.254219
979 1 0.339575
980 1 0.688552
981 1 0.943959
982 1 1.29804
983 1 1.43712
984 1 1.40509
985 1 1.64684
986 1 1.20701
987 1 0.331432
988 1 0.430772
989 1 0.49523
990 1 0.470253
991 1 0.422244
992 1 0.410251
993 1 0.0635174
994 1 -0.0327531
995 1 0.271333
996 1 0.560629
997 1 0.749131
998 1 -0.0759359
999 1 0.304401
1000 1 0.0860857
1001 1 -0.46668
1002 1 -1.21428
1003 1 -1.2586
1004 1 -1.3695
1005 1 -1.17232
1006 1 -0.388442
1007 1 -0.064134
1008 1 0.818903
1009 1 1.71605
1010 1 2.00905
1011 1 1.78171
1012 1 1.26611
1013 1 1.1246
1014 1 0.864008
1015 1 1.10529
1016 1 1.59364
1017 1 0.641657
1018 1 0.692989
1019 1 1.15342
1020 1 1.65694
1021 1 1.24286
1022 1 0.650507
1023 1 0.493704
1024 1 0.108047
1025 1 -0.253335
1026 1 -0.31792
1027 1 -0.103243
1028 1 -0.231551
1029 1 -0.0714793
1030 1 -0.085251
1031 1 0.121427
1032 1 0.944038
1033 1 1.4825
1034 1 1.29151
1035 1 1.29456
1036 1 0.759727
1037 1 0.131713
1038 1 -0.288254
1039 1 -0.04203
1040 1 0.360995
1041 1 -0.208234
1042 1 -0.473411
1043 1 -1.13717
1044 1 -0.286316
1045 1 0.326482
1046 1 -0.154331
1047 1 0.0831305
1048 1 0.343794
1049 1 0.250464
1050 1 -0.197869
1051 1 -0.918015
1052 1 -0.973948
1053 1 -1.02808
1054 1 -1.13302
1055 1 -0.249272
1056 1 0.495799
1057 1 0.757071
1058 1 1.13376
1059 1 1.6279
1060 1 1.94776
1061 1 1.95693
1062 1 1.36244
1063 1 1.44728
1064 1 0.752029
1065 1 1.07977
1066 1 0.810845
1067 1 0.227454
1068 1 0.791859
1069 1 1.21181
1070 1 1.46522
1071 1 0.987644
1072 1 0.607032
1073 1 0.175485
1074 1 -0.0925623
1075 1 -0.949344
1076 1 -0.734975
1077 1 -0.590274
1078 1 -1.11852
1079 1 -0.49414
1080 1 -0.61354
1081 1 -0.197262
1082 1 0.274207
1083 1 1.05124
1084 1 1.36015
1085 1 1.16552
1086 1 0.81735
1087 1 -0.327397
1088 1 -0.919463
1089 1 -0.464693
1090 1 -0.49313
1091 1 -0.366318
1092 1 -0.591853
1093 1 -0.888138
1094 1 -0.94648
1095 1 -0.172812
1096 1 -0.2182
1097 1 -0.103457
1098 1 -0.0279723
1099 1 0.146094
1100 1 -0.167999
1101 1 -1.0072
1102 1 -1.52021
1103 1 -1.22663
1104 1 -0.321618
1105 1 -0.165688
1106 1 0.445637
1107 1 1.40871
1108 1 1.91072
1109 1 2.22868
1110 1 1.91187
1111 1 1.65861
1112 1 1.30994
1113 1 1.04243
1114 1 0.29959
1115 1 0.325919
1116 1 0.754564
1117 1 0.765131
1118 1 1.02477
1119 1 0.726595
1120 1 0.969485
1121 1 0.83209
1122 1 0.330503
1123 1 -0.106609
1124 1 -0.31446
1125 1 -0.527464
1126 1 -0.31944
1127 1 -0.0652205
1128 1 -0.20367
1129 1 -0.69464
1130 1 -0.864239
1131 1 -0.357995
1132 1 -0.257968
1133 1 0.40743
1134 1 0.398104
1135 1 0.558278
1136 1 -0.0750409
1137 1 -1.15461
1138 1 -0.868527
1139 1 -0.606983
1140 1 -0.54932
1141 1 -0.303726
1142 1 -0.749507
1143 1 -1.1079
1144 1 -0.679051
1145 1 0.0704858
1146 1 -0.125678
1147 1 -0.0456893
1148 1 -0.517828
1149 1 0.0161363
1150 1 -0.319552
1151 1 -0.796949
1152 1 -1.28121
1153 1 -0.525918
1154 1 0.568303
1155 1 0.754875
1156 1 0.986651
1157 1 1.81593
1158 1 2.63836
1159 1 2.61157
1160 1 2.08884
1161 1 1.70723
1162 1 1.41765
1163 1 1.16782
1164 1 0.363241
1165 1 0.567251
1166 1 0.24463
1167 1 0.740316
1168 1 0.90954
1169 1 0.938178
1170 1 0.845518
1171 1 1.28427
1172 1 0.781947
1173 1 0.582806
1174 1 -0.137629
1175 1 0.0579151
1176 1 -0.276476
1177 1 -0.487485
1178 1 -0.751263
1179 1 -0.336773
1180 1 -0.178406
1181 1 0.032809
1182 1 0.655924
1183 1 0.224749
1184 1 0.171573
1185 1 -0.312685
1186 1 -0.781916
1187 1 -0.764778
1188 1 -1.40797
1189 1 -1.33349
1190 1 -0.787436
1191 1 -0.332166
1192 1 -0.97213
1193 1 -0.471492
1194 1 0.195638
1195 1 0.294805
1196 1 -0.0114919
1197 1 0.453556
1198 1 0.102421
1199 1 0.0533911
1200 1 -0.432301
1201 1 -0.515135
1202 1 -0.811483
1203 1 -0.812314
1204 1 -0.300776
1205 1 0.244004
1206 1 0.97789
1207 1 1.77391
1208 1 2.21116
1209 1 1.90692
1210 1 1.22061
1211 1 0.988938
1212 1 0.274693
1213 1 0.420754
1214 1 0.698176
1215 1 0.477669
1216 1 0.136973
1217 1 0.994726
1218 1 1.06287
1219 1 1.298
1220 1 1.15121
1221 1 1.66314
1222 1 0.970663
1223 1 0.862972
1224 1 0.595944
1225 1 1.1283
1226 1 0.707234
1227 1 0.371183
1228 1 -0.34001
1229 1 0.289575
1230 1 0.366909
1231 1 0.201683
1232 1 0.885581
1233 1 0.690804
1234 1 0.415756
1235 1 -0.367675
1236 1 -0.579906
1237 1 -1.28366
1238 1 -2.12836
1239 1 -1.40613
1240 1 -0.814737
1241 1 -0.851313
1242 1 -0.334008
1243 1 0.0513594
1244 1 0.512119
1245 1 0.669795
1246 1 0.0434957
1247 1 0.826957
1248 1 -0.122546
1249 1 -0.0125567
1250 1 -0.0857291
1251 1 -0.773006
1252 1 -0.464553
1253 1 -1.0125
1254 1 -0.476145
1255 1 -0.050787
1256 1 1.0906
1257 1 1.14604
1258 1 0.924971
1259 1 0.981341
1260 1 1.14336
1261 1 0.516797
1262 1 0.388494
1263 1 -0.243778
1264 1 0.359748
1265 1 0.213243
1266 1 0.360328
1267 1 0.986617
1268 1 0.805344
1269 1 1.12607
1270 1 1.2259
1271 1 1.82689
1272 1 0.759152
1273 1 0.916081
1274 1 1.20289
1275 1 1.14213
1276 1 1.04135
1277 1 0.821627
1278 1 1.04814
1279 1 1.06352
1280 1 0.857363
1281 1 0.829302
1282 1 1.01219
1283 1 1.48301
1284 1 1.19608
1285 1 0.822861
1286 1 0.372751
1287 1 -0.323529
1288 1 -0.789291
1289 1 -0.42342
1290 1 -0.481573
1291 1 -0.447035
1292 1 0.0870601
1293 1 0.334682
1294 1 0.431273
1295 1 0.773013
1296 1 0.60116
1297 1 1.15505
1298 1 0.399091
1299 1 0.45341
1300 1 -0.0429752
1301 1 -0.907138
1302 1 -0.729553
1303 1 -0.456911
1304 1 -0.558582
1305 1 -0.0500084
1306 1 1.10324
1307 1 0.961465
1308 1 0.787631
1309 1 0.573324
1310 1 1.1768
1311 1 0.31737
1312 1 -0.0606105
1313 1 -0.0246506
1314 1 -0.923546
1315 1 -1.04199
1316 1 -0.256524
1317 1 0.417537
1318 1 0.529111
1319 1 1.03894
1320 1 0.964404
1321 1 0.939495
1322 1 0.640327
1323 1 1.16861
1324 1 1.35253
1325 1 1.2237
1326 1 1.18084
1327 1 0.618295
1328 1 0.945923
1329 1 1.34701
1330 1 1.50856
1331 1 1.63504
1332 1 1.35726
1333 1 1.54623
1334 1 0.663422
1335 1 1.50403
1336 1 1.54498
1337 1 0.839689
1338 1 0.770233
1339 1 0.696889
1340 1 0.402852
1341 1 0.0561343
1342 1 -0.195672
1343 1 0.24544
1344 1 0.468064
1345 1 0.692795
1346 1 0.737195
1347 1 1.3245
1348 1 0.450924
1349 1 0.184149
1350 1 -0.601555
1351 1 -1.0174
1352 1 -0.566805
1353 1 0.094353
1354 1 0.0802961
1355 1 0.011615
1356 1 0.450123
1357 1 1.12419
1358 1 0.868033
1359 1 0.704977
1360 1 0.164944
1361 1 -0.0628805
1362 1 -0.397427
1363 1 -0.63142
1364 1 -1.168
1365 1 -0.86987
1366 1 -0.291027
1367 1 0.384214
1368 1 0.387363
1369 1 0.691549
1370 1 0.57394
1371 1 0.132045
1372 1 0.349996
1373 1 0.735705
1374 1 1.3786
1375 1 1.56869
1376 1 1.81199
1377 1 1.55371
1378 1 0.954565
1379 1 1.26661
1380 1 1.1958
1381 1 1.35032
1382 1 1.1747
1383 1 0.905591
1384 1 0.75114
1385 1 1.18369
1386 1 1.85487
1387 1 1.42942
1388 1 1.30107
1389 1 1.17756
1390 1 0.760822
1391 1 0.993805
1392 1 0.587235
1393 1 0.357763
1394 1 0.633115
1395 1 0.620451
1396 1 0.673806
1397 1 0.950308
1398 1 0.0656739
1399 1 -0.00162117
1400 1 -0.494023
1401 1 -0.590799
1402 1 -0.372798
1403 1 -0.121397
1404 1 0.0355967
1405 1 0.386485
1406 1 0.804233
1407 1 1.03904
1408 1 0.615174
1409 1 0.236201
1410 1 0.631163
1411 1 0.168725
1412 1 -0.365482
1413 1 -0.931396
1414 1 -0.945824
1415 1 -0.367079
1416 1 -0.302354
1417 1 -0.0412161
1418 1 0.0166192
1419 1 0.359982
1420 1 0.437668
1421 1 0.417864
1422 1 0.535536
1423 1 1.26899
1424 1 1.64571
1425 1 1.41218
1426 1 1.57753
1427 1 1.98316
1428 1 1.53021
1429 1 1.77116
1430 1 1.66482
1431 1 0.963341
1432 1 0.556222
1433 1 -0.347689
1434 1 0.585947
1435 1 0.797175
1436 1 1.70081
1437 1 2.08903
1438 1 1.70974
1439 1 1.07357
1440 1 0.995426
1441 1 1.3378
1442 1 1.11818
1443 1 0.417973
1444 1 0.579536
1445 1 0.644988
1446 1 0.654729
1447 1 0.856771
1448 1 0.953033
1449 1 0.447
1450 1 -0.589527
1451 1 -0.675514
1452 1 -0.646557
1453 1 -0.326284
1454 1 0.420688
1455 1 0.64107
1456 1 0.917458
1457 1 0.663573
1458 1 0.48978
1459 1 -0.146766
1460 1 -0.591323
1461 1 0.0560021
1462 1 -0.627053
1463 1 -0.93597
1464 1 -0.628725
1465 1 -0.495628
1466 1 -0.373603
1467 1 -0.452802
1468 1 0.0104273
1469 1 0.511715
1470 1 0.632412
1471 1 0.500664
1472 1 0.815252
1473 1 1.09119
1474 1 1.3829
1475 1 0.944576
1476 1 1.42168
1477 1 1.69554
1478 1 1.93504
1479 1 2.00152
1480 1 1.419
1481 1 0.89116
1482 1 0.697964
1483 1 -0.154192
1484 1 0.176411
1485 1 0.263107
1486 1 1.184
1487 1 1.47702
1488 1 1.37323
1489 1 0.951958
1490 1 0.974145
1491 1 1.68711
1492 1 1.54392
1493 1 0.66704
1494 1 0.57581
1495 1 0.833274
1496 1 1.49208
1497 1 0.98436
1498 1 0.880261
1499 1 0.716559
1500 1 -0.379713
1501 1 -0.849453
1502 1 -0.297305
1503 1 0.0776276
1504 1 0.816009
1505 1 1.49815
1506 1 0.80512
1507 1 -0.209337
1508 1 -0.738398
1509 1 -0.854975
1510 1 -1.08436
1511 1 -0.624923
1512 1 -1.06283
1513 1 -1.00084
1514 1 -0.896896
1515 1 -0.558462
1516 1 -0.288321
1517 1 -0.212106
1518 1 0.0397208
1519 1 0.71082
1520 1 0.171077
1521 1 0.257049
1522 1 0.236342
1523 1 0.562238
1524 1 1.05488
1525 1 1.26604
1526 1 0.983096
1527 1 1.4656
1528 1 2.27549
1529 1 1.71961
1530 1 0.872179
1531 1 0.316076
1532 1 0.198004
1533 1 0.0727553
1534 1 0.200956
1535 1 -0.179025
1536 1 0.564857
1537 1 1.28129
1538 1 1.33678
1539 1 1.03644
1540 1 0.774227
1541 1 1.62001
1542 1 1.95645
1543 1 1.73209
1544 1 1.64392
1545 1 2.03676
1546 1 1.91657
1547 1 1.39177
1548 1 0.625454
1549 1 0.443892
1550 1 0.0546459
1551 1 0.376088
1552 1 0.176994
1553 1 0.251991
1554 1 0.659821
1555 1 0.890307
1556 1 0.804647
1557 1 -0.259786
1558 1 -0.558167
1559 1 -0.461033
1560 1 -0.891024
1561 1 -1.33967
1562 1 -1.80084
1563 1 -1.35481
1564 1 -1.00316
1565 1 -0.314083
1566 1 0.203509
1567 1 0.0282889
1568 1 -0.266107
1569 1 0.398342
1570 1 0.0881506
1571 1 -0.0748398
1572 1 -0.359102
1573 1 0.136219
1574 1 0.460457
1575 1 0.762673
1576 1 0.683359
1577 1 1.13071
1578 1 1.23949
1579 1 1.04054
1580 1 0.224823
1581 1 -0.12718
1582 1 -0.324315
1583 1 -0.578201
1584 1 -0.521746
1585 1 -0.772237
1586 1 -0.289742
1587 1 0.312473
1588 1 0.97549
1589 1 1.00877
1590 1 0.887098
1591 1 2.02198
1592 1 2.01772
1593 1 1.78108
1594 1 2.49824
1595 1 2.89108
1596 1 2.554
1597 1 1.3979
1598 1 0.675513
1599 1 0.494589
1600 1 0.119399
1601 1 0.459668
1602 1 0.288224
1603 1 0.209093
1604 1 0.0612054
1605 1 0.332696
1606 1 -0.133587
1607 1 -0.676594
1608 1 -0.725804
1609 1 -0.923062
1610 1 -0.715909
1611 1 -1.01265
1612 1 -1.30958
1613 1 -1.32005
1614 1 -1.06486
1615 1 -0.816993
1616 1 -0.379822
1617 1 -0.435389
1618 1 -0.024272
1619 1 0.551923
1620 1 0.514583
1621 1 0.152113
1622 1 0.541276
1623 1 0.677998
1624 1 0.593682
1625 1 0.869916
1626 1 0.869702
1627 1 0.829723
1628 1 0.481218
1629 1 0.497224
1630 1 0.412658
1631 1 -0.236914
1632 1 -0.533276
1633 1 -0.620119
1634 1 -0.398472
1635 1 -0.830858
1636 1 -0.050944
1637 1 0.162222
1638 1 0.796968
1639 1 1.31034
1640 1 0.910541
1641 1 1.29272
1642 1 1.4067
1643 1 1.22968
1644 1 2.07272
1645 1 2.51184
1646 1 2.0376
1647 1 0.949555
1648 1 0.765633
1649 1 0.359101
1650 1 -0.264215
1651 1 0.463347
1652 1 0.272158
1653 1 0.105584
1654 1 -0.0235029
1655 1 0.380039
1656 1 -0.306241
1657 1 -0.604661
1658 1 -0.528244
1659 1 -0.998829
1660 1 -0.419036
1661 1 -0.753591
1662 1 -0.785494
1663 1 -1.39716
1664 1 -0.747424
1665 1 -1.18978
1666 1 -0.751522
1667 1 0.0326226
1668 1 0.600999
1669 1 0.861032
1670 1 0.70479
1671 1 0.569771
1672 1 0.203362
1673 1 0.795422
1674 1 0.419679
1675 1 1.59588
1676 1 1.06364
1677 1 0.100175
1678 1 0.0435073
1679 1 -0.298843
1680 1 0.0658127
1681 1 -0.477622
1682 1 -0.172248
1683 1 -0.412577
1684 1 -0.820866
1685 1 -1.61305
1686 1 -0.960745
1687 1 -0.206415
1688 1 0.159341
1689 1 0.286492
1690 1 0.580028
1691 1 0.479273
1692 1 0.568338
1693 1 0.606202
1694 1 0.710555
1695 1 1.04085
1696 1 0.706838
1697 1 0.606152
1698 1 0.732571
1699 1 -0.0172951
1700 1 -0.178979
1701 1 0.271771
1702 1 0.831418
1703 1 0.0773919
1704 1 0.459868
1705 1 0.839737
1706 1 0.0725234
1707 1 -0.515643
1708 1 -0.668184
1709 1 -0.603797
1710 1 -0.394854
1711 1 0.577041
1712 1 0.0826489
1713 1 -0.702523
1714 1 -0.630772
1715 1 -0.868094
1716 1 -1.08629
1717 1 -0.409107
1718 1 0.983077
1719 1 0.489019
1720 1 0.422705
1721 1 0.183562
1722 1 0.551468
1723 1 0.706564
1724 1 0.721621
1725 1 1.30889
1726 1 0.265659
1727 1 -0.254292
1728 1 -0.307962
1729 1 -0.126692
1730 1 -0.58846
1731 1 -0.447452
1732 1 -0.247479
1733 1 -0.697812
1734 1 -1.21001
1735 1 -1.44274
1736 1 -1.01803
1737 1 -0.403804
1738 1 -0.253707
1739 1 0.239236
1740 1 0.486675
1741 1 0.129169
1742 1 0.0137832
1743 1 0.0127984
1744 1 -0.237063
1745 1 -0.530405
1746 1 -0.352285
1747 1 0.116896
1748 1 0.229025
1749 1 0.0870308
1750 1 0.177012
1751 1 0.514611
1752 1 0.894986
1753 1 0.303966
1754 1 0.156678
1755 1 0.601024
1756 1 0.196005
1757 1 -0.0065232
1758 1 -0.154872
1759 1 -0.750453
1760 1 -0.835084
1761 1 0.241189
1762 1 -0.538805
1763 1 -0.566342
1764 1 0.0471458
1765 1 -0.347013
1766 1 -0.435707
1767 1 -0.241349
1768 1 0.248431
1769 1 -0.0756614
1770 1 -0.248601
1771 1 0.00688865
1772 1 0.711604
1773 1 0.505655
1774 1 0.474452
1775 1 0.990001
1776 1 0.0753502
1777 1 0.449362
1778 1 0.656299
1779 1 0.392763
1780 1 -0.0624693
1781 1 -0.436646
1782 1 -0.692967
1783 1 -0.689285
1784 1 -1.47016
1785 1 -2.05071
1786 1 -1.80527
1787 1 -1.23424
1788 1 -0.453016
1789 1 -0.116858
1790 1 0.382797
1791 1 -0.316534
1792 1 -0.444987
1793 1 -0.757714
1794 1 -0.600549
1795 1 -0.861193
1796 1 -0.657064
1797 1 -0.231954
1798 1 -0.125632
1799 1 -0.052401
1800 1 -0.0788966
1801 1 0.37018
1802 1 1.06825
1803 1 0.862512
1804 1 0.848182
1805 1 0.748103
1806 1 0.674929
1807 1 0.219243
1808 1 -0.406736
1809 1 -0.729274
1810 1 -0.569412
1811 1 0.320235
1812 1 0.0974009
1813 1 -0.50564
1814 1 0.367025
1815 1 -0.0363455
1816 1 -0.691775
1817 1 -0.846302
1818 1 0.247319
1819 1 -0.183573
1820 1 -0.450357
1821 1 0.134204
1822 1 0.516041
1823 1 0.698513
1824 1 -0.0457321
1825 1 -0.35203
1826 1 -0.0700446
1827 1 1.16243
1828 1 0.958032
1829 1 0.416929
1830 1 0.807046
1831 1 0.523079
1832 1 0.0513721
1833 1 -0.284818
1834 1 -1.26957
1835 1 -1.81359
1836 1 -1.65169
1837 1 -1.35462
1838 1 -0.764803
1839 1 -0.0353141
1840 1 0.546373
1841 1 -0.179144
1842 1 -0.415176
1843 1 -0.524296
1844 1 0.228569
1845 1 -0.349741
1846 1 -0.421625
1847 1 -0.449877
1848 1 -0.799874
1849 1 -0.549415
1850 1 -0.613677
1851 1 0.00504988
1852 1 0.702058
1853 1 0.764701
1854 1 0.438418
1855 1 0.0876709
1856 1 -0.631538
1857 1 0.0236294
1858 1 -0.295553
1859 1 -0.299375
1860 1 0.0237105
1861 1 0.265093
1862 1 -0.371041
1863 1 -0.605484
1864 1 0.38016
1865 1 0.33166
1866 1 0.394314
1867 1 0.136923
1868 1 -0.331349
1869 1 -0.276004
1870 1 -0.960441
1871 1 -0.553332
1872 1 0.0173718
1873 1 -0.405887
1874 1 -0.963375
1875 1 -1.0523
1876 1 -0.0376131
1877 1 0.36279
1878 1 0.775897
1879 1 0.326444
1880 1 1.10396
1881 1 0.433988
1882 1 0.524319
1883 1 -0.0863538
1884 1 -0.360454
1885 1 -1.02771
1886 1 -1.191
1887 1 -1.15222
1888 1 -0.757164
1889 1 -0.484903
1890 1 0.35925
1891 1 -0.0779252
1892 1 -0.101855
1893 1 0.217088
1894 1 0.701448
1895 1 0.92918
1896 1 0.371467
1897 1 -0.0862413
1898 1 -0.503308
1899 1 -0.52977
1900 1 -0.45747
1901 1 -0.0968443
1902 1 0.889209
1903 1 1.4891
1904 1 0.86467
1905 1 -0.00641921
1906 1 -0.794109
1907 1 -0.176553
1908 1 -0.148191
1909 1 0.319878
1910 1 0.742015
1911 1 0.827364
1912 1 0.563912
1913 1 0.0854103
1914 1 0.62295
1915 1 0.754492
1916 1 0.306818
1917 1 0.299734
1918 1 -0.418142
1919 1 -0.922489
1920 1 -1.6378
1921 1 -0.84937
1922 1 -0.490378
1923 1 -0.923402
1924 1 -1.26502
1925 1 -0.97682
1926 1 -0.695284
1927 1 -0.00136634
1928 1 0.44819
1929 1 0.843776
1930 1 1.23362
1931 1 0.613321
1932 1 0.611573
1933 1 -0.416645
1934 1 -0.19278
1935 1 -0.369616
1936 1 -0.316959
1937 1 -0.127478
1938 1 -0.403951
1939 1 0.113467
1940 1 0.315063
1941 1 0.482806
1942 1 0.1283
1943 1 0.340714
1944 1 0.55005
1945 1 0.4817
1946 1 0.101882
1947 1 -0.244336
1948 1 -0.367532
1949 1 -0.326955
1950 1 -0.597608
1951 1 -0.851383
1952 1 0.44106
1953 1 1.12432
1954 1 0.689319
1955 1 -0.0506347
1956 1 -0.166763
1957 1 -0.311276
1958 1 -0.215962
1959 1 0.334002
1960 1 0.980345
1961 1 1.3136
1962 1 1.04003
1963 1 0.704106
1964 1 0.292041
1965 1 0.840475
1966 1 0.421444
1967 1 0.174342
1968 1 -0.502897
1969 1 -1.43525
1970 1 -1.50101
1971 1 -0.920413
1972 1 -0.969193
1973 1 -0.866784
1974 1 -0.536934
1975 1 -0.305847
1976 1 -0.872845
1977 1 -0.316748
1978 1 -0.151791
1979 1 0.0409203
1980 1 1.09882
1981 1 0.95112
1982 1 0.372632
1983 1 -0.412433
1984 1 -0.120908
1985 1 0.262145
1986 1 -0.142953
1987 1 -0.155353
1988 1 -0.0480793
1989 1 0.0218975
1990 1 0.125731
1991 1 -0.242343
1992 1 0.161279
1993 1 -0.223455
1994 1 -0.22719
1995 1 -0.362298
1996 1 -0.110389
1997 1 -0.205105
1998 1 -0.459185
1999 1 -0.181967
2000 1 -0.330915
2001 1 -0.774453
2002 1 -0.631054
2003 1 0.272044
2004 1 0.437542
2005 1 0.177341
2006 1 -0.144212
2007 1 -0.287676
2008 1 -0.61931
2009 1 -0.17871
2010 1 0.954079
2011 1 1.21384
2012 1 1.45698
2013 1 1.03065
2014 1 0.773201
2015 1 0.619774
2016 1 0.209071
2017 1 0.438772
2018 1 -0.559466
2019 1 -0.883173
2020 1 -1.58432
2021 1 -1.28853
2022 1 -1.15715
2023 1 -0.646197
2024 1 0.132793
2025 1 -0.0209429
2026 1 -0.0653064
2027 1 0.379236
2028 1 0.770901
2029 1 0.469435
2030 1 0.724976
2031 1 1.11188
2032 1 0.931237
2033 1 0.0159701
2034 1 0.420625
2035 1 0.842459
2036 1 0.240816
2037 1 -0.0494145
2038 1 -0.119792
2039 1 0.296899
2040 1 0.606635
2041 1 0.215102
2042 1 0.165968
2043 1 -0.278236
2044 1 -0.231734
2045 1 -0.454949
2046 1 -0.353033
2047 1 -0.692783
2048 1 -0.581986
2049 1 -0.193813
2050 1 -0.46756
2051 1 -0.551991
2052 1 -0.679546
2053 1 -0.279845
2054 1 -0.315771
2055 1 0.0151644
2056 1 0.151685
2057 1 0.138593
2058 1 0.246338
2059 1 0.22231
2060 1 0.374101
2061 1 1.18996
2062 1 1.64853
2063 1 1.48114
2064 1 0.991824
2065 1 0.797924
2066 1 0.553159
2067 1 -0.0421844
2068 1 -0.95901
2069 1 -1.5787
2070 1 -1.24733
2071 1 -1.40714
2072 1 -0.58502
2073 1 -0.216921
2074 1 0.359062
2075 1 0.700747
2076 1 0.954766
2077 1 0.878671
2078 1 1.32137
2079 1 0.445715
2080 1 0.439778
2081 1 0.92333
2082 1 0.89653
2083 1 0.261957
2084 1 0.476134
2085 1 0.633805
2086 1 0.32878
2087 1 0.0629025
2088 1 0.298361
2089 1 0.188973
2090 1 0.135378
2091 1 0.0790597
2092 1 -0.0776723
2093 1 -0.502391
2094 1 -0.917719
2095 1 -0.679336
2096 1 -0.493441
2097 1 -0.745262
2098 1 -0.96243
2099 1 -0.126205
2100 1 -0.654204
2101 1 -0.183067
2102 1 -0.218233
2103 1 -0.431248
2104 1 -0.30629
2105 1 -0.0206468
2106 1 0.230871
2107 1 0.891657
2108 1 0.976719
2109 1 0.583119
2110 1 0.704272
2111 1 0.749188
2112 1 1.15414
2113 1 0.978332
2114 1 1.17403
2115 1 0.786178
2116 1 0.35699
2117 1 -0.492339
2118 1 -0.743441
2119 1 -0.868214
2120 1 -1.12737
2121 1 -1.18334
2122 1 0.297475
2123 1 0.570928
2124 1 0.855938
2125 1 0.910932
2126 1 1.05883
2127 1 0.603638
2128 1 0.937818
2129 1 0.681891
2130 1 0.83971
2131 1 0.908666
2132 1 0.943432
2133 1 0.765403
2134 1 0.381707
2135 1 0.639245
2136 1 0.74079
2137 1 0.28694
2138 1 0.665867
2139 1 0.512448
2140 1 0.564842
2141 1 1.02095
2142 1 0.403358
2143 1 0.099758
2144 1 -0.247368
2145 1 -0.411012
2146 1 -0.474767
2147 1 -0.819506
2148 1 -0.490373
2149 1 -0.442559
2150 1 -0.134393
2151 1 -0.4412
2152 1 -0.632841
2153 1 -0.533994
2154 1 -0.023781
2155 1 0.158581
2156 1 0.31585
2157 1 0.741111
2158 1 1.17267
2159 1 0.538365
2160 1 0.729219
2161 1 1.18737
2162 1 0.575643
2163 1 1.20035
2164 1 0.990651
2165 1 1.352
2166 1 0.599121
2167 1 -0.103012
2168 1 -0.0949013
2169 1 0.0947758
2170 1 0.0812083
2171 1 -0.484769
2172 1 0.294533
2173 1 0.615979
2174 1 1.11112
2175 1 1.36327
2176 1 1.53568
2177 1 1.06643
2178 1 0.869651
2179 1 0.970818
2180 1 0.950794
2181 1 0.793259
2182 1 1.04793
2183 1 1.01812
2184 1 0.88272
2185 1 0.933442
2186 1 1.10242
2187 1 0.892372
2188 1 0.849096
2189 1 0.329078
2190 1 0.684077
2191 1 0.635838
2192 1 0.305841
2193 1 -0.0973381
2194 1 0.0306655
2195 1 -0.28538
2196 1 -0.453863
2197 1 -0.229592
2198 1 -0.36317
2199 1 -0.406629
2200 1 0.0399973
2201 1 0.0245077
2202 1 0.151011
2203 1 0.00625717
2204 1 -0.0433354
2205 1 0.163855
2206 1 -0.132258
2207 1 0.6561
2208 1 0.804496
2209 1 0.46559
2210 1 0.702842
2211 1 1.11806
2212 1 1.29453
2213 1 1.57893
2214 1 1.45509
2215 1 1.23597
2216 1 1.32375
2217 1 0.395977
2218 1 -0.0275272
2219 1 -0.481876
2220 1 -0.183538
2221 1 0.00390338
2222 1 -0.173882
2223 1 0.481003
2224 1 0.576549
2225 1 0.500913
2226 1 1.36138
2227 1 0.97632
2228 1 0.851395
2229 1 1.07578
2230 1 0.987351
2231 1 0.968187
2232 1 1.59562
2233 1 2.29162
2234 1 2.04749
2235 1 1.73987
2236 1 1.1528
2237 1 0.995781
2238 1 0.771057
2239 1 0.426019
2240 1 0.548213
2241 1 0.686442
2242 1 0.481502
2243 1 -0.586142
2244 1 -0.300679
2245 1 -0.224435
2246 1 0.192848
2247 1 0.646925
2248 1 0.659292
2249 1 -0.219612
2250 1 0.612679
2251 1 0.522521
2252 1 0.651811
2253 1 0.0715387
2254 1 0.240845
2255 1 -0.0124692
2256 1 0.0947366
2257 1 0.415001
2258 1 0.521007
2259 1 0.618599
2260 1 0.554403
2261 1 0.358984
2262 1 0.986804
2263 1 1.34672
2264 1 1.50226
2265 1 1.52168
2266 1 1.6251
2267 1 0.416257
2268 1 0.192293
2269 1 -0.625373
2270 1 -0.0417693
2271 1 0.102381
2272 1 -0.6194
2273 1 -0.490207
2274 1 -0.279689
2275 1 0.53952
2276 1 0.736091
2277 1 0.551164
2278 1 0.40095
2279 1 0.607417
2280 1 0.701383
2281 1 0.559495
2282 1 1.15675
2283 1 1.99228
2284 1 2.14246
2285 1 1.54866
2286 1 1.66191
2287 1 0.916892
2288 1 0.407307
2289 1 0.0111982
2290 1 0.131556
2291 1 0.609773
2292 1 0.762957
2293 1 0.241323
2294 1 -0.293679
2295 1 -0.166811
2296 1 0.113925
2297 1 0.306981
2298 1 -0.020616
2299 1 -0.345333
2300 1 -0.034413
2301 1 0.197772
2302 1 0.228478
2303 1 0.645117
2304 1 0.526191
2305 1 -0.509434
2306 1 -0.395549
2307 1 -0.0247249
2308 1 -0.044729
2309 1 0.500202
2310 1 0.465496
2311 1 0.336207
2312 1 0.420318
2313 1 0.191185
2314 1 0.0137471
2315 1 0.612424
2316 1 0.87438
2317 1 0.409974
2318 1 0.169036
2319 1 -0.383002
2320 1 -0.282421
2321 1 -0.0662788
2322 1 0.193926
2323 1 0.261656
2324 1 -0.414967
2325 1 0.289672
2326 1 0.524605
2327 1 0.0635194
2328 1 0.339188
2329 1 0.264341
2330 1 0.767042
2331 1 0.848165
2332 1 1.10225
2333 1 1.71334
2334 1 2.18661
2335 1 1.41998
2336 1 1.27035
2337 1 0.607532
2338 1 0.623127
2339 1 0.295007
2340 1 0.0531266
2341 1 0.321631
2342 1 0.613223
2343 1 0.186816
2344 1 -0.0774339
2345 1 -0.188468
2346 1 -0.29242
2347 1 -0.185158
2348 1 -0.226236
2349 1 -0.0106367
2350 1 -0.310601
2351 1 -0.213353
2352 1 -0.174184
2353 1 0.164758
2354 1 0.126363
2355 1 -0.401741
2356 1 -0.829063
2357 1 -0.327919
2358 1 -0.22723
2359 1 0.158233
2360 1 0.245943
2361 1 0.473086
2362 1 -0.251404
2363 1 -0.407972
2364 1 -0.35557
2365 1 0.153948
2366 1 0.310274
2367 1 0.0677743
2368 1 -0.0792398
2369 1 -0.741205
2370 1 -0.266673
2371 1 -0.197987
2372 1 0.271298
2373 1 0.159214
2374 1 -0.692336
2375 1 0.151935
2376 1 0.548256
2377 1 0.311271
2378 1 0.143088
2379 1 -0.227023
2380 1 0.521928
2381 1 0.668564
2382 1 0.91318
2383 1 1.73606
2384 1 1.75676
2385 1 1.36375
2386 1 1.11926
2387 1 0.37105
2388 1 0.111111
2389 1 0.147248
2390 1 0.0273218
2391 1 0.309115
2392 1 0.710295
2393 1 -0.16097
2394 1 -0.0185386
2395 1 -0.070648
2396 1 -0.7556
2397 1 -1.15173
2398 1 -0.763141
2399 1 0.346959
2400 1 -0.115811
2401 1 -0.519801
2402 1 -0.327704
2403 1 -0.0435999
2404 1 0.351895
2405 1 -0.0973795
2406 1 -0.201281
2407 1 -0.0149219
2408 1 -0.336451
2409 1 -0.446813
2410 1 0.0969184
2411 1 -0.341823
2412 1 -0.662829
2413 1 -0.709253
2414 1 -0.258256
2415 1 0.313206
2416 1 0.623762
2417 1 0.0802679
2418 1 -0.0345165
2419 1 -0.423241
2420 1 -0.304968
2421 1 -0.108017
2422 1 0.178031
2423 1 0.11982
2424 1 -0.704454
2425 1 -0.225355
2426 1 0.798349
2427 1 0.195366
2428 1 -0.115821
2429 1 -0.407897
2430 1 -0.0780914
2431 1 -0.371405
2432 1 0.107192
2433 1 1.06006
2434 1 1.34821
2435 1 1.02111
2436 1 0.249895
2437 1 -0.0633477
2438 1 -0.400609
2439 1 -0.366597
2440 1 0.391164
2441 1 0.535824
2442 1 0.204466
2443 1 -0.487799
2444 1 -0.522284
2445 1 -0.762827
2446 1 -1.44198
2447 1 -1.13715
2448 1 -1.17104
2449 1 0.522619
2450 1 -0.11696
2451 1 -0.00233643
2452 1 -0.212178
2453 1 -0.208657
2454 1 0.185519
2455 1 0.0768129
2456 1 0.229449
2457 1 0.242219
2458 1 -0.584316
2459 1 -0.469719
2460 1 -0.336863
2461 1 -0.583184
2462 1 -0.456039
2463 1 -0.284416
2464 1 0.317333
2465 1 0.243069
2466 1 0.404255
2467 1 0.118786
2468 1 -0.0404319
2469 1 -0.108849
2470 1 0.058148
2471 1 0.0884959
2472 1 0.40015
2473 1 0.0928869
2474 1 -0.506757
2475 1 -0.415662
2476 1 0.14471
2477 1 0.478766
2478 1 -0.130492
2479 1 -0.115293
2480 1 -0.6393
2481 1 0.0778037
2482 1 0.114687
2483 1 0.507188
2484 1 0.564968
2485 1 0.232482
2486 1 -0.13169
2487 1 -0.00529716
2488 1 -0.267743
2489 1 -0.352071
2490 1 0.202486
2491 1 0.568791
2492 1 0.216445
2493 1 0.0298245
2494 1 -0.143438
2495 1 -0.326401
2496 1 -0.779403
2497 1 -0.376495
2498 1 -0.681997
2499 1 0.261262
