"ret" "time"
-0.3555316202 1
1.4254090423 2
-0.443939877 3
1.0256500167 4
1.6775789505 5
0.3690041087 6
-0.9410092699 7
-1.0518825129 8
-0.295659401 9
0.1076136773 10
-1.7796574082 11
0.8883618387 12
-0.8172205656 13
-0.5485477277 14
-0.3581764402 15
0.6053953548 16
-0.9094729906 17
0.4419896698 18
0.3302149396 19
0.7935463724 20
0.5978278675 21
1.2920771947 22
0.1069232927 23
0.2934509242 24
0.1597019237 25
-0.2129926258 26
0.7963939092 27
-0.903060586 28
0.5321992338 29
0.4765696073 30
1.0248414491 31
0.495502383 32
-1.4411359072 33
0.368809691 34
0.5506766243 35
-0.2880714314 36
0.418739162 37
-0.1045205217 38
1.2367648809 39
0.0361448898 40
0.9505530789 41
0.2298558029 42
-0.6911585174 43
0.1540041372 44
-0.7724034282 45
0.874941248 46
-0.1949118385 47
-0.8870152532 48
-0.3736576043 49
-1.4559804705 50
-0.7307032406 51
-1.2136914829 52
1.3623824986 53
0.3707631366 54
-0.3177127375 55
-0.6011136009 56
0.3355797221 57
0.3291572307 58
0.2910902053 59
-0.1163344217 60
-0.0264585264 61
0.7382053033 62
0.3932368418 63
0.8597161197 64
-0.5984146907 65
0.3906763662 66
-0.3906763662 67
0.3646787058 68
-1.5459498247 69
-0.6357637308 70
-0.2927480467 71
-0.9910352974 72
0.7775880446 73
0.1281230156 74
1.0930230323 75
-0.4495578112 76
0.1324328097 77
-0.7972404703 78
-1.2349150225 79
0.4850454134 80
0.7818815605 81
-0.01 82
0.4789790956 83
-0.879888359 84
0.0803105384 85
-0.2625868983 86
-0.1073767955 87
-0.1128698623 88
0.0483883985 89
-0.8474855722 90
0.2544599516 91
0.113485921 92
-0.5415664469 93
-0.4899302124 94
0.0272814079 95
0.3702901203 96
0.1195067772 97
0.5306201199 98
-0.0702266188 99
-0.8138948889 100
-0.3820965347 101
0.1912307645 102
-0.5199081351 103
-0.0548847434 104
-0.208837183 105
0.2801814771 106
0.2246760953 107
0.6329480399 108
-0.7096099646 109
-0.825087189 110
-0.1049984899 111
0.1326113577 112
-0.6870594403 113
0.2886966251 114
0.0831232211 115
0.2047423453 116
0.049738872 117
-0.3819650912 118
0.027727714 119
0.0110889333 120
0.2657661716 121
-0.3323182233 122
-0.8636354 123
-0.336323187 124
0.0785766443 125
0.0504809726 126
0.2016694426 127
0.0447602536 128
-1.091124436 129
-1.0974437042 130
0.8823168097 131
-0.4259554928 132
0.3409094211 133
0.1473672545 134
-0.5736859334 135
0.4546754068 136
-0.0964457 137
0.5208345107 138
0.0564493382 139
0.2254792387 140
-0.1634217489 141
0.2309664999 142
-0.1238669152 143
0.505761123 144
0.5310983832 145
0.1949589811 146
0.2778551385 147
0.0832062175 148
0.9272101308 149
0.3947589972 150
0.4858220751 151
-0.2398867141 152
0.3541755507 153
-0.5235328531 154
-0.3505508328 155
0.0109733348 156
-0.7821145839 157
-0.5544788256 158
-1.1182671747 159
0.8956119199 160
0.6388023389 161
-0.0221508474 162
-0.2550880327 163
-0.1555901625 164
-0.2895969946 165
-0.2904380951 166
-0.0167818086 167
0.452123234 168
-0.01 169
-0.3067914831 170
-0.4479290804 171
-0.342899237 172
-0.7006865984 173
0.5146924628 174
-0.4296704937 175
-0.1984971586 176
-0.2842526075 177
-0.8002329071 178
-0.1723148043 179
-1.0111309604 180
1.1834457647 181
-0.6044053512 182
0.5182850646 183
-0.894279723 184
-0.3018169335 185
0.5333655174 186
0.7775417143 187
-0.4773278753 188
-0.0692001642 189
-0.0865676003 190
-0.4049759657 191
-0.961125791 192
0.1286850903 193
0.861422008 194
0.6642623703 195
-0.6063249411 196
-0.2029280302 197
-0.2731527575 198
-0.01 199
1.2895197048 200
-0.3741549911 201
0.6380982244 202
-0.01 203
0.8559253396 204
0.0851909749 205
-0.4209813932 206
-0.2854534937 207
-0.3780506278 208
-0.1148435383 209
0.5157604556 210
0.1656244132 211
-1.1016866074 212
-0.9682076968 213
-0.2917154928 214
-1.0572785712 215
0.9403536822 216
-0.7221095751 217
0.0765674272 218
0.2058521533 219
0.0763515733 220
0.0997564851 221
1.5422974125 222
-0.5733993875 223
1.0343624625 224
0.074706207 225
0.8864545766 226
0.8899528737 227
-0.141183138 228
-1.6811907577 229
-1.3131823219 230
0.3023433898 231
0.7230689493 232
-0.0230574131 233
-0.6071664069 234
1.0959962039 235
-1.3631586348 236
0.1801226483 237
-0.459663917 238
-0.6377087576 239
0.3222879353 240
0.2745890196 241
-0.5088771839 242
0.468028702 243
0.128324796 244
-0.3035789593 245
0.3327207342 246
-0.2508972346 247
-0.357007373 248
-0.2289203594 249
-0.3532116464 250
0.0825277104 251
-0.1415178018 252
0.1650846434 253
-0.8162827769 254
0.0890498441 255
0.4795036566 256
0.4537025725 257
0.7905179507 258
0.1631797087 259
0.5111238403 260
-0.6626390208 261
-0.2627815463 262
-0.4806292589 263
0.4104373982 264
-0.0995228838 265
-0.6817540364 266
-0.0235918609 267
0.1414677513 268
-1.0599655125 269
0.3802737797 270
-0.0711912702 271
-0.5594253714 272
0.0536976833 273
0.0953914101 274
0.2440259521 275
-0.1665873779 276
-0.6092117032 277
-0.3420653259 278
-0.5485411144 279
0.1992694117 280
0.475431943 281
-0.6082340873 282
-0.26007817 283
-1.1389714137 284
-0.4604766387 285
-1.5191735354 286
0.0749484764 287
1.2039365973 288
-1.6858350797 289
-0.0313725493 290
0.3508116108 291
-0.9172070834 292
0.7857969084 293
1.0960378746 294
0.9615458699 295
0.01 296
-0.012269186 297
0.5506284943 298
-0.6734032181 299
0.0245670066 300
-0.190552352 301
-0.8464939792 302
0.2602715728 303
-0.7018008496 304
0.9367023608 305
-0.3959421159 306
0.4823458736 307
-0.2470662159 308
-0.142339969 309
-0.3474164422 310
0.149040579 311
-0.9664923246 312
0.6246116497 313
1.1761200257 314
-0.1847860088 315
-0.27782083 316
0.4133639473 317
-0.1355431173 318
-0.7425776697 319
-0.3421997429 320
-0.681657372 321
-1.6513614323 322
0.7183071282 323
0.234081023 324
-0.1264622363 325
0.6307179534 326
-0.9793159929 327
-0.2033812828 328
-0.1782985699 329
0.1592103505 330
-2.284894253 331
0.3249921612 332
0.3886015253 333
-0.5834700507 334
-0.0650406527 335
-0.7575793808 336
0.01 337
-0.39408918 338
0.0986679902 339
-0.1974334304 340
0.5256253889 341
0.880775552 342
0.2011616135 343
0.0518470524 344
0.2006538102 345
-0.5836592444 346
0.6483004878 347
-0.0646412434 348
-0.122933599 349
-0.0712412193 350
-0.4220100404 351
-1.0661709392 352
0.1379990362 353
0.4390139083 354
-0.01 355
-0.9130084112 356
-0.5160106713 357
-0.0663481978 358
0.3643715317 359
0.0330589444 360
0.3826871918 361
-0.8531515655 362
-0.1329257141 363
0.4909450583 364
-0.7306575182 365
0.399202127 366
0.5628222107 367
-0.4964431841 368
-0.0530996959 369
-1.1485168983 370
-1.1482733395 371
-0.169981343 372
-0.5390480795 373
0.1913876182 374
-0.1640240936 375
-0.5830920311 376
0.0962728722 377
0.6303549478 378
1.1881865692 379
1.287571436 380
1.007698795 381
-0.6087090384 382
-0.2125964128 383
1.373865731 384
0.5756164507 385
0.6371518857 386
-0.6697687358 387
0.6697687358 388
0.8389852375 389
0.01 390
-0.3218541562 391
-0.4393907302 392
0.2522395672 393
1.1496225004 394
0.3633238532 395
-0.4463723774 396
-0.2880094154 397
0.1153033245 398
0.9874264016 399
0.3606799873 400
-0.0947897319 401
-0.1645153497 402
-0.3870440414 403
-0.4779362292 404
0.2233211967 405
0.0382336078 406
-0.2487801494 407
-0.4801699421 408
-0.2763409104 409
0.3853816832 410
-0.21177611 411
0.0898991905 412
-0.2248996932 413
1.0876626739 414
0.8869237741 415
0.7352281211 416
0.0438170956 417
0.5118612924 418
-1.0703992532 419
-0.4035823362 420
-1.3166035311 421
0.8479219461 422
-0.2733544819 423
0.0763601692 424
0.6909475684 425
-0.5193500811 426
-1.4906075181 427
-1.4935342558 428
-0.5905528974 429
0.6363389465 430
-0.2422497666 431
0.2618659434 432
0.1502629885 433
-0.0457083164 434
0.6769537015 435
0.39493755 436
-0.22641275 437
-0.917348094 438
-0.1962709168 439
0.4964734525 440
-0.1304121207 441
-0.1763265763 442
-0.0653851207 443
0.6974119843 444
0.1103573743 445
-0.0843799745 446
-0.3447494227 447
-0.2413805523 448
0.0718226664 449
-0.1240897524 450
-0.8993397669 451
0.3423082797 452
-0.065737578 453
0.5050681426 454
-0.1309414879 455
-0.3872793577 456
-0.111867876 457
0.4991472336 458
0.013101867 459
0.01 460
-0.4069315145 461
-0.5672090131 462
-0.211878514 463
-0.2654810081 464
-1.0354479766 465
-0.3161047795 466
0.0202067828 467
0.3831551086 468
-0.5989049226 469
-0.2229805985 470
0.3443971395 471
0.3499330623 472
0.9427409106 473
0.9273432026 474
0.3619734776 475
-0.2565368945 476
0.5517255375 477
0.111289331 478
-0.334240243 479
-1.1222721434 480
-0.6460444063 481
-0.0400989112 482
-0.1605566307 483
0.4275794863 484
-0.273707571 485
0.3803173892 486
-0.0932773737 487
-0.9174069097 488
0.3693138326 489
0.2008705061 490
0.4804493427 491
-0.587530065 492
-0.2077957647 493
0.2144916701 494
0.2474338374 495
0.5528371892 496
0.3381853958 497
-0.3647581721 498
-0.4995514435 499
0.2201101439 500
0.219626723 501
-0.4864892471 502
0.2202129614 503
-0.01 504
-0.340556571 505
-0.7654640209 506
-0.472941899 507
0.5470584001 508
0.4770712895 509
0.9739253822 510
0.3578295515 511
-0.3246433434 512
-0.1261662241 513
-0.3861265699 514
-0.1468527065 515
0.3600724034 516
-0.0865656788 517
-0.1933785152 518
0.066724497 519
0.1466373655 520
-0.206687409 521
0.073389602 522
-0.1267977079 523
-0.1804632378 524
0.1203450035 525
-0.1537998899 526
-0.01 527
-0.4494088122 528
0.0739222506 529
-0.2421308689 530
0.0403958802 531
-0.1212366283 532
0.1145051147 533
0.195030157 534
-0.168106821 535
0.0605510161 536
-0.1750252887 537
0.1346620187 538
-0.4991578661 539
-0.5628469068 540
-0.1769671031 541
0.1089398896 542
-0.0544551099 543
-0.2044711727 544
-0.4239032739 545
0.143781477 546
-0.328947665 547
0.6568168112 548
-0.4716506231 549
-0.2057613895 550
-0.405903347 551
-0.0413707515 552
-0.1587466255 553
-0.4153117342 554
-0.3334957583 555
-0.2159752816 556
-0.8826677272 557
-0.1901609898 558
0.1549732629 559
-0.2678321308 560
0.155148127 561
0.021137925 562
0.2884380627 563
0.2315546767 564
0.4335974343 565
0.1185619276 566
0.8536679527 567
0.3449468753 568
-1.4708188 569
-1.0397733131 570
-0.2687223171 571
-0.340474155 572
-0.5557549039 573
0.4633433103 574
-0.6349680664 575
-0.0286327847 576
0.9618541613 577
0.4457186621 578
-0.0635525919 579
-0.5880077868 580
0.9194491536 581
-1.2682163672 582
0.5191491943 583
-0.8190637293 584
0.3213026219 585
0.4268038916 586
-0.2985713457 587
0.1067349872 588
-0.199330884 589
0.2562096626 590
0.9620219911 591
0.2109705424 592
0.2595855108 593
-0.9645584692 594
-0.0353794449 595
0.7403524034 596
-0.6413214835 597
0.2753558417 598
0.2605360063 599
0.958820377 600
0.804721651 601
0.1863804771 602
-0.2554985335 603
0.0760272352 604
0.5374504772 605
0.527741878 606
0.2935055518 607
-0.01 608
1.5419254568 609
0.0939093173 610
-0.726737604 611
0.2899823322 612
-0.0538865701 613
-0.2563585024 614
-0.0608128672 615
-0.8280215627 616
-0.4645134386 617
-0.3017214111 618
0.4522414176 619
0.8238344467 620
-1.2348783905 621
-0.592125112 622
-0.4429379517 623
-0.2083044775 624
-0.4947228151 625
-0.1817800962 626
0.5930594742 627
0.2778744407 628
0.5948281475 629
-0.2693092813 630
0.3658077724 631
-0.6913266386 632
-0.1457878005 633
-0.7811449959 634
0.2447639251 635
0.1953807055 636
-0.4191413751 637
0.4400523987 638
-0.125531783 639
0.5428366034 640
-0.2640907783 641
-0.6632944549 642
-0.3297901456 643
-0.0562429711 644
-0.2464356114 645
0.1901609898 646
-0.6777772346 647
0.0920516971 648
-0.4611081841 649
-0.0497848593 650
-0.6781138801 651
-0.0143256214 652
0.2003721867 653
0.3354390613 654
0.617965528 655
-2.1472339425 656
0.1012365406 657
-0.0867679013 658
0.1517944561 659
0.1010684464 660
-0.0288662772 661
0.4824144432 662
0.4157414059 663
-0.7034699888 664
0.395413722 665
-0.2946145199 666
-0.3532426266 667
-0.681162054 668
0.6089181555 669
0.0216786502 670
0.0433432066 671
0.1371296812 672
0.6470187921 673
0.4290317628 674
-0.3287595871 675
0.1716615828 676
-0.0285898079 677
-0.336543943 678
0.1075307462 679
-0.6469257755 680
-0.1371098898 681
0.0866175888 682
-0.5643600827 683
-0.1888300365 684
0.0218062876 685
-0.5758243251 686
-0.2415194938 687
-0.0879700958 688
-0.8469945683 689
0.096107648 690
-0.3553190503 691
0.1111728853 692
0.4655811536 693
-0.5026250511 694
-1.0054078361 695
0.01 696
-0.7513183351 697
-0.5293018028 698
-0.722848877 699
-0.1910950324 700
0.1681829003 701
-0.01 702
0.9200536331 703
0.3022976909 704
-0.1888289394 705
-0.5914484939 706
0.5990085015 707
0.0982281238 708
-0.4921083482 709
0.2728514653 710
0.8516462523 711
-0.1502065622 712
-1.4383291111 713
-0.2290077337 714
0.1908761793 715
-0.7503289165 716
0.8570606488 717
0.9554937333 718
-0.1888574688 719
-1.2784589318 720
0.3822050212 721
0.030513388 722
0.0305040802 723
-0.5045110839 724
1.5059609222 725
-0.309983993 726
0.5211295356 727
-0.2942177069 728
-0.2647805761 729
-0.508829653 730
-0.3737751787 731
0.1985036535 732
-0.1985036535 733
0.1679902655 734
0.2666769838 735
-0.251419126 736
-0.083947042 737
-0.574252181 738
-0.7476238145 739
-0.6130465791 740
-0.1090342787 741
-0.4138529313 742
-0.3448819847 743
0.196101565 744
0.242633078 745
-0.8636310254 746
-0.1736248562 747
-1.8012760869 748
-1.2055649874 749
0.8107056968 750
-1.3412109198 751
1.3412109198 752
0.8442261196 753
-1.0058423164 754
-0.4295504437 755
1.4353927601 756
-0.8280788565 757
-0.0161472631 758
0.2177683645 759
0.7224884923 760
-0.6178059527 761
-0.6702492084 762
0.1619171338 763
-0.494669135 764
-0.4644538803 765
0.0653167887 766
0.2689817003 767
-1.7158994129 768
-0.2819472802 769
-0.0581467807 770
-1.2626113635 771
0.3611779996 772
0.5017991628 773
0.8555935402 774
1.0449759795 775
0.4328834301 776
-0.473818385 777
-0.9130981057 778
0.1651391672 779
0.3787883317 780
0.6880197507 781
2.2119080659 782
0.7318463975 783
0.0633864216 784
0.9852296443 785
-0.4559397883 786
-0.3314658547 787
0.157977916 788
0.7705046374 789
-1.1104662251 790
-0.1109350351 791
-0.0872496585 792
-0.9487812851 793
-0.240616093 794
-1.6843867335 795
0.3668233174 796
-0.7349971839 797
-1.6112722066 798
0.6972718547 799
-0.9474804923 800
0.0667835403 801
0.4496260697 802
-0.8342419285 803
1.0665878964 804
-0.0829187444 805
-0.1245071752 806
-0.1246623889 807
0.174483863 808
-0.1661682004 809
-0.2831211817 810
-0.6022099163 811
-0.2015452479 812
0.0588260028 813
-0.4040749668 814
-0.7450716036 815
-0.5282902539 816
0.0853971017 817
0.425895022 818
-0.9393749692 819
-0.1717475733 820
-0.4738324609 821
-1.0853156239 822
0.5658339362 823
0.0433933615 824
-0.6878264896 825
0.4445807785 826
-0.645726502 827
-0.8616195383 828
-0.2652521449 829
-1.4715984633 830
0.6805183856 831
0.1694084485 832
-0.1604850558 833
0.0802747222 834
0.3471144066 835
-0.0799964489 836
-0.9649824703 837
0.3047962915 838
-0.2868413584 839
-0.1167647324 840
0.4483508228 841
0.7576131429 842
0.3102976912 843
-0.1505957675 844
-1.2130009592 845
-0.1077392814 846
-0.0718907292 847
0.3858064092 848
-0.3498545843 849
-1.5668481574 850
-0.5492004651 851
-0.3493935147 852
0.5419569596 853
0.9935818487 854
-0.8928630744 855
0.0457477477 856
-0.5871576502 857
0.1103549864 858
-1.2020486854 859
-1.972821146 860
-1.1450506788 861
4.411790062 862
-0.6448663527 863
-0.9751644493 864
-0.0280020537 865
-0.9379172113 866
-0.6333622345 867
0.821650748 868
0.497256736 869
1.5508506026 870
0.4413394438 871
-0.5519793224 872
-0.3326560081 873
0.4248644056 874
1.7722214081 875
2.8211119225 876
0.1934746888 877
4.5345223186 878
-1.5910965313 879
-0.1878576251 880
0.6559635056 881
3.8152220035 882
0.1225240096 883
0.4073325388 884
-0.4889985294 885
-1.1917133022 886
0.7413543015 887
-2.0311579113 888
0.4429038285 889
1.7522557595 890
2.0758063116 891
0.3284864549 892
2.4103264934 893
-0.328484575 894
0.3440998156 895
0.9402143935 896
0.0541230152 897
-0.6436375987 898
-1.6393166827 899
-3.2961183227 900
-1.3577661785 901
0.7839941126 902
0.7942073105 903
0.9981013601 904
-1.3821358232 905
-0.2048761217 906
-0.9478743955 907
0.0827814617 908
0.1240438447 909
1.8424267326 910
0.3644466476 911
1.2851582504 912
1.4263316293 913
-0.5127205079 914
-0.8099139079 915
0.6120116071 916
1.9227588621 917
-1.3302230577 918
-0.0945701071 919
-0.9586130053 920
0.3417176608 921
-0.6925952137 922
0.890732786 923
0.8279172069 924
1.0156337302 925
0.4652974661 926
-0.8547060578 927
-1.6760828296 928
0.8690897715 929
-0.2914879757 930
-0.6490445454 931
0.4911289973 932
-0.1265122332 933
0.118609906 934
1.0299238018 935
-0.1487221909 936
1.508230409 937
1.1202449693 938
-2.5580004528 939
0.1955034836 940
0.4287669792 941
-0.0933924887 942
0.8914442197 943
-0.945963478 944
2.1884060268 945
