 9.914056785 2.970063614 4.000365827 -2111.018912
 11.25510373 2.971066263 4.016585772 -2111.790031
 7.482149571 2.968245372 3.970951941 -2111.863588
 9.928429369 2.968481648 2.812154386 -2112.054857
 9.903298316 2.97124778 4.889790795 -2112.003584
 9.914370913 2.540605316 4.0009414 -2112.070812
 9.913700685 3.456904572 3.999713347 -2112.087878
 8.503964457 2.721749667 4.497225765 -2112.042531
 8.503577501 3.250775289 4.496516748 -2112.03668
 8.518473878 2.720152639 3.297701824 -2112.222737
 8.518086921 3.249178261 3.296992807 -2112.215228
 10.68228056 2.723378308 4.523572469 -2111.781365
 10.6818936 3.25240393 4.522863452 -2111.871936
 10.69678998 2.721781281 3.324048529 -2111.903002
 10.69640302 3.250806903 3.323339512 -2111.965968
