"rent" "floor.size" "year" "location" "Gute.Wohnlage" "Beste.Wohnlage" "Keine.Wwv" "Keine.Zh" "Kein.Badkach" "Besond.Bad" "Gehobene.Kueche" "zim1" "zim2" "zim3" "zim4" "zim5" "zim6"
12.9 30 1960 366 0 0 0 0 0 0 0 1 0 0 0 0 0
10.89 37 1957 52 0 0 0 0 0 0 0 1 0 0 0 0 0
3.32 32 1957 140 0 0 0 0 0 0 0 1 0 0 0 0 0
9.27 47 1966 122 0 0 0 0 0 0 0 0 1 0 0 0 0
4.5 77 1957 172 0 0 0 0 1 0 0 0 0 1 0 0 0
6.76 110 1918 375 1 0 0 0 0 1 0 0 0 0 1 0 0
8 88 1984 248 0 0 0 0 0 0 0 0 0 0 1 0 0
6.15 126 1918 126 0 0 0 0 0 1 0 0 0 0 1 0 0
10.23 64 1918 145 1 0 0 0 0 0 0 0 1 0 0 0 0
9.03 59 1967 124 0 0 0 0 1 0 1 0 1 0 0 0 0
2.54 62 1957 77 0 0 0 0 0 0 0 0 0 1 0 0 0
6.35 185 1918 39 1 0 0 0 0 1 0 0 0 0 0 0 1
8.76 80 1991 310 0 0 0 0 0 0 0 0 0 1 0 0 0
10.21 77 1998 190 0 0 0 0 0 0 0 0 0 1 0 0 0
12.54 31 1960 366 1 0 0 0 0 0 0 1 0 0 0 0 0
7.69 130 2000 323 1 0 0 0 0 1 0 0 0 0 1 0 0
12.58 26 1966 29 1 0 0 0 0 0 0 1 0 0 0 0 0
5.29 84 1972 336 1 0 0 0 0 0 0 0 0 1 0 0 0
5.09 82 1960 276 0 0 0 0 1 0 0 0 0 0 1 0 0
8.19 95 1960 65 0 0 0 0 0 0 0 0 0 1 0 0 0
6.09 79 1948 31 1 0 0 0 0 0 0 0 0 1 0 0 0
7.65 90 1986 161 1 0 0 0 0 0 0 0 0 0 1 0 0
10.09 38 1918 54 0 0 0 0 0 0 0 1 0 0 0 0 0
10.34 82 1985 169 0 1 0 0 0 1 1 0 0 1 0 0 0
11.74 37 1992 75 0 0 0 0 0 0 0 1 0 0 0 0 0
8.52 65 1966 122 0 0 0 0 0 0 1 0 0 1 0 0 0
8.76 35 1957 131 1 0 0 0 0 0 0 1 0 0 0 0 0
10.21 71 1957 366 1 0 0 0 0 0 0 0 1 0 0 0 0
6.81 88 1966 221 1 0 0 0 1 0 0 0 0 0 1 0 0
7.92 116 1918 80 0 0 0 0 0 0 0 0 0 0 1 0 0
10.06 60 1918 299 0 0 0 0 0 0 0 0 1 0 0 0 0
8.44 52 1960 144 1 0 0 0 0 0 0 0 1 0 0 0 0
10.12 49 1957 48 1 0 0 0 0 0 0 0 1 0 0 0 0
6.19 77 1968 174 0 0 0 0 1 0 0 0 0 1 0 0 0
12.72 80 1998 29 1 0 0 0 0 0 0 0 0 1 0 0 0
6.96 57 1957 255 1 0 0 0 1 0 0 0 1 0 0 0 0
8.89 79 1957 264 0 0 0 0 0 0 0 0 0 1 0 0 0
6.66 64 1966 178 0 0 0 0 1 0 0 0 1 0 0 0 0
4.96 98 1966 110 0 0 0 0 1 0 0 0 0 0 1 0 0
9.78 28 1960 79 0 0 0 0 0 0 0 1 0 0 0 0 0
8.74 70 1966 148 0 0 0 0 1 0 0 0 0 1 0 0 0
5.66 105 1970 209 0 0 0 0 0 1 0 0 0 0 0 1 0
9.58 34 1957 28 0 0 0 0 0 0 0 1 0 0 0 0 0
6.86 56 1969 128 1 0 0 0 0 0 0 0 1 0 0 0 0
10.95 25 1957 20 1 0 0 0 0 0 0 1 0 0 0 0 0
8.18 95 1966 306 0 0 0 0 0 0 1 0 0 1 0 0 0
8.03 68 1918 371 1 0 0 0 0 0 0 0 0 1 0 0 0
10.24 77 1998 96 1 0 0 0 0 0 0 0 1 0 0 0 0
8 84 1974 377 0 0 0 0 0 0 0 0 0 1 0 0 0
9.28 70 1957 20 1 0 0 0 0 0 0 0 0 1 0 0 0
3.51 125 1918 363 0 0 0 0 0 0 0 0 0 0 1 0 0
9.44 72 1918 134 1 0 1 0 0 0 0 0 1 0 0 0 0
6.36 79 1918 277 0 0 0 1 1 0 0 0 0 1 0 0 0
9.41 70 1996 176 0 0 0 0 1 0 0 0 1 0 0 0 0
8.79 68 1973 183 0 0 0 0 0 0 0 0 1 0 0 0 0
11.72 44 1924 231 1 0 0 0 0 0 1 0 1 0 0 0 0
12.86 73 1988 151 0 0 0 0 0 0 0 0 0 1 0 0 0
9.31 43 1984 54 0 0 0 0 0 0 0 1 0 0 0 0 0
7.24 60 1966 72 0 0 0 0 1 0 0 0 0 1 0 0 0
9.8 36 1918 30 1 0 0 0 0 0 0 0 1 0 0 0 0
7.43 36 1957 277 0 0 0 0 0 0 0 1 0 0 0 0 0
8.09 67 1960 8 1 0 0 0 0 1 0 0 1 0 0 0 0
4.97 76 1948 39 1 0 0 0 0 0 0 0 0 1 0 0 0
7.6 59 1966 358 0 0 0 0 0 0 0 0 0 1 0 0 0
9.15 60 1971 338 0 0 0 0 0 0 0 0 1 0 0 0 0
12.16 42 1999 298 1 0 0 0 0 0 1 1 0 0 0 0 0
6.29 50 1948 86 0 0 0 0 0 0 0 0 0 1 0 0 0
8.7 67 1991 310 0 0 0 0 0 0 0 0 1 0 0 0 0
8.79 62 1974 139 0 0 0 0 0 0 1 0 1 0 0 0 0
8.76 73 1957 207 0 0 0 0 1 0 0 0 0 1 0 0 0
7.28 61 1957 30 1 0 0 0 0 0 0 0 1 0 0 0 0
8.31 72 1957 127 0 0 0 0 0 0 0 0 0 1 0 0 0
8.18 100 1960 289 0 0 0 0 0 0 0 0 0 0 1 0 0
11.66 75 1992 198 1 0 0 0 0 0 1 0 0 1 0 0 0
2.91 56 1918 218 0 0 1 1 0 0 0 0 1 0 0 0 0
9.74 105 1918 21 1 0 0 0 0 0 0 0 0 1 0 0 0
7.54 53 1973 316 0 0 0 0 0 0 0 0 1 0 0 0 0
8.21 66 1984 361 0 0 0 0 0 0 0 0 1 0 0 0 0
10.65 34 1966 145 1 0 0 0 0 0 0 1 0 0 0 0 0
7.48 72 1972 326 0 0 0 0 0 0 0 0 0 1 0 0 0
9.36 105 1948 375 1 0 0 0 0 1 1 0 0 0 1 0 0
4.97 77 1918 172 0 0 0 0 1 0 0 0 0 1 0 0 0
5.91 56 1957 105 1 0 0 0 1 0 0 0 1 0 0 0 0
11.11 92 1992 272 0 0 0 0 0 0 1 0 0 0 1 0 0
10.12 60 1960 51 1 0 0 0 0 0 0 0 0 1 0 0 0
6.87 87 1924 108 0 0 0 0 0 0 0 0 0 1 0 0 0
6.87 150 1980 310 1 0 0 0 0 1 0 0 0 0 1 0 0
6.28 120 1918 46 0 0 0 0 1 0 0 0 0 0 0 1 0
9.98 55 1995 223 1 0 0 0 0 0 0 1 0 0 0 0 0
4.9 77 1969 54 0 0 0 0 0 0 0 0 0 1 0 0 0
10.56 92 1966 289 0 0 0 0 0 0 0 0 0 1 0 0 0
8.35 46 1957 134 1 0 0 0 0 0 0 0 1 0 0 0 0
7.44 88 1969 120 0 0 0 0 0 0 0 0 0 0 1 0 0
4.24 92 1918 131 1 0 1 1 0 0 0 0 0 1 0 0 0
9.93 51 1957 275 0 0 0 0 0 0 0 0 1 0 0 0 0
9.81 38 1971 136 0 0 0 0 0 0 0 0 1 0 0 0 0
2.77 80 1918 300 0 0 0 0 0 0 0 0 0 1 0 0 0
8.72 78 1985 316 0 0 0 0 0 0 0 0 0 1 0 0 0
5.16 52 1918 84 0 0 0 0 0 0 0 0 1 0 0 0 0
11.3 43 1967 293 1 0 0 0 0 0 0 0 1 0 0 0 0
9.42 33 1966 371 1 0 0 0 1 0 0 0 1 0 0 0 0
8.2 79 1948 145 1 0 0 0 0 0 0 0 0 1 0 0 0
10.57 56 1995 270 1 0 0 0 0 0 0 0 1 0 0 0 0
10.97 82 1918 75 0 0 0 0 0 0 0 0 0 1 0 0 0
9.54 76 1966 151 0 0 0 0 0 0 0 0 0 1 0 0 0
7.89 49 1993 255 1 0 0 0 0 0 0 0 1 0 0 0 0
5.39 115 1918 101 1 0 0 0 1 0 0 0 0 0 0 1 0
7.43 67 1957 358 0 0 0 0 0 0 0 0 1 0 0 0 0
11.77 32 1957 144 1 0 0 0 1 0 0 1 0 0 0 0 0
13.02 121 1997 35 1 0 0 0 0 0 1 0 0 1 0 0 0
9.35 35 1972 289 0 0 0 0 0 0 0 1 0 0 0 0 0
11.56 48 1990 299 1 0 0 0 0 0 0 0 1 0 0 0 0
8.76 100 1966 121 1 0 0 0 0 0 0 0 0 0 1 0 0
8.84 71 1957 255 1 0 0 0 0 0 0 0 1 0 0 0 0
10.02 60 1992 325 1 0 0 0 0 0 0 0 1 0 0 0 0
12.68 28 1972 219 1 0 0 0 0 0 0 1 0 0 0 0 0
7.85 79 1974 207 1 0 0 0 0 0 0 0 0 1 0 0 0
10.83 106 1986 329 1 0 0 0 0 0 0 0 0 1 0 0 0
4.13 74 1918 41 1 0 1 1 0 0 0 0 0 1 0 0 0
10.08 59 2000 287 0 0 0 0 0 0 1 0 1 0 0 0 0
5 52 1948 172 0 0 0 0 0 0 0 0 1 0 0 0 0
9.24 53 1998 317 0 0 0 0 0 1 0 0 1 0 0 0 0
6.06 43 1957 125 0 0 0 0 1 0 0 0 1 0 0 0 0
11.69 55 1960 157 1 0 0 0 0 0 0 1 0 0 0 0 0
7.5 89 1918 363 1 0 0 0 0 0 0 0 1 0 0 0 0
6.66 75 1969 120 0 0 0 0 0 0 0 0 0 1 0 0 0
4.46 69 1957 90 1 0 1 1 1 0 0 0 1 0 0 0 0
12.19 40 1966 298 1 0 0 0 0 0 0 1 0 0 0 0 0
7.11 64 1960 126 0 0 0 0 0 0 0 0 0 1 0 0 0
5.48 62 1948 71 1 0 1 1 1 0 0 0 0 1 0 0 0
12.48 75 1971 93 1 0 0 0 0 0 0 0 0 1 0 0 0
6.86 105 1969 240 0 0 0 0 0 0 0 0 0 0 1 0 0
7 69 1971 120 0 0 0 0 0 0 0 0 0 1 0 0 0
7.01 60 1918 52 0 0 0 0 1 0 0 0 1 0 0 0 0
10.37 54 1993 171 0 0 0 0 0 0 0 0 1 0 0 0 0
8.8 89 1981 293 1 0 0 0 0 0 0 0 0 1 0 0 0
8.98 116 1971 168 0 1 0 0 0 1 0 0 0 1 0 0 0
10.54 64 1924 105 1 0 0 0 0 0 0 0 1 0 0 0 0
6.06 53 1972 218 1 0 0 0 0 0 0 0 1 0 0 0 0
12.92 65 1973 375 1 0 0 0 0 1 0 0 1 0 0 0 0
8.69 48 1966 229 0 0 0 0 0 0 0 0 1 0 0 0 0
9.79 47 1996 68 0 0 0 0 0 0 0 1 0 0 0 0 0
7.5 86 1970 344 0 0 0 0 0 0 0 0 0 1 0 0 0
10.18 80 1918 371 1 0 0 1 1 1 0 0 1 0 0 0 0
8.68 53 1918 371 1 0 0 0 0 0 1 0 1 0 0 0 0
5.26 103 1918 21 1 0 0 0 0 0 0 0 0 0 1 0 0
9.89 30 1957 20 1 0 0 0 0 0 0 1 0 0 0 0 0
9.34 115 2000 91 0 0 0 0 0 1 0 0 0 0 1 0 0
8.37 59 1983 248 0 0 0 0 0 0 0 0 1 0 0 0 0
4.16 43 1957 133 1 0 0 0 0 0 0 1 0 0 0 0 0
8.4 70 1973 138 0 0 0 0 0 0 0 0 0 1 0 0 0
4.63 65 1966 140 0 0 0 0 0 0 0 0 0 1 0 0 0
9 54 1957 20 1 0 0 0 0 0 0 0 1 0 0 0 0
10.38 57 1985 183 0 0 0 0 0 0 0 0 1 0 0 0 0
10.34 62 1948 69 0 0 0 0 0 0 0 0 0 0 1 0 0
9.24 35 1970 231 0 0 0 0 0 0 0 1 0 0 0 0 0
3.24 65 1957 276 0 0 1 0 1 0 0 0 0 1 0 0 0
9.96 90 1918 26 0 0 0 0 0 0 0 0 1 0 0 0 0
8.89 42 1960 349 0 0 0 0 0 0 0 0 1 0 0 0 0
7.22 52 1918 102 1 0 0 0 0 0 0 0 1 0 0 0 0
12.44 52 1996 123 0 0 0 0 0 0 0 0 1 0 0 0 0
10.88 75 1998 292 0 0 0 0 1 0 1 0 0 1 0 0 0
11.53 51 1924 20 1 0 0 0 0 0 0 0 1 0 0 0 0
7.4 56 1967 202 0 0 0 0 1 0 0 0 1 0 0 0 0
10.23 111 1960 145 1 0 0 0 0 0 0 0 0 0 0 1 0
11.98 28 1967 336 0 0 0 0 0 0 0 1 0 0 0 0 0
11.88 68 1924 228 0 1 0 0 0 0 0 0 0 1 0 0 0
7.94 90 1966 167 0 0 0 0 0 0 0 0 0 0 1 0 0
7.4 94 1968 154 0 0 0 0 0 0 0 0 0 0 1 0 0
10.65 50 1957 64 0 0 0 0 0 0 0 0 1 0 0 0 0
5.18 118 1918 131 1 0 1 1 0 0 0 0 0 0 1 0 0
2.87 120 1918 101 1 0 0 0 0 0 0 0 0 1 0 0 0
3.75 52 1924 189 0 0 0 0 1 0 0 0 1 0 0 0 0
9.64 52 1948 94 0 0 0 0 0 0 0 0 1 0 0 0 0
7.79 72 1974 248 1 0 0 0 0 0 0 0 1 0 0 0 0
10.17 34 1970 129 1 0 0 0 1 0 0 1 0 0 0 0 0
7.56 92 1948 366 1 0 0 0 0 0 0 0 0 1 0 0 0
6.37 102 1974 311 0 0 0 0 0 1 0 0 0 0 1 0 0
11.22 70 1998 197 1 0 0 0 0 1 0 0 0 1 0 0 0
6.26 74 1967 69 0 0 0 0 0 0 0 0 0 0 1 0 0
12.2 55 1986 61 1 0 0 0 0 0 0 0 1 0 0 0 0
8.43 65 1993 89 1 0 0 0 0 0 0 0 0 1 0 0 0
7.78 82 1987 81 0 0 0 0 0 0 0 0 0 1 0 0 0
9.52 94 1918 28 0 0 0 1 1 0 0 0 0 1 0 0 0
4.3 30 1966 202 0 0 0 0 0 0 0 1 0 0 0 0 0
6.37 173 1918 35 0 0 0 0 0 1 0 0 0 0 0 1 0
8.96 76 1918 30 1 0 0 0 0 0 0 0 0 1 0 0 0
6.67 52 1960 209 0 0 0 0 1 0 0 0 1 0 0 0 0
9.75 81 1948 96 1 0 0 0 0 0 1 0 0 1 0 0 0
7.05 80 1976 60 0 1 0 0 0 0 0 0 0 1 0 0 0
7.51 102 1957 345 0 0 0 1 0 0 0 0 0 1 0 0 0
10.98 102 1918 133 1 0 0 0 1 0 0 0 0 1 0 0 0
14.12 71 1994 15 0 0 0 0 1 1 0 0 1 0 0 0 0
8.18 125 1924 101 1 0 0 0 0 0 0 0 0 0 0 1 0
7.96 102 1980 14 1 0 0 0 0 0 0 0 0 1 0 0 0
11.21 68 1918 21 1 0 0 0 0 0 1 0 0 1 0 0 0
10.39 64 1973 248 1 0 0 0 0 0 0 0 1 0 0 0 0
10.37 37 1966 76 0 0 0 0 1 1 0 1 0 0 0 0 0
9.38 79 1948 255 1 0 0 0 0 0 0 0 0 1 0 0 0
10.41 75 1918 131 1 0 0 0 0 0 0 0 0 1 0 0 0
5.34 91 1918 52 0 0 0 0 1 0 0 0 0 1 0 0 0
11.36 87 1992 58 1 0 0 0 0 0 0 0 0 1 0 0 0
8.78 55 1957 21 1 0 0 1 0 0 0 0 1 0 0 0 0
6.09 64 1918 30 1 0 0 0 0 0 0 0 1 0 0 0 0
9.8 48 1983 185 0 0 0 0 0 0 0 0 1 0 0 0 0
7.42 76 1978 268 0 0 0 0 0 0 0 0 0 1 0 0 0
6.88 73 1967 310 0 0 0 0 1 0 0 0 0 1 0 0 0
3.17 56 1957 125 0 0 0 1 0 0 0 0 0 1 0 0 0
7.61 62 1960 54 0 0 0 0 0 0 0 0 0 1 0 0 0
5.01 69 1957 8 1 0 0 0 0 0 0 0 1 0 0 0 0
9.59 77 1980 96 1 0 0 0 0 0 0 0 0 1 0 0 0
10.24 34 1966 66 0 0 0 0 0 0 0 1 0 0 0 0 0
8.2 61 1957 26 0 0 0 1 0 0 0 0 1 0 0 0 0
11.35 50 1998 74 1 0 0 0 0 0 0 0 1 0 0 0 0
6.04 88 1918 134 1 0 0 1 1 0 0 0 0 1 0 0 0
7.16 60 1957 326 0 0 0 0 0 0 0 0 1 0 0 0 0
6.85 125 1918 78 0 0 0 0 0 1 0 0 0 1 0 0 0
8.78 65 1960 169 0 1 0 0 0 0 0 0 0 1 0 0 0
9.66 80 1989 176 0 0 0 0 0 0 0 0 0 1 0 0 0
9.06 30 1970 344 0 0 0 0 0 0 0 1 0 0 0 0 0
12.46 57 1991 325 0 0 0 0 0 1 0 0 1 0 0 0 0
7.31 44 1957 369 0 0 0 0 1 0 0 1 0 0 0 0 0
8.81 34 1957 72 0 0 0 0 0 0 0 0 1 0 0 0 0
6.32 51 1948 167 0 0 0 0 1 0 0 0 1 0 0 0 0
6.86 68 1971 349 0 0 0 0 0 0 0 0 0 1 0 0 0
4.56 50 1918 49 0 0 1 1 0 0 0 0 1 0 0 0 0
11.73 100 1998 36 0 1 0 0 0 0 1 0 0 1 0 0 0
5.47 147 1918 34 1 0 0 0 0 0 0 0 0 0 0 0 1
5.87 86 1966 243 0 0 0 0 1 0 0 0 0 0 1 0 0
11.69 49 1966 152 0 0 0 0 0 0 0 0 1 0 0 0 0
6.8 75 1983 320 1 0 0 0 0 0 0 0 0 1 0 0 0
8.64 85 1918 49 0 0 0 0 0 0 0 0 0 0 1 0 0
5.87 39 1966 65 0 0 0 0 0 0 0 1 0 0 0 0 0
7.94 35 1966 187 1 0 0 0 0 0 0 1 0 0 0 0 0
5.44 55 1997 230 0 0 0 0 0 0 0 0 1 0 0 0 0
6.39 65 1966 316 0 0 0 0 0 0 0 0 0 1 0 0 0
9.11 46 1979 21 1 0 0 0 0 0 0 0 1 0 0 0 0
6.66 48 1948 267 0 0 0 0 0 0 0 0 1 0 0 0 0
8.29 75 1985 93 1 0 0 0 0 0 0 0 1 0 0 0 0
10.65 72 1990 146 1 0 0 0 0 0 0 0 0 1 0 0 0
3.22 56 1957 207 0 0 0 1 1 0 0 0 1 0 0 0 0
7 59 1948 71 0 0 0 0 0 0 0 0 1 0 0 0 0
12.48 23 1960 101 1 0 0 0 0 0 0 1 0 0 0 0 0
9.01 53 1998 305 0 0 0 0 0 0 0 0 1 0 0 0 0
7.07 83 1957 64 0 0 0 0 1 0 0 0 0 1 0 0 0
7.16 60 1969 178 0 0 0 0 0 0 0 0 1 0 0 0 0
6.43 62 1966 205 0 0 0 0 0 0 0 0 0 1 0 0 0
8.89 109 1983 217 1 0 0 0 0 1 0 0 0 0 1 0 0
4.14 66 1966 292 0 0 0 0 1 0 0 0 0 1 0 0 0
10.7 86 1966 72 0 0 0 0 0 0 0 0 0 0 1 0 0
9.83 65 1981 327 0 0 0 0 0 0 0 0 1 0 0 0 0
4.7 78 1924 123 0 0 0 1 0 0 0 0 0 1 0 0 0
10.99 63 1957 69 0 0 0 0 0 0 0 0 0 1 0 0 0
9.56 80 2000 110 0 0 0 0 0 1 0 0 0 0 1 0 0
11.88 63 1957 21 1 0 0 1 0 0 0 0 1 0 0 0 0
5.14 57 1966 361 0 0 0 0 0 0 0 0 1 0 0 0 0
12.87 29 1972 134 1 0 0 0 0 0 0 1 0 0 0 0 0
9.04 92 1966 177 0 0 0 0 0 0 1 0 0 1 0 0 0
10.43 69 1985 316 0 0 0 0 0 0 0 0 0 1 0 0 0
5.05 72 1948 102 0 0 0 0 1 0 0 0 0 1 0 0 0
9.08 76 1918 84 0 0 0 0 0 0 0 0 0 1 0 0 0
4.92 100 1918 83 0 0 1 1 1 0 0 0 0 0 1 0 0
8.71 70 1957 21 1 0 0 0 0 0 0 0 1 0 0 0 0
8.03 35 1918 345 0 0 0 0 0 0 0 0 1 0 0 0 0
4.39 102 1918 362 0 0 0 1 0 0 0 0 0 1 0 0 0
8.26 61 1918 41 0 0 0 0 0 0 0 0 1 0 0 0 0
10.07 30 1957 133 1 0 0 0 0 0 0 1 0 0 0 0 0
4.19 42 1948 53 0 0 0 0 0 0 0 0 1 0 0 0 0
9.76 47 1981 212 1 0 0 0 0 0 0 1 0 0 0 0 0
6.65 68 1957 30 1 0 0 0 0 1 0 0 1 0 0 0 0
9.59 62 1918 40 1 0 0 0 0 0 0 0 1 0 0 0 0
8.95 62 1918 123 0 0 0 0 0 1 0 0 1 0 0 0 0
7.98 109 1972 97 1 0 0 0 0 0 1 0 0 0 1 0 0
9.33 50 1968 17 0 0 0 0 0 0 0 0 1 0 0 0 0
8.18 87 1972 129 1 0 0 0 0 0 0 0 0 1 0 0 0
9.8 71 1966 328 1 0 0 0 0 0 0 0 0 1 0 0 0
6.58 80 1976 60 0 1 0 0 0 0 0 0 0 1 0 0 0
3.95 120 1918 72 0 0 0 0 0 0 0 0 0 0 1 0 0
9.81 111 1957 133 1 0 0 0 0 0 0 0 0 0 1 0 0
9.62 59 1987 192 1 0 0 0 0 0 1 0 0 1 0 0 0
8.88 46 1957 94 0 0 0 0 1 0 0 0 1 0 0 0 0
10.59 65 1983 339 0 0 0 0 0 0 0 0 1 0 0 0 0
8.69 43 1957 77 0 0 0 0 0 0 0 0 1 0 0 0 0
11.16 55 1918 41 1 0 0 0 0 0 0 0 1 0 0 0 0
7.17 40 1948 65 0 0 0 0 0 0 0 1 0 0 0 0 0
9.27 100 1970 200 0 0 0 0 0 0 0 0 0 0 1 0 0
7.68 87 1966 187 1 0 0 0 0 0 0 0 0 0 1 0 0
3.85 166 1918 104 1 0 1 0 0 1 0 0 0 0 0 0 1
5.81 62 1918 371 1 0 1 1 0 0 0 0 0 1 0 0 0
4.89 110 1957 57 0 0 0 0 1 1 0 0 0 0 0 1 0
11.7 85 1957 255 1 0 0 0 0 0 0 0 0 0 1 0 0
4.04 61 1924 316 0 0 0 1 0 0 0 0 0 1 0 0 0
9.42 66 1988 223 0 0 0 0 0 0 0 0 1 0 0 0 0
10.23 75 1924 10 1 0 0 0 1 0 0 0 1 0 0 0 0
7.23 75 1924 123 0 0 0 0 1 0 0 0 0 1 0 0 0
6.34 77 1972 209 0 0 0 0 0 0 0 0 0 1 0 0 0
6.36 70 1966 69 0 0 0 0 0 0 0 0 0 1 0 0 0
6.54 79 1957 167 0 0 0 0 1 0 0 0 0 1 0 0 0
7.92 41 1969 243 0 0 0 0 0 0 0 0 1 0 0 0 0
11.33 54 1972 286 0 0 0 0 0 0 1 0 1 0 0 0 0
7.26 90 1918 8 1 0 0 0 1 1 1 0 0 1 0 0 0
10.37 28 1972 8 1 0 0 0 0 0 0 1 0 0 0 0 0
8.43 79 1986 295 1 0 0 0 1 0 0 0 0 1 0 0 0
10.67 88 1980 350 1 0 0 0 0 0 1 0 0 1 0 0 0
6.77 58 1972 193 0 0 0 0 0 0 0 0 1 0 0 0 0
8.52 90 1979 65 0 0 0 0 0 0 0 0 0 1 0 0 0
9.91 32 1970 209 0 0 0 0 0 0 0 1 0 0 0 0 0
8.01 71 1924 127 0 0 0 0 0 0 0 0 0 1 0 0 0
6.16 43 1960 53 0 0 0 0 0 0 0 0 1 0 0 0 0
9.98 42 1948 246 1 0 0 0 0 0 0 0 1 0 0 0 0
11 112 1918 49 1 0 0 0 0 1 1 0 0 0 1 0 0
7.2 62 1974 123 0 0 0 0 0 0 0 0 1 0 0 0 0
8.19 57 1988 289 0 0 0 0 0 0 1 0 1 0 0 0 0
9.37 57 1981 248 0 0 0 0 0 0 0 0 1 0 0 0 0
7.28 73 1972 288 0 0 0 0 0 0 0 0 0 1 0 0 0
14.82 35 1983 191 1 0 0 0 1 0 0 0 1 0 0 0 0
8.39 67 1957 296 1 0 0 0 0 0 0 0 0 1 0 0 0
8.2 53 1980 277 0 0 0 0 1 0 0 0 1 0 0 0 0
7.23 85 1918 29 1 0 0 0 0 0 0 0 1 0 0 0 0
7.69 74 1971 53 0 0 0 0 0 0 0 0 0 1 0 0 0
7.94 36 1948 21 1 0 0 0 1 0 0 1 0 0 0 0 0
9.44 65 1957 49 0 0 0 0 0 0 0 0 0 1 0 0 0
12.38 32 1969 295 1 0 0 0 0 0 0 1 0 0 0 0 0
12.22 72 1988 224 0 1 0 0 1 0 0 0 1 0 0 0 0
9.69 80 1957 274 1 0 0 0 0 0 0 0 0 1 0 0 0
10.17 36 1999 151 0 0 0 0 0 0 0 1 0 0 0 0 0
9.98 83 1918 334 0 0 0 0 0 0 0 0 0 1 0 0 0
8.06 61 1960 290 0 0 0 0 1 0 0 0 0 1 0 0 0
10.29 76 1948 55 0 0 0 0 1 0 0 0 0 1 0 0 0
9.88 30 1971 316 0 0 0 0 0 0 0 1 0 0 0 0 0
11.71 73 1972 144 1 0 0 0 0 1 0 0 0 1 0 0 0
8.1 72 1993 111 0 0 0 0 0 0 0 0 1 0 0 0 0
8.65 87 1966 289 0 0 0 0 1 1 0 0 0 1 0 0 0
8.99 102 1918 42 1 0 0 0 0 1 0 0 0 0 0 1 0
9.2 55 1960 43 1 0 0 0 0 0 0 0 1 0 0 0 0
11.39 27 1985 290 0 0 0 0 0 0 0 1 0 0 0 0 0
8.38 80 1977 105 1 0 0 0 0 0 0 0 0 1 0 0 0
6.28 71 1960 290 0 0 0 0 0 0 0 0 0 1 0 0 0
8.31 85 1918 99 0 1 0 0 0 0 0 0 0 1 0 0 0
9.18 50 1960 101 1 0 0 0 1 1 0 0 1 0 0 0 0
5.96 66 1966 122 0 0 0 0 0 0 0 0 0 1 0 0 0
4.81 83 1960 361 0 0 0 0 1 0 0 0 0 0 1 0 0
11.71 25 1960 255 1 0 0 0 0 0 0 1 0 0 0 0 0
5.8 88 1969 322 0 0 0 0 0 0 0 0 0 0 1 0 0
7.5 60 1966 250 1 0 0 0 0 0 1 0 1 0 0 0 0
6.22 100 1948 192 1 0 0 0 0 0 1 0 0 0 0 0 1
5.63 82 1970 120 0 0 0 0 0 0 0 0 0 1 0 0 0
8.9 93 1939 30 1 0 0 0 0 0 0 0 0 1 0 0 0
8.14 53 1918 28 0 0 0 0 0 0 0 0 1 0 0 0 0
4.49 54 1918 172 0 0 0 0 0 0 0 0 1 0 0 0 0
6.96 96 1924 131 1 0 0 0 1 0 1 0 0 0 1 0 0
8.4 78 1960 133 1 0 0 0 0 0 0 0 0 1 0 0 0
7.79 74 1967 103 0 1 0 0 0 0 0 0 0 1 0 0 0
9.18 53 1973 84 0 0 0 0 0 0 0 0 1 0 0 0 0
9.12 49 1966 81 0 0 0 0 0 0 0 0 1 0 0 0 0
9.83 50 1985 316 0 0 0 0 0 0 0 0 1 0 0 0 0
4.21 105 1998 179 1 0 0 0 0 0 0 0 0 0 1 0 0
8.63 32 1973 152 0 0 0 0 0 0 0 1 0 0 0 0 0
8.27 100 1918 81 0 0 0 0 1 0 0 0 0 1 0 0 0
3.94 57 1918 129 0 0 0 0 0 0 0 0 1 0 0 0 0
11.08 72 1918 346 0 0 0 0 0 0 0 0 1 0 0 0 0
3.87 47 1960 286 0 0 1 1 1 0 0 0 1 0 0 0 0
7.49 65 1957 89 1 0 0 0 1 0 0 0 1 0 0 0 0
7.56 56 1948 127 0 0 0 0 1 0 0 0 1 0 0 0 0
8.86 170 1918 34 0 0 0 0 1 1 0 0 0 0 1 0 0
10.73 45 1924 357 0 0 0 0 0 0 0 0 1 0 0 0 0
9.41 68 1971 234 1 0 0 0 0 0 0 0 0 1 0 0 0
8.56 56 1957 49 1 0 0 1 1 0 0 0 1 0 0 0 0
7.61 121 1924 289 0 0 0 0 0 0 0 0 0 0 1 0 0
7.19 32 1975 316 0 0 0 0 0 0 0 1 0 0 0 0 0
8.64 26 1960 21 1 0 0 1 0 0 0 1 0 0 0 0 0
8.83 146 1973 266 1 0 0 0 0 0 0 1 0 0 0 0 0
11.92 85 1957 132 1 0 0 0 0 0 0 0 0 1 0 0 0
4.88 61 1960 207 0 0 0 0 0 0 0 0 1 0 0 0 0
6.97 146 1918 34 0 0 0 1 1 0 0 0 0 0 0 1 0
8.51 66 1980 158 0 1 0 0 0 0 0 0 1 0 0 0 0
8.52 65 1983 185 0 0 0 0 0 1 0 0 0 1 0 0 0
9.8 60 1918 371 0 0 0 0 0 0 0 0 1 0 0 0 0
3.11 125 1918 363 0 0 1 1 0 0 0 0 0 0 0 1 0
7.77 52 1967 232 0 0 0 0 0 0 0 1 0 0 0 0 0
2.93 66 1918 96 1 0 0 0 0 0 0 0 0 1 0 0 0
8.25 69 1960 208 0 0 0 0 0 0 0 0 0 1 0 0 0
5.85 82 1918 289 0 0 0 0 0 0 0 0 0 1 0 0 0
7.68 92 1971 229 0 0 0 0 0 0 0 0 0 1 0 0 0
8.28 74 1969 182 0 0 0 0 0 0 0 0 0 1 0 0 0
16.93 32 1918 367 1 0 0 0 0 0 0 1 0 0 0 0 0
3.57 37 1948 140 0 0 1 1 0 0 0 0 1 0 0 0 0
2.5 68 1918 101 1 0 1 1 0 0 0 0 0 1 0 0 0
9.94 115 1970 307 0 0 0 0 0 0 0 0 0 1 0 0 0
11.01 65 1918 147 1 0 0 0 0 0 0 0 1 0 0 0 0
8.91 66 1970 171 0 0 0 0 0 0 0 0 0 1 0 0 0
10.23 36 1957 275 0 0 0 0 0 0 0 1 0 0 0 0 0
7.65 100 1918 126 0 0 0 0 0 0 0 0 0 0 1 0 0
8.87 48 1960 127 1 0 0 0 1 0 0 0 1 0 0 0 0
5.81 50 1948 94 0 0 0 0 0 0 0 0 1 0 0 0 0
5.29 80 1918 133 1 0 0 0 0 0 0 0 0 1 0 0 0
10.65 30 1968 306 0 0 0 0 0 0 0 1 0 0 0 0 0
7.3 76 1975 213 1 0 0 0 0 0 0 0 0 0 1 0 0
6.45 61 1966 207 0 0 0 0 1 0 0 0 1 0 0 0 0
11.36 25 1948 131 1 0 0 0 0 0 0 1 0 0 0 0 0
7.38 85 1918 30 1 0 0 1 1 0 0 0 0 1 0 0 0
10.31 59 1998 207 0 0 0 0 0 0 0 0 1 0 0 0 0
10.87 48 1987 345 1 0 0 0 0 0 0 0 1 0 0 0 0
6.36 92 1939 55 0 0 0 0 0 0 0 0 0 0 1 0 0
5.84 70 1969 120 0 0 0 0 0 0 0 0 1 0 0 0 0
5.28 50 1918 80 0 0 0 1 1 0 0 0 1 0 0 0 0
7.15 82 1918 76 0 0 0 0 1 0 0 0 0 1 0 0 0
11.55 31 1918 76 0 0 0 0 0 0 0 1 0 0 0 0 0
7.77 89 1972 165 1 0 0 0 0 1 0 0 0 1 0 0 0
11.65 50 1973 307 0 0 0 0 0 0 0 0 1 0 0 0 0
8.82 43 1918 81 0 0 0 0 1 0 0 0 1 0 0 0 0
6.76 122 1918 262 1 0 0 0 0 0 0 0 0 1 0 0 0
7.43 65 1986 232 1 0 0 0 0 0 0 0 1 0 0 0 0
8.54 50 1957 20 1 0 0 0 0 0 0 0 1 0 0 0 0
6.01 65 1957 25 0 0 0 1 0 0 0 0 1 0 0 0 0
5.68 87 1948 289 0 0 0 0 0 0 0 0 0 1 0 0 0
8.63 84 1973 182 0 0 0 0 1 0 0 0 0 1 0 0 0
10.76 73 1998 126 0 0 0 0 0 0 0 0 0 1 0 0 0
8.31 80 1918 366 1 0 0 0 0 1 0 0 0 1 0 0 0
5.52 65 1918 81 0 0 0 0 0 0 0 0 1 0 0 0 0
8.16 89 1973 223 0 0 0 0 0 0 0 0 0 1 0 0 0
3.85 52 1957 189 0 0 0 0 0 0 0 0 1 0 0 0 0
8.95 54 1992 354 1 0 0 0 0 0 0 0 1 0 0 0 0
11.42 67 1993 246 1 0 0 0 0 0 0 0 1 0 0 0 0
7.66 70 1966 129 0 0 0 0 0 0 0 0 0 1 0 0 0
6.76 83 1918 101 1 0 0 0 0 0 0 0 1 0 0 0 0
9.5 160 1918 108 0 0 0 0 0 0 0 0 0 0 0 0 1
6.48 71 1918 89 1 0 0 1 0 0 0 0 0 1 0 0 0
7.16 69 1966 133 1 0 0 0 1 0 0 0 0 1 0 0 0
9.1 125 1918 131 1 0 0 0 0 0 0 0 0 0 1 0 0
9.09 90 1918 34 0 0 0 0 0 0 0 0 0 0 1 0 0
9.35 80 1996 225 1 0 0 0 0 0 0 0 0 1 0 0 0
4.35 62 1918 345 0 0 1 1 0 0 0 0 1 0 0 0 0
9.25 46 1972 153 0 0 0 0 0 0 0 0 1 0 0 0 0
4.15 72 1924 83 0 0 0 0 0 0 0 0 0 1 0 0 0
5.02 47 1960 53 0 0 0 0 1 0 0 0 1 0 0 0 0
9.66 50 1993 192 1 0 0 0 0 0 0 0 1 0 0 0 0
5.57 70 1966 202 0 0 0 0 1 0 0 0 0 1 0 0 0
7.27 73 1966 286 0 0 0 0 0 0 0 0 0 1 0 0 0
5.21 65 1960 110 0 0 0 0 0 0 0 0 0 1 0 0 0
6.53 80 1966 125 0 0 0 0 0 0 0 0 0 1 0 0 0
8.5 89 1918 52 0 0 0 0 0 0 0 0 0 0 1 0 0
7.29 57 1974 248 0 0 0 0 0 0 0 0 1 0 0 0 0
9.28 70 1974 123 0 0 0 0 0 0 0 0 0 1 0 0 0
7.54 65 1924 20 1 0 0 0 0 0 0 0 0 1 0 0 0
8.09 67 1918 42 1 0 0 0 0 0 0 0 0 1 0 0 0
8.56 60 1918 64 0 0 0 1 1 0 0 0 0 1 0 0 0
10.88 65 1957 20 1 0 0 1 1 0 0 0 1 0 0 0 0
5.84 52 1966 41 1 0 0 0 1 0 0 0 1 0 0 0 0
10.59 56 1957 26 0 0 0 0 0 0 0 0 1 0 0 0 0
7.12 85 1957 132 1 0 0 0 0 0 0 0 0 1 0 0 0
12.97 25 1971 145 1 0 0 0 0 0 0 1 0 0 0 0 0
7.83 83 1918 267 0 0 0 0 0 0 0 0 0 1 0 0 0
6.39 100 1918 76 0 0 0 0 0 0 0 0 0 0 1 0 0
9.11 105 1966 69 0 0 0 0 0 0 0 0 0 0 1 0 0
8.42 58 1966 255 1 0 0 0 0 0 0 0 1 0 0 0 0
8.71 55 1918 80 0 0 0 0 0 0 0 0 1 0 0 0 0
8.52 54 1986 210 0 0 0 0 0 0 0 0 1 0 0 0 0
9.47 67 1966 218 0 0 0 0 0 0 0 0 0 1 0 0 0
11.85 82 1994 320 1 0 0 0 0 1 0 0 0 1 0 0 0
7.42 51 1948 54 0 0 0 0 0 0 0 0 1 0 0 0 0
9.45 77 1957 218 1 0 0 0 0 0 0 0 0 1 0 0 0
5.97 65 1966 229 0 0 0 0 1 0 0 0 1 0 0 0 0
8.04 57 1971 61 1 0 0 0 0 0 0 0 1 0 0 0 0
8.32 40 1972 102 1 0 0 0 0 0 0 0 1 0 0 0 0
8.66 89 1993 64 0 1 0 0 0 0 0 0 0 1 0 0 0
7.64 72 1973 124 0 0 0 0 0 0 0 0 0 1 0 0 0
5.44 54 1973 131 1 0 0 0 1 0 0 0 1 0 0 0 0
6.83 62 1983 207 0 0 0 0 0 0 0 0 1 0 0 0 0
14.04 46 1994 63 0 1 0 0 0 0 0 0 1 0 0 0 0
8.39 85 1975 248 1 0 0 0 0 0 0 0 0 0 1 0 0
7.68 52 1969 199 1 0 0 0 0 0 0 0 1 0 0 0 0
8.35 35 1966 217 0 0 0 0 0 0 0 0 1 0 0 0 0
8.83 78 1960 349 0 0 0 0 0 0 0 0 0 1 0 0 0
3.76 180 1924 38 1 0 1 0 0 0 0 0 0 0 0 0 1
8.84 60 1990 161 1 0 0 0 0 0 1 0 1 0 0 0 0
10.11 46 1975 131 1 0 0 0 0 0 0 1 0 0 0 0 0
4.37 140 1918 131 1 0 0 0 0 0 0 0 0 0 1 0 0
5.76 72 1969 349 0 0 0 0 0 0 0 0 0 1 0 0 0
9.14 80 1972 288 0 0 0 0 0 1 0 0 0 1 0 0 0
13.19 30 1968 97 0 1 0 0 0 0 0 1 0 0 0 0 0
7.69 72 1957 53 0 0 0 0 1 0 0 0 0 1 0 0 0
8.7 82 1998 46 0 0 0 0 0 0 0 0 0 1 0 0 0
6.95 66 1966 243 0 0 0 0 0 0 0 0 0 1 0 0 0
9.6 51 1993 192 1 0 0 0 0 0 0 0 1 0 0 0 0
4.89 40 1918 80 0 0 0 1 0 0 0 0 1 0 0 0 0
9.4 29 1966 300 0 0 0 0 0 0 0 1 0 0 0 0 0
3.06 93 1957 125 0 0 0 1 0 1 0 0 0 0 1 0 0
9.05 43 1948 131 1 0 1 1 0 0 0 0 1 0 0 0 0
7.56 55 1957 54 0 0 0 0 0 0 0 0 1 0 0 0 0
6.07 87 1972 209 0 0 0 0 1 0 0 0 0 0 1 0 0
10.26 38 1968 109 0 0 0 0 0 0 0 1 0 0 0 0 0
7.3 48 1960 41 0 0 0 0 1 0 0 0 1 0 0 0 0
11.57 80 1957 116 0 0 0 1 0 0 0 0 1 0 0 0 0
6.17 100 1967 127 0 0 0 0 1 0 0 0 0 0 1 0 0
5.13 90 1948 206 0 0 1 1 0 1 0 0 0 0 1 0 0
5.13 86 1957 230 1 0 0 0 0 0 0 0 0 0 1 0 0
8.36 75 1948 213 1 0 0 0 0 0 0 0 0 1 0 0 0
9.7 61 1966 124 0 0 0 0 0 0 0 0 1 0 0 0 0
11.46 70 1993 198 1 0 0 0 0 1 1 0 0 1 0 0 0
5.1 140 1918 328 1 0 0 0 0 0 0 0 0 1 0 0 0
5.92 53 1948 124 0 0 0 0 1 0 0 0 1 0 0 0 0
8.21 84 1983 26 0 0 0 0 0 0 0 0 0 1 0 0 0
8.85 74 1987 148 0 0 0 0 0 0 0 0 0 1 0 0 0
11.04 64 1918 41 1 0 0 0 0 0 0 0 1 0 0 0 0
7.76 85 1969 182 0 0 0 0 0 0 0 0 0 0 1 0 0
3.68 65 1918 210 0 0 1 1 0 0 0 0 0 1 0 0 0
8.05 74 1957 17 1 0 0 0 1 0 0 0 0 1 0 0 0
6.8 90 1918 43 1 0 0 1 0 0 0 0 0 0 1 0 0
12.34 40 1972 46 0 0 0 0 0 0 0 1 0 0 0 0 0
11.84 63 1918 262 1 0 0 0 0 0 0 0 1 0 0 0 0
4.95 77 1948 72 0 0 0 0 0 0 0 0 0 1 0 0 0
4 46 1918 172 0 0 0 0 1 0 0 1 0 0 0 0 0
10.05 32 1973 54 0 0 0 0 0 0 0 1 0 0 0 0 0
4.33 66 1970 140 0 0 0 0 0 0 0 0 0 1 0 0 0
6.93 54 1960 209 0 0 0 0 0 0 0 0 1 0 0 0 0
8.4 45 1960 107 0 0 0 0 0 0 0 0 1 0 0 0 0
7.79 76 1957 96 1 0 0 0 0 0 0 0 0 1 0 0 0
9.67 100 1995 233 1 0 0 0 0 1 0 0 0 1 0 0 0
11.71 44 1939 29 1 0 0 0 0 0 0 0 1 0 0 0 0
7.01 73 1989 54 0 0 0 0 0 0 0 0 0 1 0 0 0
9.41 125 1918 76 0 0 0 0 1 1 0 0 0 0 1 0 0
7.74 67 1957 16 1 0 0 0 0 0 0 0 0 1 0 0 0
10.37 105 1918 14 0 0 0 1 0 1 0 0 0 1 0 0 0
10.1 81 1918 366 1 0 0 0 0 1 0 0 0 1 0 0 0
8.84 81 1960 144 1 0 0 0 0 0 0 0 0 1 0 0 0
11.19 53 1996 207 1 0 0 0 0 0 0 0 1 0 0 0 0
8.57 80 1918 357 0 0 0 0 0 0 0 0 0 1 0 0 0
9.61 80 1966 86 0 0 0 0 1 0 0 0 0 1 0 0 0
4.7 42 1924 371 1 0 0 0 1 0 0 1 0 0 0 0 0
4.7 53 1957 125 1 0 0 0 1 0 0 0 1 0 0 0 0
8.65 65 1981 336 0 0 0 0 0 1 0 0 1 0 0 0 0
9.38 44 1957 73 0 0 0 1 0 0 0 0 1 0 0 0 0
4.93 97 1918 147 1 0 0 0 0 0 0 0 0 0 1 0 0
9.41 65 1957 24 0 0 0 0 0 0 0 0 0 1 0 0 0
8.87 57 1918 69 0 0 0 0 0 0 0 0 1 0 0 0 0
10.26 70 1983 268 0 0 0 0 0 0 0 0 1 0 0 0 0
11.32 42 1957 65 0 0 0 0 0 0 0 1 0 0 0 0 0
6.9 71 1957 65 0 0 0 0 0 0 0 0 0 1 0 0 0
10.86 82 1918 29 1 0 0 0 0 0 0 0 0 1 0 0 0
11.86 50 1985 290 0 0 0 0 0 0 0 0 1 0 0 0 0
9.8 63 1996 336 0 0 0 0 0 0 1 0 1 0 0 0 0
4.67 88 1924 123 0 0 1 1 1 0 0 0 0 0 1 0 0
11.62 125 1918 42 1 0 0 0 0 0 1 0 0 0 1 0 0
6.76 74 1984 173 0 0 0 0 1 0 0 0 1 0 0 0 0
4.92 58 1918 172 0 0 0 0 1 0 0 0 0 1 0 0 0
8.33 62 1918 80 0 0 0 0 0 0 0 0 1 0 0 0 0
8.38 145 1996 123 0 0 0 0 0 0 1 0 0 0 1 0 0
5.33 49 1957 53 0 0 0 0 0 0 0 0 1 0 0 0 0
7.36 125 1924 101 1 0 0 0 0 0 0 0 0 0 0 1 0
8.42 48 1972 84 0 0 0 0 0 0 0 1 0 0 0 0 0
4.31 58 1966 177 0 0 0 0 0 0 0 0 1 0 0 0 0
7.91 81 1972 228 1 0 0 0 1 0 0 0 0 1 0 0 0
13.06 37 1918 42 1 0 0 0 0 0 1 1 0 0 0 0 0
7.63 60 1960 140 0 0 0 0 0 0 0 0 0 1 0 0 0
5.09 97 1924 288 0 0 0 0 1 0 0 0 0 0 1 0 0
9.92 93 1970 159 1 0 0 0 0 0 0 0 0 1 0 0 0
11.93 21 1966 20 1 0 0 0 0 0 0 1 0 0 0 0 0
8.8 55 1966 8 1 0 0 0 0 0 0 0 1 0 0 0 0
3.36 90 1918 43 1 0 0 0 1 0 0 0 0 1 0 0 0
5.84 86 1966 223 0 0 0 0 1 0 0 0 0 0 1 0 0
7.69 51 1966 54 0 0 0 0 1 0 0 1 0 0 0 0 0
5.51 69 1960 140 0 0 0 0 1 0 0 0 0 1 0 0 0
9.14 77 1990 304 1 0 0 0 0 0 0 0 0 1 0 0 0
4.74 43 1957 95 1 0 0 1 0 0 0 0 1 0 0 0 0
10.4 58 1972 84 0 0 0 0 0 0 0 0 1 0 0 0 0
12.22 63 1966 291 0 0 0 0 0 0 0 0 0 1 0 0 0
10.45 31 1966 131 1 0 0 0 0 0 0 1 0 0 0 0 0
10.47 39 1975 248 1 0 0 0 0 0 0 1 0 0 0 0 0
10.09 67 1939 298 1 0 0 0 0 0 0 0 1 0 0 0 0
7.21 60 1966 292 0 0 0 0 0 0 0 0 0 1 0 0 0
9.74 45 1957 89 1 0 0 0 0 0 0 0 1 0 0 0 0
9.9 62 1957 132 1 0 0 1 0 0 0 0 0 1 0 0 0
7.22 79 1966 243 0 0 0 0 0 0 0 0 0 0 1 0 0
7.24 58 1960 30 1 0 0 0 1 0 0 0 1 0 0 0 0
7.7 103 1918 134 1 0 0 0 0 0 0 0 0 1 0 0 0
4.77 101 1924 371 1 0 0 0 0 0 0 0 0 0 1 0 0
5.48 66 1924 130 0 0 0 0 0 0 0 0 1 0 0 0 0
9.24 82 1966 152 0 0 0 0 1 0 0 0 0 0 1 0 0
11.16 36 1957 223 1 0 0 0 0 0 0 1 0 0 0 0 0
3.11 75 1918 218 0 0 1 1 0 0 0 0 0 1 0 0 0
4.63 69 1957 259 1 0 0 0 0 0 0 0 0 1 0 0 0
10.74 100 1977 54 0 0 0 0 0 0 0 0 0 0 0 1 0
10.23 55 1957 84 0 0 0 0 0 0 0 0 0 1 0 0 0
4.27 72 1918 42 1 0 1 1 0 0 0 0 0 1 0 0 0
4.77 111 1918 40 0 0 1 1 0 0 0 0 0 0 1 0 0
12.15 68 1957 20 1 0 0 1 1 0 0 0 0 1 0 0 0
11.54 101 1960 66 0 0 0 0 0 0 0 0 0 0 0 1 0
5.91 80 1918 29 1 0 0 1 1 0 0 0 0 1 0 0 0
3.77 87 1966 47 1 0 0 0 0 0 0 0 0 0 0 1 0
11.58 40 1918 42 1 0 0 1 0 0 0 0 1 0 0 0 0
8.65 91 1978 130 1 0 0 0 0 1 0 0 0 0 1 0 0
6.72 65 1918 131 1 0 0 0 0 0 0 0 1 0 0 0 0
9.14 35 1966 280 0 0 0 0 0 0 0 1 0 0 0 0 0
3.2 53 1960 148 0 0 0 0 1 0 0 0 1 0 0 0 0
4.67 61 1924 45 0 0 0 0 0 0 0 0 1 0 0 0 0
11.01 65 1995 30 1 0 0 0 0 0 0 0 1 0 0 0 0
11.62 55 1973 139 0 0 0 0 0 0 0 0 1 0 0 0 0
7.31 60 1957 298 1 0 0 0 0 0 0 0 1 0 0 0 0
6.25 63 1972 84 0 0 0 0 0 0 0 0 1 0 0 0 0
4.04 77 1970 290 0 0 0 0 0 0 0 0 0 1 0 0 0
10.3 80 1918 40 1 0 0 0 0 0 0 0 0 1 0 0 0
8.04 65 1960 87 0 0 0 0 0 0 0 0 0 1 0 0 0
5.67 102 1918 80 0 0 0 0 1 0 0 0 0 1 0 0 0
6.45 80 1957 277 0 0 0 0 0 0 0 0 0 1 0 0 0
2.92 93 1972 55 0 0 0 0 0 0 0 0 0 0 1 0 0
13.29 20 1972 20 1 0 0 0 0 0 0 1 0 0 0 0 0
11.07 55 1996 165 1 0 0 0 0 0 1 0 1 0 0 0 0
9.65 53 1992 76 0 0 0 0 0 0 1 0 1 0 0 0 0
10 80 1988 239 0 0 0 0 0 1 0 0 0 0 1 0 0
9.94 46 1971 119 1 0 0 0 0 0 0 1 0 0 0 0 0
11.67 47 1979 317 0 0 0 0 0 0 0 0 1 0 0 0 0
5.33 59 1948 189 0 0 0 0 1 0 0 0 1 0 0 0 0
6.67 86 1970 182 0 0 0 0 0 0 0 0 0 0 1 0 0
6.59 140 1924 134 1 0 0 1 0 0 0 0 0 0 0 1 0
5.1 65 1966 229 0 0 0 0 0 0 0 0 0 1 0 0 0
7.53 73 1980 361 0 0 0 0 0 0 0 0 1 0 0 0 0
4.29 67 1918 329 1 0 0 1 1 0 0 0 0 1 0 0 0
8.66 74 1966 351 1 0 0 0 0 0 0 0 0 1 0 0 0
8.74 71 1966 202 0 0 0 0 0 0 0 0 0 1 0 0 0
13.43 46 1957 66 0 0 0 0 0 0 0 0 1 0 0 0 0
8.64 178 1983 2 1 0 0 0 1 0 0 0 0 0 0 0 1
9.72 40 1957 299 0 0 0 1 0 0 0 0 1 0 0 0 0
10.45 69 1918 277 0 0 0 0 0 0 0 0 0 1 0 0 0
7.64 87 1973 135 0 0 0 0 0 1 0 0 0 1 0 0 0
8.18 45 1957 84 0 0 0 0 0 0 0 0 1 0 0 0 0
6.92 144 1918 104 0 1 0 0 0 0 0 0 0 0 1 0 0
6.69 52 1969 182 0 0 0 0 0 0 0 0 1 0 0 0 0
11.8 130 1918 35 1 0 0 0 0 0 0 0 0 0 0 1 0
8.91 33 1972 292 0 0 0 0 0 0 0 1 0 0 0 0 0
9.31 61 1970 292 0 0 0 0 0 0 0 0 0 1 0 0 0
12.91 63 1993 8 1 0 0 0 0 0 0 0 1 0 0 0 0
7.81 67 1970 243 0 0 0 0 0 0 0 0 0 1 0 0 0
5.47 51 1960 41 1 0 0 0 1 0 0 0 1 0 0 0 0
9.73 60 1999 195 1 0 0 0 0 0 0 0 1 0 0 0 0
6.9 45 1939 83 0 0 0 0 1 1 0 0 1 0 0 0 0
7.54 59 1957 205 0 0 0 0 0 0 0 0 1 0 0 0 0
12.06 43 1992 171 0 0 0 0 0 0 0 0 1 0 0 0 0
10.59 42 1960 49 1 0 0 0 1 0 0 1 0 0 0 0 0
8.96 77 1983 131 1 0 0 0 0 0 0 0 1 0 0 0 0
5.64 63 1918 102 1 0 0 0 1 0 0 0 0 1 0 0 0
8.56 65 1982 61 1 0 0 0 0 0 0 0 1 0 0 0 0
9.26 63 1983 165 1 0 0 0 0 0 0 0 1 0 0 0 0
7.14 73 1966 349 0 0 0 0 0 0 0 0 0 1 0 0 0
11.5 50 2000 32 1 0 0 0 0 0 0 0 1 0 0 0 0
9.2 76 1918 49 0 0 0 0 1 0 0 0 0 1 0 0 0
7.11 54 1975 316 0 0 0 0 0 0 0 0 1 0 0 0 0
8.22 70 1918 339 1 0 0 0 0 1 0 0 0 1 0 0 0
8.95 44 1939 371 1 0 0 0 0 0 0 1 0 0 0 0 0
9.1 38 1966 209 0 0 0 0 0 0 0 1 0 0 0 0 0
4.71 80 1957 126 1 0 0 0 1 0 0 0 0 1 0 0 0
8.71 38 1918 28 0 0 0 0 0 0 0 0 1 0 0 0 0
6.97 51 1993 101 1 0 0 0 0 0 0 0 1 0 0 0 0
8.65 70 1957 20 1 0 0 0 0 0 0 0 1 0 0 0 0
8.75 57 1966 76 0 0 0 0 1 0 0 0 0 1 0 0 0
8.37 91 1968 59 1 0 0 0 0 1 0 0 0 0 1 0 0
12.25 32 1966 265 1 0 0 0 0 0 0 1 0 0 0 0 0
5.19 52 1993 289 0 0 0 0 0 0 0 0 1 0 0 0 0
9.3 48 1983 165 1 0 0 0 1 0 0 0 1 0 0 0 0
4.62 83 1918 345 0 0 0 1 0 0 0 0 0 1 0 0 0
5.23 85 1966 305 0 0 0 0 1 1 0 0 0 0 1 0 0
6.69 103 1918 145 1 0 0 0 0 0 0 0 0 0 1 0 0
6.65 85 1971 120 0 0 0 0 0 1 0 0 0 0 1 0 0
10.04 60 1957 20 1 0 0 0 0 0 1 0 1 0 0 0 0
7.87 63 1970 209 0 0 0 0 1 0 0 0 1 0 0 0 0
14.22 123 1918 168 0 1 0 0 0 0 0 0 0 0 1 0 0
10.5 75 1998 325 1 0 0 0 0 0 1 0 0 1 0 0 0
9.82 76 1997 62 0 1 0 0 0 1 0 0 0 1 0 0 0
7.45 65 1970 235 0 0 0 0 1 0 1 0 1 0 0 0 0
6.26 113 1966 65 0 0 0 0 0 1 0 0 0 0 1 0 0
9.11 73 1924 239 0 0 0 0 0 0 1 0 0 1 0 0 0
8.14 76 1957 255 1 0 0 0 1 0 0 0 0 1 0 0 0
9.8 52 1957 14 0 0 0 0 0 0 0 0 1 0 0 0 0
12.36 60 1960 369 0 0 0 0 0 0 1 0 0 1 0 0 0
10.42 54 1991 53 0 0 0 0 0 0 1 0 1 0 0 0 0
1.89 43 1918 73 0 0 0 1 0 0 0 0 1 0 0 0 0
9.01 91 1998 378 1 0 0 0 0 1 1 0 0 1 0 0 0
5.64 86 1918 102 1 0 0 0 0 1 0 0 0 0 1 0 0
7.73 59 1918 29 1 0 0 0 0 0 0 0 0 1 0 0 0
9.18 77 1957 173 1 0 0 0 0 0 0 0 0 1 0 0 0
7.76 56 1966 149 0 0 0 0 0 0 0 0 1 0 0 0 0
5.32 64 1972 114 0 0 0 0 0 0 0 0 1 0 0 0 0
9.06 96 1918 73 0 0 0 0 0 0 0 0 0 1 0 0 0
11.16 70 1974 123 0 0 0 0 1 1 1 0 0 1 0 0 0
5.55 79 1973 120 0 0 0 0 0 0 0 0 0 1 0 0 0
11.39 66 1980 34 1 0 0 0 0 0 0 0 0 1 0 0 0
5.31 75 1967 73 0 0 0 0 0 0 0 0 0 1 0 0 0
11.48 55 1982 49 1 0 0 0 0 0 0 0 1 0 0 0 0
9.33 40 1918 123 0 0 0 1 1 0 0 0 1 0 0 0 0
10.69 35 1967 127 0 0 0 0 1 0 0 1 0 0 0 0 0
6.26 28 1960 87 1 0 0 0 1 0 0 1 0 0 0 0 0
9.88 44 1973 295 1 0 0 0 0 0 0 1 0 0 0 0 0
10.53 85 1980 102 1 0 0 0 0 1 1 0 0 1 0 0 0
7.93 45 1966 216 1 0 0 0 0 0 0 0 1 0 0 0 0
2.6 43 1973 183 0 0 0 0 0 0 0 1 0 0 0 0 0
8.77 35 1957 366 1 0 0 0 1 0 0 1 0 0 0 0 0
6.59 79 1972 189 0 0 0 0 0 1 0 0 0 1 0 0 0
9.5 85 1983 349 0 0 0 0 0 1 0 0 0 1 0 0 0
8.36 82 1972 118 1 0 0 0 0 0 0 0 0 0 1 0 0
9.81 30 1970 362 1 0 0 0 0 0 0 1 0 0 0 0 0
8.72 35 1974 214 0 0 0 0 0 0 0 1 0 0 0 0 0
9.41 72 1990 298 1 0 0 0 0 0 0 0 1 0 0 0 0
6.9 70 1971 120 0 0 0 0 1 0 0 0 0 1 0 0 0
7.37 110 1972 8 1 0 0 0 0 1 0 0 0 1 0 0 0
10.24 73 1998 76 0 0 0 0 0 0 1 0 0 0 1 0 0
7.94 103 1967 358 0 0 0 0 0 0 0 0 0 0 1 0 0
8.12 81 1973 183 0 0 0 0 0 1 0 0 0 1 0 0 0
7.14 76 1960 20 1 0 0 0 0 0 0 0 0 1 0 0 0
10.97 105 1918 49 1 0 0 0 0 1 0 0 0 1 0 0 0
7.45 64 1957 23 1 0 0 0 1 0 0 0 1 0 0 0 0
10.23 51 1983 250 1 0 0 0 0 0 0 0 1 0 0 0 0
9.83 51 1957 123 0 0 0 0 0 0 0 0 1 0 0 0 0
6.08 50 1918 42 1 0 0 1 1 0 0 0 1 0 0 0 0
5.1 84 1966 292 0 0 0 0 1 0 0 0 0 0 1 0 0
8.86 68 1980 289 0 0 0 0 0 0 0 0 0 1 0 0 0
6.54 65 1972 321 0 0 0 0 0 0 0 0 0 1 0 0 0
5.56 68 1918 345 1 0 0 1 1 0 0 0 0 1 0 0 0
8.1 137 1918 16 1 0 0 0 1 0 0 0 0 0 1 0 0
10.23 53 2001 154 0 0 0 0 0 0 0 0 1 0 0 0 0
8.24 69 1966 286 0 0 0 0 0 0 0 0 1 0 0 0 0
5.92 62 1948 337 1 0 0 0 1 0 0 0 1 0 0 0 0
8.41 63 1957 64 0 0 0 0 0 0 0 0 1 0 0 0 0
10.19 91 1960 49 0 0 0 0 1 0 0 0 0 0 1 0 0
8.24 60 1924 72 1 0 0 0 0 0 0 0 1 0 0 0 0
10.31 59 1992 181 0 0 0 0 0 0 0 0 1 0 0 0 0
7.79 72 1957 29 1 0 0 0 0 0 0 0 0 1 0 0 0
10.71 32 1972 291 0 0 0 0 0 0 0 1 0 0 0 0 0
6.88 42 1957 58 1 0 0 0 0 0 0 1 0 0 0 0 0
8.7 47 1983 289 0 0 0 0 0 0 0 1 0 0 0 0 0
8.89 64 1989 344 0 0 0 0 0 1 0 0 1 0 0 0 0
10.39 36 1966 207 0 0 0 0 1 0 0 1 0 0 0 0 0
8.33 55 1971 317 0 0 0 0 0 0 0 0 1 0 0 0 0
8.44 91 1981 336 0 0 0 0 0 0 1 0 0 0 1 0 0
10.96 55 1989 181 0 0 0 0 0 0 0 0 1 0 0 0 0
13.11 26 1973 28 0 0 0 0 0 0 0 1 0 0 0 0 0
9.34 38 1967 190 0 0 0 0 1 0 1 1 0 0 0 0 0
9.23 52 1957 275 0 0 0 0 0 0 0 0 1 0 0 0 0
8.42 76 1981 279 0 0 0 0 0 1 0 0 1 0 0 0 0
9.04 53 1966 289 0 0 0 0 0 1 0 0 1 0 0 0 0
9.38 85 1966 97 1 0 0 0 0 0 0 0 0 1 0 0 0
7.18 86 1960 144 1 0 0 0 0 0 0 0 0 1 0 0 0
4.91 93 1977 292 0 0 0 0 0 0 0 0 0 0 1 0 0
9.52 40 1988 198 1 0 0 0 0 0 0 1 0 0 0 0 0
9.68 71 1966 55 0 0 0 0 0 0 0 0 0 1 0 0 0
9.43 53 1966 53 0 0 0 0 1 0 0 0 1 0 0 0 0
6.07 65 1960 110 0 0 0 0 0 0 0 0 0 1 0 0 0
8.89 80 1998 126 0 0 0 0 0 0 0 0 0 1 0 0 0
13.14 31 1972 90 1 0 0 0 0 0 0 1 0 0 0 0 0
5.05 68 1957 17 1 0 1 1 1 0 0 0 0 1 0 0 0
9.32 102 1957 132 1 0 0 0 0 0 0 0 0 0 1 0 0
8.71 54 1994 139 0 0 0 0 1 0 0 0 1 0 0 0 0
9.11 107 1918 42 1 0 0 0 0 0 0 0 0 1 0 0 0
9.33 40 1969 154 0 0 0 0 0 0 0 0 1 0 0 0 0
7.88 75 1969 182 0 0 0 0 1 0 0 0 0 1 0 0 0
6.56 77 1974 183 0 0 0 0 0 0 0 0 0 0 1 0 0
10.7 74 1993 192 1 0 0 0 0 1 0 0 1 0 0 0 0
7.53 72 1960 209 0 0 0 0 0 0 0 0 0 1 0 0 0
10.23 47 1993 145 1 0 0 0 0 0 0 1 0 0 0 0 0
10.8 46 1996 152 0 0 0 0 0 0 0 0 1 0 0 0 0
10.03 70 1967 229 1 0 0 0 0 0 0 0 0 1 0 0 0
7.07 80 1957 329 0 0 0 0 0 0 0 0 0 1 0 0 0
5.1 60 1918 296 1 0 0 0 1 0 0 0 1 0 0 0 0
10.34 100 1973 121 1 0 0 0 0 1 0 0 0 1 0 0 0
8.14 78 1987 118 0 0 0 0 0 0 0 0 0 1 0 0 0
6.73 39 1957 292 0 0 0 0 0 0 0 0 1 0 0 0 0
11.81 55 1983 228 0 1 0 0 0 0 0 0 1 0 0 0 0
11.82 30 1972 154 0 0 0 0 0 0 0 1 0 0 0 0 0
7.78 92 1918 30 1 0 0 0 1 0 0 0 0 1 0 0 0
7.02 60 1966 289 0 0 0 0 1 0 0 0 0 1 0 0 0
6.53 78 1968 229 0 0 0 0 0 0 0 0 0 1 0 0 0
9.7 87 1918 14 0 0 0 0 0 0 0 0 0 1 0 0 0
8.82 82 2000 340 1 0 0 0 0 0 0 0 0 1 0 0 0
9.12 59 1998 310 1 0 0 0 0 0 0 0 1 0 0 0 0
9 79 1918 371 1 0 0 0 0 1 0 0 1 0 0 0 0
6.53 123 1918 299 1 0 0 0 0 0 0 0 0 0 0 1 0
11.02 36 1988 205 0 0 0 0 0 0 0 1 0 0 0 0 0
9.66 97 1983 165 1 0 0 0 0 0 0 0 0 1 0 0 0
10.28 92 1918 296 1 0 0 0 0 0 0 0 0 1 0 0 0
10.97 55 1918 371 1 0 0 0 0 0 0 0 1 0 0 0 0
5.88 121 1918 30 1 0 0 0 1 0 0 0 0 0 1 0 0
8.55 31 1973 139 0 0 0 0 0 0 0 1 0 0 0 0 0
8.16 60 1948 233 1 0 0 0 0 0 0 0 1 0 0 0 0
12.29 80 1996 320 1 0 0 0 0 0 0 0 0 0 1 0 0
11.73 85 1995 82 0 0 0 0 0 1 0 0 0 1 0 0 0
9.77 53 1966 326 0 0 0 0 0 0 0 0 0 1 0 0 0
6.83 82 1918 315 1 0 1 1 0 0 0 0 0 0 1 0 0
9.18 28 1957 17 1 0 0 0 0 0 0 1 0 0 0 0 0
6.12 70 1918 334 0 0 0 1 0 0 0 0 1 0 0 0 0
9.51 89 1918 103 0 1 0 0 0 0 1 0 0 0 1 0 0
7.96 86 1977 183 0 0 0 0 1 0 0 0 0 0 1 0 0
7.41 87 1924 65 0 0 0 0 0 0 0 0 0 1 0 0 0
7.97 77 1967 124 0 0 0 0 0 0 0 0 0 1 0 0 0
8.05 68 1966 139 0 0 0 0 0 0 0 0 0 1 0 0 0
10.96 35 1960 145 1 0 0 0 0 0 0 1 0 0 0 0 0
8.07 85 1948 127 0 0 0 0 0 0 0 0 0 0 1 0 0
11.42 47 1957 299 0 0 0 0 0 0 0 0 1 0 0 0 0
6.66 65 1957 68 1 0 0 0 1 0 0 0 0 1 0 0 0
9.06 79 1966 20 1 0 0 0 0 1 0 0 0 1 0 0 0
8.13 36 1966 53 0 0 0 0 0 0 0 1 0 0 0 0 0
7.83 54 1966 133 1 0 0 0 1 0 0 0 1 0 0 0 0
5.31 70 1948 102 0 0 0 0 0 0 0 0 0 1 0 0 0
9.31 104 1998 316 0 0 0 0 0 1 0 0 0 0 1 0 0
6.85 70 1957 8 1 0 0 0 0 0 0 0 0 1 0 0 0
10.48 100 1990 293 0 0 0 0 0 1 0 0 0 0 1 0 0
7.67 98 1924 288 0 0 0 0 0 0 0 0 0 0 1 0 0
6.94 70 1966 76 0 0 0 0 1 0 0 0 1 0 0 0 0
17.09 70 1960 158 0 1 0 0 0 1 1 0 1 0 0 0 0
7.34 68 1957 49 1 0 0 0 1 0 0 0 0 1 0 0 0
10 100 1998 287 0 0 0 0 0 1 0 0 0 0 1 0 0
11.15 29 1980 45 0 0 0 0 1 0 0 1 0 0 0 0 0
12.14 80 1988 88 1 0 0 0 0 0 0 0 0 1 0 0 0
9.35 70 1957 64 0 0 0 0 0 0 0 0 1 0 0 0 0
10.65 36 1998 73 0 0 0 0 0 0 0 1 0 0 0 0 0
11.8 26 1972 165 1 0 0 0 0 0 0 1 0 0 0 0 0
7.67 38 1972 120 0 0 0 0 0 0 0 1 0 0 0 0 0
7.17 114 1974 209 0 0 0 0 0 1 0 0 0 0 1 0 0
6.92 54 1966 202 0 0 0 0 1 0 0 0 1 0 0 0 0
6.27 69 1948 102 0 0 0 0 0 0 0 0 0 1 0 0 0
6.65 62 1918 101 1 0 0 0 0 0 0 0 1 0 0 0 0
7.33 100 1977 191 1 0 0 0 0 0 0 0 0 0 1 0 0
5.3 63 1966 316 0 0 0 0 0 0 0 0 0 0 1 0 0
11.51 78 1992 176 0 0 0 0 0 0 0 0 0 1 0 0 0
10.04 28 1968 71 1 0 0 0 0 0 0 1 0 0 0 0 0
7.89 34 1957 73 0 0 0 1 0 0 0 1 0 0 0 0 0
6.37 68 1966 302 0 0 0 0 1 0 0 0 0 1 0 0 0
9.57 83 1973 353 0 0 0 0 0 0 0 0 0 0 1 0 0
5.02 43 1924 130 0 0 0 0 0 0 0 0 1 0 0 0 0
9.25 94 1994 361 0 0 0 0 0 0 0 0 0 1 0 0 0
9.48 86 1974 121 1 0 0 0 0 0 0 0 0 0 1 0 0
11.26 47 1918 84 0 0 0 0 0 0 0 0 1 0 0 0 0
7.15 75 1993 306 0 0 0 0 0 0 0 0 0 1 0 0 0
4.14 105 1957 172 0 0 0 0 1 0 0 0 0 0 1 0 0
11.3 72 1992 305 0 0 0 0 0 0 0 0 0 1 0 0 0
7.85 83 1948 54 0 0 0 0 0 0 0 0 0 1 0 0 0
8.38 75 1948 145 1 0 0 0 0 0 0 0 0 1 0 0 0
8.03 52 1939 60 1 0 0 0 0 0 0 0 1 0 0 0 0
7.86 82 1918 49 1 0 0 0 0 0 0 0 0 1 0 0 0
9.04 93 1918 43 0 0 0 0 0 0 0 0 0 1 0 0 0
12.27 45 1992 76 0 0 0 0 0 0 0 0 1 0 0 0 0
5.53 49 1960 140 0 0 0 0 0 0 0 0 0 1 0 0 0
11.12 40 1918 345 0 0 0 0 0 0 0 0 1 0 0 0 0
12.78 80 1918 265 1 0 0 0 0 0 0 0 0 1 0 0 0
11.05 70 1918 295 1 0 0 0 0 0 0 0 1 0 0 0 0
8.64 52 1918 84 0 0 0 0 0 0 0 0 1 0 0 0 0
6.62 89 1918 81 0 0 0 1 1 0 0 0 1 0 0 0 0
8.11 70 1973 182 0 0 0 0 0 0 0 0 0 1 0 0 0
7.98 35 1967 272 0 0 0 0 0 0 0 1 0 0 0 0 0
1.8 43 1948 269 0 0 1 0 0 0 0 0 1 0 0 0 0
9.1 90 1985 375 1 0 0 0 0 1 0 0 0 1 0 0 0
20.09 20 1966 8 1 0 0 0 0 0 0 1 0 0 0 0 0
12.38 38 1969 289 0 0 0 0 0 0 0 1 0 0 0 0 0
8.4 70 1984 175 0 0 0 0 0 0 1 0 1 0 0 0 0
13.43 28 1960 255 0 0 0 0 0 0 0 1 0 0 0 0 0
7 110 1982 39 0 0 0 0 0 1 0 0 0 0 1 0 0
7.77 87 1993 181 0 0 0 0 0 0 0 0 0 1 0 0 0
7.59 84 1998 287 0 0 0 0 0 0 0 0 0 1 0 0 0
9.06 67 1968 229 0 0 0 0 1 0 1 0 0 1 0 0 0
9.32 71 1983 312 0 1 0 0 0 0 0 0 1 0 0 0 0
9.12 37 1967 145 1 0 0 0 0 0 0 1 0 0 0 0 0
11.84 33 1957 84 0 0 0 0 1 0 0 0 1 0 0 0 0
7.49 40 1948 290 0 0 0 0 0 0 0 0 1 0 0 0 0
10.96 56 1960 255 1 0 0 0 0 0 0 0 1 0 0 0 0
10.95 71 1972 59 0 0 0 0 0 0 1 0 0 1 0 0 0
5.17 113 1918 96 1 0 0 0 0 0 0 0 0 0 1 0 0
9.64 35 1957 72 0 0 0 0 0 0 0 1 0 0 0 0 0
5.73 40 1918 72 0 0 0 1 1 0 0 0 1 0 0 0 0
9.48 96 1918 366 1 0 0 0 0 1 0 0 0 0 1 0 0
9.3 57 1983 38 1 0 0 0 0 0 0 0 1 0 0 0 0
9.13 33 1960 41 0 0 0 0 0 0 0 1 0 0 0 0 0
10.21 63 1948 250 1 0 1 1 0 0 0 0 0 1 0 0 0
4.19 89 1993 134 1 0 0 0 1 0 0 0 0 1 0 0 0
7.86 55 1924 105 1 0 0 0 0 0 0 0 1 0 0 0 0
9.92 36 1960 15 1 0 0 1 0 0 0 0 1 0 0 0 0
5.17 55 1948 267 0 0 0 0 1 0 0 0 1 0 0 0 0
7.69 33 1957 94 0 0 0 0 0 0 0 0 1 0 0 0 0
10.82 96 1985 93 1 0 0 0 0 1 1 0 0 0 1 0 0
5.03 104 1918 30 1 0 0 0 1 0 0 0 0 1 0 0 0
6.25 72 1969 154 0 0 0 0 0 0 0 0 0 1 0 0 0
10.97 56 1960 269 1 0 0 0 1 0 0 0 0 1 0 0 0
5.66 81 1972 72 0 0 0 0 0 0 0 0 0 1 0 0 0
15.15 67 1967 163 0 0 0 0 0 0 0 0 0 1 0 0 0
9.52 110 1957 62 1 0 0 0 0 1 0 0 0 0 1 0 0
8.22 102 1980 327 0 0 0 0 0 0 0 0 0 0 1 0 0
7.34 39 1948 290 0 0 0 0 0 0 0 0 1 0 0 0 0
6.12 57 1948 127 0 0 0 0 1 0 0 0 0 1 0 0 0
11.03 58 1960 277 0 0 0 0 0 0 1 0 1 0 0 0 0
9.07 71 1972 167 0 0 0 0 0 0 0 0 0 1 0 0 0
4.51 78 1960 41 1 0 0 0 0 0 0 0 0 1 0 0 0
13.67 33 1973 272 0 0 0 0 0 0 0 1 0 0 0 0 0
12.24 73 1918 131 1 0 0 0 0 0 0 0 1 0 0 0 0
12.6 55 1957 72 0 0 0 0 0 0 0 0 1 0 0 0 0
9.2 59 1957 65 0 0 0 0 0 0 0 0 1 0 0 0 0
6.86 61 1974 209 0 0 0 0 0 0 0 0 1 0 0 0 0
3.98 108 1924 167 0 0 1 1 0 0 0 0 0 0 1 0 0
8.17 47 1918 126 0 0 0 0 0 0 0 0 1 0 0 0 0
7.33 147 1918 315 1 0 0 0 0 1 0 0 0 0 1 0 0
2.43 98 1918 106 0 0 0 1 0 0 0 0 0 1 0 0 0
11.45 82 1967 343 0 1 0 0 0 1 1 0 0 1 0 0 0
10.02 95 1918 28 0 0 0 1 0 0 0 0 0 1 0 0 0
11.96 27 1960 30 1 0 0 0 1 0 0 1 0 0 0 0 0
8.6 32 1957 365 1 0 0 0 0 0 0 1 0 0 0 0 0
6.79 65 1960 65 0 0 0 1 0 0 0 0 1 0 0 0 0
6.55 49 1966 118 0 0 0 0 0 0 0 0 1 0 0 0 0
8.84 64 1966 117 0 0 0 0 0 0 0 0 0 1 0 0 0
7.36 103 1957 366 1 0 0 0 0 0 0 0 0 0 1 0 0
5.87 56 1948 65 0 0 0 0 0 0 0 0 1 0 0 0 0
11.04 63 1992 337 1 0 0 0 0 1 0 0 1 0 0 0 0
9.89 54 1987 26 0 0 0 0 0 0 0 0 1 0 0 0 0
13.35 67 1993 372 0 0 0 0 0 1 0 0 1 0 0 0 0
12.14 130 1998 39 1 0 0 0 0 0 0 0 0 0 1 0 0
10.36 77 1957 8 1 0 0 0 0 0 0 0 0 1 0 0 0
12.36 60 1998 198 1 0 0 0 0 0 0 0 1 0 0 0 0
7.84 37 1967 207 0 0 0 0 0 0 0 1 0 0 0 0 0
12.06 105 1918 17 0 0 0 0 0 1 0 0 0 0 1 0 0
12.06 94 1993 108 0 0 0 0 0 1 0 0 0 1 0 0 0
5.73 100 1967 349 0 0 0 0 0 1 0 0 0 0 0 1 0
9.78 54 1966 167 0 0 0 0 0 0 0 0 1 0 0 0 0
8.49 57 1960 280 0 0 0 0 0 0 0 0 1 0 0 0 0
11.76 50 2000 79 0 0 0 0 0 0 0 0 1 0 0 0 0
10.74 54 1957 23 1 0 0 0 0 0 0 0 1 0 0 0 0
10.96 105 1957 29 1 0 0 0 1 1 0 0 0 0 1 0 0
3 45 1924 172 0 0 0 0 1 0 0 0 1 0 0 0 0
10.8 30 1960 144 1 0 0 0 1 0 0 1 0 0 0 0 0
13.96 28 1975 131 1 0 0 0 0 0 0 1 0 0 0 0 0
6.86 75 1970 116 1 0 0 0 0 0 0 0 0 1 0 0 0
12.75 60 1998 320 1 0 0 0 0 0 0 0 0 1 0 0 0
8.05 42 1960 264 0 0 0 0 0 0 0 0 1 0 0 0 0
8.88 50 1989 146 1 0 0 0 0 0 0 0 1 0 0 0 0
4.75 75 1918 21 1 0 0 1 1 0 0 0 0 1 0 0 0
7.41 61 1918 30 1 0 0 1 1 0 0 0 0 1 0 0 0
8.07 76 1972 182 0 0 0 0 1 0 0 0 1 0 0 0 0
3.77 96 1924 46 0 0 0 1 0 0 0 0 0 0 1 0 0
6.22 64 1957 16 1 0 0 0 1 0 0 0 0 1 0 0 0
8.98 170 1918 168 1 0 0 0 0 1 0 0 0 0 0 1 0
10.12 50 1957 255 1 0 0 0 0 0 0 1 0 0 0 0 0
6.74 95 1918 363 0 0 0 1 0 0 0 0 0 1 0 0 0
9.51 33 1948 94 0 0 0 0 0 0 0 1 0 0 0 0 0
8.15 53 1966 290 0 0 0 0 0 0 0 0 1 0 0 0 0
14.34 20 1972 39 0 0 0 0 0 0 0 1 0 0 0 0 0
5.87 65 1981 107 1 0 0 0 0 0 0 0 1 0 0 0 0
10.23 85 1957 263 0 0 0 0 0 0 0 0 0 1 0 0 0
4.14 95 1924 123 0 0 0 0 0 0 1 0 0 0 1 0 0
7.6 87 1948 321 1 0 0 0 0 1 0 0 0 1 0 0 0
9.48 62 1918 28 0 0 0 0 0 0 0 0 1 0 0 0 0
6.48 49 1960 8 1 0 0 0 1 0 0 0 1 0 0 0 0
4.45 150 1969 114 0 0 0 0 0 0 0 0 0 1 0 0 0
11.59 18 1966 361 0 0 0 0 0 0 0 1 0 0 0 0 0
9.5 75 1967 33 1 0 0 0 0 0 0 0 0 1 0 0 0
6.88 55 1970 182 0 0 0 0 0 0 0 0 1 0 0 0 0
10.95 100 1978 289 0 0 0 0 0 0 1 0 0 1 0 0 0
5.62 72 1957 57 0 0 0 0 0 0 0 0 0 1 0 0 0
11.07 73 1969 152 0 0 0 0 0 0 0 0 0 1 0 0 0
9.21 100 2000 147 0 0 0 0 0 1 0 0 0 1 0 0 0
9.34 74 1948 101 1 0 0 0 0 0 1 0 0 1 0 0 0
10.53 84 1981 76 0 0 0 0 0 0 0 0 0 1 0 0 0
9.87 61 1918 28 0 0 0 0 0 0 0 0 1 0 0 0 0
10.96 26 1918 84 0 0 0 0 0 0 0 1 0 0 0 0 0
12.22 20 1918 277 0 0 0 1 1 0 0 1 0 0 0 0 0
6.22 83 1969 87 1 0 0 0 1 0 0 0 0 1 0 0 0
8.96 67 1966 122 0 0 0 0 0 0 0 0 0 1 0 0 0
5.03 98 1918 132 1 0 0 0 0 0 0 0 0 1 0 0 0
8.45 51 1960 325 1 0 0 0 1 0 0 0 1 0 0 0 0
8.23 91 1972 209 0 0 0 0 0 0 0 0 0 1 0 0 0
7.2 44 1957 94 0 0 0 0 1 0 0 0 1 0 0 0 0
7.08 56 1966 358 0 0 0 0 0 0 0 0 1 0 0 0 0
10.23 67 1918 30 1 0 0 0 0 0 0 0 1 0 0 0 0
5.25 58 1918 43 1 0 0 1 1 1 0 0 1 0 0 0 0
8.33 75 1985 93 1 0 0 0 0 0 0 0 1 0 0 0 0
9.08 36 1966 326 0 0 0 0 0 0 0 0 1 0 0 0 0
7.49 68 1966 202 0 0 0 0 1 0 0 0 0 1 0 0 0
5.62 50 1948 189 0 0 0 0 0 0 0 0 0 1 0 0 0
12.21 27 1957 255 1 0 0 0 1 0 0 1 0 0 0 0 0
6.83 75 1957 20 1 0 0 0 1 0 0 0 0 0 1 0 0
12.71 66 1918 46 0 0 0 0 0 0 1 0 0 1 0 0 0
10.03 60 1979 89 1 0 0 0 0 0 0 0 1 0 0 0 0
7.96 54 1918 25 0 0 0 1 0 0 0 1 0 0 0 0 0
7.63 89 1972 281 0 0 0 0 1 0 0 0 0 0 1 0 0
7.38 56 1998 297 0 0 0 0 0 0 1 0 1 0 0 0 0
6.77 68 1918 329 1 0 0 0 1 0 0 0 1 0 0 0 0
10.06 123 1994 128 1 0 0 0 0 0 0 0 0 1 0 0 0
10.98 67 1918 20 1 0 0 0 0 0 1 0 1 0 0 0 0
5.94 106 1973 209 0 0 0 0 1 1 0 0 0 0 0 1 0
9.33 79 1957 133 1 0 0 0 0 0 0 0 0 1 0 0 0
4.86 107 1957 201 0 0 0 0 0 0 0 0 0 0 1 0 0
4.52 109 1924 145 1 0 0 0 1 0 0 0 0 1 0 0 0
8.87 57 1966 72 0 0 0 0 1 0 0 0 0 1 0 0 0
11.25 55 1948 289 0 0 0 0 0 0 1 0 1 0 0 0 0
8.3 31 1948 108 0 0 0 0 1 0 0 1 0 0 0 0 0
7.42 48 1918 84 0 0 0 0 0 0 0 0 0 1 0 0 0
10.9 68 1918 29 1 0 0 0 0 0 0 0 1 0 0 0 0
5.12 80 1918 39 0 0 1 1 1 0 0 0 0 1 0 0 0
7.95 86 1972 266 0 1 0 0 0 0 0 0 0 1 0 0 0
5.33 58 1957 209 0 0 0 1 1 0 0 0 1 0 0 0 0
7.44 97 1918 139 0 0 0 0 1 0 0 0 0 1 0 0 0
7.29 52 1973 182 0 0 0 0 0 0 0 0 1 0 0 0 0
8.52 78 1987 26 0 0 0 0 0 0 0 0 0 1 0 0 0
6.27 62 1957 366 1 0 0 0 1 0 0 0 1 0 0 0 0
6.12 45 1960 286 0 0 0 1 1 0 0 0 1 0 0 0 0
6.69 55 1918 89 1 0 0 0 1 0 0 0 1 0 0 0 0
6.26 58 1948 128 0 0 0 0 0 0 0 0 1 0 0 0 0
9.79 57 1986 186 0 0 0 0 0 0 0 0 1 0 0 0 0
6.84 48 1966 290 0 0 0 0 1 0 0 0 1 0 0 0 0
10.44 45 1966 53 0 0 0 0 0 0 0 0 1 0 0 0 0
6.13 53 1976 53 0 0 0 0 0 0 0 0 1 0 0 0 0
8.35 70 1918 49 0 0 0 0 0 1 0 0 1 0 0 0 0
9.23 73 1960 192 1 0 0 0 0 0 0 0 0 0 1 0 0
7.68 98 1972 134 1 0 0 0 0 0 0 0 0 1 0 0 0
7.26 45 1924 94 0 0 0 0 0 0 0 0 1 0 0 0 0
5.37 78 1960 209 0 0 0 0 0 0 0 0 0 1 0 0 0
13.69 78 1998 363 1 0 0 0 0 0 0 0 0 1 0 0 0
8.74 167 1918 98 1 0 0 0 0 1 0 0 0 0 1 0 0
8.44 63 1957 255 1 0 0 0 0 0 1 0 1 0 0 0 0
7.51 83 1973 183 0 0 0 0 0 0 1 0 0 1 0 0 0
9.08 67 1973 84 0 0 0 0 0 0 0 0 0 1 0 0 0
7.22 71 1967 303 0 0 0 0 1 0 0 0 0 1 0 0 0
11.05 32 1918 49 0 0 0 1 0 0 0 1 0 0 0 0 0
2.16 56 1969 240 0 0 0 0 0 0 1 0 1 0 0 0 0
8.99 57 1993 207 0 0 0 0 0 0 0 0 1 0 0 0 0
4.39 108 1957 136 0 0 0 0 1 0 0 0 0 0 0 1 0
5.68 58 1948 292 0 0 0 1 0 0 0 0 0 1 0 0 0
10.27 40 1972 171 0 0 0 0 0 0 0 1 0 0 0 0 0
5.29 70 1966 76 0 0 0 0 0 0 0 0 1 0 0 0 0
7.71 67 1966 316 0 0 0 0 0 0 0 0 0 1 0 0 0
6.98 48 1966 209 0 0 0 0 1 0 0 0 1 0 0 0 0
11.36 90 1989 266 0 1 0 0 0 0 0 0 0 1 0 0 0
10.38 43 1972 289 0 0 0 0 0 0 0 0 1 0 0 0 0
10.04 56 1966 72 0 0 0 0 1 0 0 0 1 0 0 0 0
8.26 65 1969 182 0 0 0 0 1 0 0 0 1 0 0 0 0
8.25 48 1918 84 0 0 0 0 0 0 0 0 0 1 0 0 0
6.93 73 1966 178 0 0 0 0 1 0 0 0 0 0 1 0 0
5.31 90 1972 118 1 0 0 0 0 0 0 0 0 0 1 0 0
9.1 80 1918 41 0 0 0 0 0 0 0 0 0 1 0 0 0
8.13 66 1960 87 0 0 0 0 0 0 0 0 0 1 0 0 0
5.4 79 1924 72 0 0 0 0 0 0 0 0 0 1 0 0 0
10.3 47 1968 129 1 0 0 0 0 0 0 1 0 0 0 0 0
10.45 95 1918 25 1 0 0 0 0 0 0 0 0 1 0 0 0
10.13 52 1998 126 1 0 0 0 0 0 0 0 1 0 0 0 0
2.24 60 1957 28 0 0 0 1 0 0 0 0 1 0 0 0 0
3.96 66 1918 49 0 0 0 1 0 0 0 0 0 1 0 0 0
8.46 74 1972 217 1 0 0 0 0 1 1 0 0 1 0 0 0
7.44 69 1966 303 0 0 0 0 0 0 0 0 1 0 0 0 0
5.53 67 1918 84 0 0 0 0 0 0 0 0 1 0 0 0 0
9.39 62 1966 105 1 0 0 0 0 0 0 0 1 0 0 0 0
6.44 63 1957 29 1 0 0 0 0 0 0 0 1 0 0 0 0
11.86 35 1996 214 0 0 0 0 0 0 0 1 0 0 0 0 0
7.44 53 1957 28 0 0 0 0 0 0 0 0 1 0 0 0 0
5.62 73 1957 361 0 0 0 0 0 0 0 0 0 1 0 0 0
9.68 57 1967 310 0 0 0 0 1 0 0 0 1 0 0 0 0
3.7 78 1966 12 0 0 0 0 0 0 0 0 0 1 0 0 0
7.02 57 1918 76 0 0 1 0 0 0 0 0 0 1 0 0 0
7.37 95 1960 58 1 0 0 0 0 0 0 0 0 1 0 0 0
4.4 109 1924 288 0 0 0 0 0 0 0 0 0 0 1 0 0
10.62 45 1978 277 0 0 0 0 0 0 0 0 1 0 0 0 0
10.55 55 1998 190 0 0 0 0 0 0 1 0 1 0 0 0 0
10.94 39 1957 43 0 0 0 0 0 1 0 1 0 0 0 0 0
11.76 34 1983 133 1 0 0 0 0 0 0 1 0 0 0 0 0
10.42 78 1987 311 0 0 0 0 0 1 1 0 0 1 0 0 0
6.84 93 1918 76 0 0 0 0 1 0 0 0 0 1 0 0 0
5.08 90 1967 147 0 0 0 0 0 0 0 0 0 0 1 0 0
7.22 108 1948 254 1 0 0 0 0 0 0 0 0 0 0 0 1
5.95 58 1918 361 0 0 0 0 0 0 0 0 1 0 0 0 0
5.24 63 1918 145 1 0 0 1 0 0 0 0 0 1 0 0 0
8.19 51 1948 55 0 0 0 0 0 0 1 0 1 0 0 0 0
9.12 53 1957 265 1 0 0 0 0 0 0 0 1 0 0 0 0
6.04 136 1918 35 1 0 1 0 1 0 0 0 0 0 1 0 0
11.14 67 1957 16 1 0 0 0 0 1 0 0 0 1 0 0 0
9.1 82 1918 32 1 0 0 0 1 0 0 0 0 1 0 0 0
4.47 71 1918 277 0 0 1 1 0 0 0 0 0 1 0 0 0
9.61 120 1972 134 0 0 0 0 0 1 0 0 0 0 1 0 0
4.79 50 1966 189 0 0 0 0 0 1 0 0 1 0 0 0 0
9.41 102 1918 340 0 0 0 0 0 1 0 0 0 1 0 0 0
11.47 84 1970 155 0 1 0 0 0 0 0 0 0 1 0 0 0
4.86 87 1924 288 0 0 0 0 0 0 0 0 0 0 1 0 0
13.1 30 1970 49 0 0 0 0 0 0 0 1 0 0 0 0 0
7.01 91 1969 120 0 0 0 0 1 0 0 0 0 0 1 0 0
7.82 94 1972 153 0 0 0 0 0 0 0 0 0 0 1 0 0
10.23 55 1974 104 0 1 0 0 0 0 0 0 1 0 0 0 0
9.22 60 1984 209 0 0 0 0 0 0 0 0 1 0 0 0 0
10.82 128 1991 150 1 0 0 0 1 0 0 0 0 0 0 0 1
13.23 63 1996 65 0 0 0 0 0 0 0 0 1 0 0 0 0
7.31 76 1974 243 0 0 0 0 1 0 0 0 0 1 0 0 0
11.13 59 1992 354 1 0 0 0 0 0 0 0 1 0 0 0 0
2.95 56 1957 125 0 0 0 1 0 0 0 0 0 1 0 0 0
11.13 55 1972 369 0 0 0 0 0 0 0 0 1 0 0 0 0
7.07 49 1960 70 0 0 0 0 0 0 0 0 1 0 0 0 0
7.57 120 1957 198 1 0 0 0 0 1 0 0 0 0 0 0 1
7 91 1987 26 0 0 0 0 0 0 0 0 0 1 0 0 0
10.14 53 1918 69 0 0 0 0 0 0 0 0 1 0 0 0 0
9.36 74 1960 333 0 0 0 0 0 0 0 0 0 1 0 0 0
8.67 70 1957 42 1 0 0 0 1 0 0 0 0 1 0 0 0
4.9 57 1957 255 1 0 0 1 1 0 0 0 1 0 0 0 0
7.51 111 1980 226 0 1 0 0 0 0 0 0 0 0 0 1 0
6.32 100 1918 151 0 0 0 0 0 0 0 0 0 0 1 0 0
9.26 37 1970 182 0 0 0 0 0 0 0 1 0 0 0 0 0
12.01 76 1918 21 1 0 0 0 0 0 0 0 0 1 0 0 0
5.34 53 1918 102 1 0 0 0 0 0 0 0 1 0 0 0 0
5.44 110 1918 89 1 0 0 0 1 0 0 0 0 1 0 0 0
7.05 53 1918 315 1 0 0 1 0 0 0 1 0 0 0 0 0
9.07 72 1983 223 0 0 0 0 0 0 0 0 0 1 0 0 0
11.22 58 1992 214 0 0 0 0 0 0 0 0 1 0 0 0 0
10.59 85 1918 315 1 0 0 0 0 0 0 0 0 1 0 0 0
8.18 88 1918 123 0 0 0 0 1 0 0 0 0 0 1 0 0
8.13 60 1957 20 1 0 0 0 0 0 0 0 1 0 0 0 0
7.01 55 1948 138 0 0 0 0 0 0 0 0 1 0 0 0 0
10.15 34 1960 289 0 0 0 0 0 0 0 0 1 0 0 0 0
10.36 52 1918 159 1 0 0 0 0 0 0 0 1 0 0 0 0
9.81 102 1918 80 0 0 0 0 0 0 0 0 0 1 0 0 0
4.84 76 1948 55 0 0 0 0 0 0 0 0 0 1 0 0 0
11.34 46 1918 255 1 0 0 0 0 0 0 0 1 0 0 0 0
6.76 102 1918 28 0 0 0 0 0 0 0 0 0 1 0 0 0
10.61 80 1918 374 0 0 0 0 0 0 0 0 0 1 0 0 0
12.4 71 1957 299 0 0 0 0 0 0 0 0 0 1 0 0 0
7.33 64 1957 275 0 0 0 0 0 1 0 0 0 1 0 0 0
11.42 54 1918 371 1 0 0 0 0 0 0 0 1 0 0 0 0
9.8 40 1960 31 1 0 0 0 0 0 0 1 0 0 0 0 0
9.13 64 1972 87 0 0 0 0 0 0 0 0 1 0 0 0 0
7.95 80 1982 268 0 0 0 0 0 0 0 0 0 1 0 0 0
8.82 74 1983 195 1 0 0 0 0 0 0 0 0 1 0 0 0
8.47 60 1918 64 0 0 0 0 0 0 0 0 1 0 0 0 0
8.77 82 1998 363 0 0 0 0 0 0 0 0 0 1 0 0 0
11.21 78 1918 43 1 0 0 0 0 0 1 0 1 0 0 0 0
13.23 43 1960 290 0 0 0 0 0 0 0 0 1 0 0 0 0
12.34 46 1993 26 0 0 0 0 0 0 0 0 1 0 0 0 0
11.43 34 1966 47 1 0 0 0 0 0 0 1 0 0 0 0 0
8.45 76 1966 140 0 0 0 0 0 0 0 0 0 1 0 0 0
11.31 55 1993 190 0 0 0 0 0 0 1 0 1 0 0 0 0
11.13 68 1985 72 1 0 0 0 0 0 0 0 1 0 0 0 0
8.06 40 1957 116 0 0 0 0 0 0 0 1 0 0 0 0 0
8.22 59 1960 295 1 0 0 0 1 0 0 0 0 1 0 0 0
9.14 68 1993 181 0 0 0 0 0 0 0 0 1 0 0 0 0
4.85 54 1957 21 1 0 1 1 1 0 0 0 1 0 0 0 0
5.44 69 1966 202 0 0 0 0 0 0 0 0 0 1 0 0 0
8.6 110 1918 147 1 0 0 0 0 0 1 0 0 1 0 0 0
8.86 55 1918 20 1 0 0 1 1 0 0 0 1 0 0 0 0
5.24 110 1966 281 0 0 0 0 0 1 0 0 0 0 1 0 0
8.04 42 1957 14 0 0 0 0 1 0 0 1 0 0 0 0 0
8.6 95 1918 49 0 0 0 0 0 0 0 0 0 1 0 0 0
6.01 75 1957 132 1 0 0 0 0 0 0 0 0 1 0 0 0
8.2 87 1966 199 1 0 0 0 0 0 0 0 0 1 0 0 0
11.72 57 1918 30 1 0 0 0 0 0 0 0 1 0 0 0 0
8.75 82 1970 277 0 0 0 0 0 0 0 0 0 1 0 0 0
7.74 104 1983 338 0 0 0 0 0 1 1 0 0 1 0 0 0
9.57 102 1918 89 0 0 0 0 1 1 0 0 0 0 1 0 0
7.89 94 1966 209 0 0 0 0 0 0 0 0 0 0 1 0 0
8.15 59 1975 151 0 0 0 0 0 0 0 0 1 0 0 0 0
7.86 65 1918 88 1 0 0 1 1 0 0 0 1 0 0 0 0
4.75 63 1966 117 0 0 0 0 0 0 0 0 0 1 0 0 0
10.12 65 1960 290 0 0 0 0 0 0 0 0 0 1 0 0 0
4.28 63 1948 241 0 0 0 0 1 0 0 0 0 1 0 0 0
4.42 67 1966 290 0 0 0 0 0 0 0 0 0 1 0 0 0
4.97 71 1993 353 0 0 0 0 0 0 0 0 0 1 0 0 0
9.3 55 1968 20 1 0 0 0 1 0 0 0 1 0 0 0 0
7.48 96 1924 288 0 0 0 0 1 0 0 0 0 1 0 0 0
4.54 48 1957 125 1 0 0 0 0 0 0 0 0 0 1 0 0
8.82 64 1985 159 0 0 0 0 0 0 0 0 1 0 0 0 0
11.16 90 2000 152 0 0 0 0 0 1 0 0 0 0 1 0 0
8.91 99 1983 43 1 0 0 0 0 0 0 0 0 1 0 0 0
11.18 32 1975 46 0 0 0 0 0 0 0 1 0 0 0 0 0
4.02 131 1924 23 0 0 0 0 0 0 0 0 0 0 0 1 0
5.68 95 1966 66 0 0 0 0 0 0 0 0 0 0 1 0 0
9.68 50 1987 15 1 0 0 0 0 0 0 0 1 0 0 0 0
7.28 83 1960 277 0 0 0 0 1 0 0 0 0 1 0 0 0
4.04 120 1918 329 1 0 1 1 1 1 0 0 0 0 1 0 0
11.57 40 1970 49 0 0 0 0 0 0 0 1 0 0 0 0 0
10.85 83 1985 29 1 0 0 0 0 0 0 0 0 1 0 0 0
11.25 50 1987 181 0 0 0 0 0 1 0 0 1 0 0 0 0
10.97 62 1918 43 1 0 0 0 0 0 0 0 1 0 0 0 0
16.45 60 1966 5 1 0 0 0 0 0 0 0 1 0 0 0 0
3.09 65 1948 125 0 0 1 1 1 0 0 0 0 1 0 0 0
8.58 52 1957 72 0 0 0 0 0 0 0 1 0 0 0 0 0
9.89 62 1972 65 0 0 0 0 0 0 0 0 1 0 0 0 0
7.95 64 1966 14 1 0 0 0 1 0 0 0 1 0 0 0 0
6.88 87 1972 120 0 0 0 0 0 0 0 0 0 1 0 0 0
7.85 54 1971 53 0 0 0 0 0 0 0 0 1 0 0 0 0
8.25 85 1918 134 1 0 0 0 0 0 0 0 0 1 0 0 0
7.11 64 1957 40 1 0 0 0 0 0 0 0 0 1 0 0 0
4.09 40 1957 136 0 0 1 1 1 0 0 0 1 0 0 0 0
7.87 81 1967 192 1 0 0 0 0 0 0 0 0 1 0 0 0
7.78 76 1972 171 0 0 0 0 0 0 0 0 0 1 0 0 0
10.13 51 1957 275 0 0 0 0 0 0 0 0 1 0 0 0 0
11.2 30 1948 77 0 0 0 0 0 0 0 1 0 0 0 0 0
8.63 77 1973 182 0 0 0 0 0 0 0 0 0 1 0 0 0
7.99 42 1987 129 0 0 0 0 0 0 0 1 0 0 0 0 0
10.65 83 1918 295 1 0 0 1 0 1 0 0 0 1 0 0 0
10.17 59 1960 167 0 0 0 0 0 0 0 0 1 0 0 0 0
8.98 75 1981 340 0 0 0 0 0 0 0 0 0 1 0 0 0
7.73 72 1973 316 0 0 0 0 0 0 0 0 0 1 0 0 0
10.76 125 1993 89 1 0 0 0 0 0 0 0 0 0 0 0 1
10.9 68 1992 76 0 0 0 0 0 0 0 0 1 0 0 0 0
11.18 34 1960 30 1 0 0 0 0 0 0 0 1 0 0 0 0
5.83 44 1948 357 0 0 0 0 0 0 0 0 1 0 0 0 0
9.55 55 1957 132 1 0 0 0 0 0 0 0 1 0 0 0 0
8.39 76 1989 154 0 0 0 0 0 0 0 0 0 1 0 0 0
11.52 23 1957 131 1 0 0 0 0 0 0 1 0 0 0 0 0
7.96 62 1957 30 1 0 0 0 1 0 0 0 1 0 0 0 0
4.48 69 1924 83 0 0 0 0 0 0 0 0 0 0 1 0 0
9.79 36 1972 152 0 0 0 0 1 0 0 1 0 0 0 0 0
6.85 84 1957 265 1 0 0 0 0 0 0 0 0 1 0 0 0
7.36 68 1971 139 0 0 0 0 0 0 0 0 0 1 0 0 0
5.95 36 1948 55 0 0 0 0 0 0 0 0 1 0 0 0 0
8.78 41 1957 280 0 0 0 0 0 0 0 1 0 0 0 0 0
6.32 123 1918 80 0 0 0 0 0 0 0 0 0 0 1 0 0
9.57 58 1957 54 0 0 0 0 0 0 0 0 1 0 0 0 0
11.85 27 1972 8 1 0 0 0 0 0 0 1 0 0 0 0 0
5.97 120 1918 133 1 0 0 0 0 0 0 0 0 0 1 0 0
10.37 81 1966 249 0 0 0 0 1 0 1 0 0 1 0 0 0
9.39 95 1918 23 0 0 0 0 0 1 0 0 0 1 0 0 0
9.83 73 1972 188 1 0 0 0 0 0 0 0 0 1 0 0 0
11.36 55 1918 40 1 0 0 0 0 0 0 0 1 0 0 0 0
12.71 33 1957 133 1 0 0 0 1 0 0 1 0 0 0 0 0
10.35 43 1996 320 1 0 0 0 0 0 0 0 1 0 0 0 0
12.23 51 1960 21 1 0 0 0 1 0 0 0 1 0 0 0 0
6.77 72 1960 130 0 0 0 0 1 0 0 0 0 1 0 0 0
9.76 40 1975 14 1 0 0 0 0 0 0 0 1 0 0 0 0
5.09 70 1918 30 1 0 0 0 0 0 0 0 1 0 0 0 0
4.82 78 1992 345 1 0 0 0 1 0 0 0 0 1 0 0 0
5.74 93 1957 269 0 0 0 0 0 0 0 0 0 0 1 0 0
9.72 48 1918 95 1 0 0 0 0 0 0 0 1 0 0 0 0
5.24 140 1957 134 1 0 0 0 0 0 0 0 0 0 1 0 0
5.33 86 1972 141 0 0 0 0 1 0 1 0 0 0 1 0 0
11.02 70 1974 37 1 0 0 0 1 0 0 0 1 0 0 0 0
4.37 75 1918 84 0 0 0 0 0 0 0 0 0 1 0 0 0
5.77 80 1918 29 1 0 0 0 0 0 0 0 0 1 0 0 0
7.7 47 1968 109 0 0 0 0 1 0 0 0 1 0 0 0 0
4.28 93 1957 57 0 0 0 0 1 1 0 0 0 0 1 0 0
10.91 120 1957 268 0 0 0 0 0 1 0 0 0 0 1 0 0
7.31 105 1970 152 0 0 0 0 0 0 0 0 0 0 1 0 0
8.96 63 1957 54 0 0 0 0 0 0 0 0 1 0 0 0 0
5.21 69 1960 49 1 0 1 1 1 0 0 0 0 1 0 0 0
10.44 58 1918 277 0 0 0 0 0 0 0 0 1 0 0 0 0
9.94 36 1957 277 0 0 0 0 0 0 0 1 0 0 0 0 0
10.23 87 1984 146 1 0 0 0 0 0 0 0 0 1 0 0 0
5.6 140 1918 366 1 0 0 1 0 0 0 0 0 0 0 0 1
7.36 96 1971 325 1 0 0 0 0 1 0 0 0 1 0 0 0
12.05 67 1972 30 1 0 0 0 0 0 1 0 0 1 0 0 0
9.19 61 1957 167 0 0 0 0 0 0 0 0 0 1 0 0 0
13.47 93 1918 363 1 0 0 0 1 0 0 0 0 1 0 0 0
9.32 46 1966 229 0 0 0 0 0 0 0 0 1 0 0 0 0
8.67 80 1966 126 0 0 0 0 0 0 0 0 0 1 0 0 0
6.4 75 1969 138 0 0 0 0 0 0 0 0 0 1 0 0 0
7.61 78 1976 179 1 0 0 0 0 1 0 0 0 1 0 0 0
8.83 50 1957 21 1 0 0 0 0 0 0 0 1 0 0 0 0
8.52 36 1983 173 1 0 0 0 0 0 0 1 0 0 0 0 0
7.62 60 1997 230 0 0 0 0 0 1 0 0 1 0 0 0 0
3.71 84 1918 15 0 0 0 1 0 0 0 0 0 1 0 0 0
4.18 101 1918 371 1 0 0 1 0 0 0 0 0 0 1 0 0
4.06 80 1948 189 0 0 0 1 0 0 0 0 0 1 0 0 0
8.62 89 1994 58 1 0 0 0 0 0 1 0 0 1 0 0 0
5.24 72 1957 16 1 0 1 1 0 0 0 0 0 1 0 0 0
6.3 64 1966 292 0 0 0 0 1 0 0 0 0 0 1 0 0
5.31 53 1918 20 1 0 1 1 0 0 0 0 1 0 0 0 0
7.38 124 1971 245 1 0 0 0 0 1 0 0 0 0 1 0 0
9.73 62 1957 20 1 0 0 0 1 0 0 0 0 1 0 0 0
6.47 42 1960 361 0 0 0 0 1 0 0 0 1 0 0 0 0
9.95 86 1960 349 0 0 0 0 0 0 0 0 0 1 0 0 0
9.36 54 1918 371 1 0 0 1 0 0 0 0 1 0 0 0 0
11.98 32 1960 272 0 0 0 0 0 0 0 1 0 0 0 0 0
9.57 58 1966 292 0 0 0 0 0 0 0 0 1 0 0 0 0
9.36 97 1966 152 0 0 0 0 0 0 0 0 0 0 1 0 0
9.76 56 1960 272 0 0 0 0 0 0 0 0 1 0 0 0 0
10.23 50 1968 23 0 0 0 0 0 0 0 0 1 0 0 0 0
9.65 37 1966 280 0 0 0 0 1 0 0 1 0 0 0 0 0
5.8 56 1948 239 0 0 0 0 0 0 0 0 1 0 0 0 0
6 41 1957 189 0 0 0 0 1 0 0 0 1 0 0 0 0
11.3 95 1986 63 0 1 0 0 0 0 0 0 0 1 0 0 0
10.4 59 1957 47 1 0 0 0 0 0 0 0 0 1 0 0 0
8.06 163 1918 88 1 0 0 0 0 1 1 0 0 0 1 0 0
10.63 75 1966 269 1 0 0 0 0 1 0 0 0 1 0 0 0
7.41 56 1974 191 1 0 0 0 0 0 0 1 0 0 0 0 0
5.5 77 1966 209 0 0 0 0 1 0 0 0 0 1 0 0 0
1.47 71 1948 46 0 0 1 1 0 0 0 0 1 0 0 0 0
9.17 79 1966 129 1 0 0 0 0 0 0 0 0 1 0 0 0
14.94 89 1918 147 1 0 0 0 1 0 1 0 0 1 0 0 0
11.9 58 1985 229 0 0 0 0 0 0 0 0 1 0 0 0 0
9.05 58 1987 64 0 0 0 0 0 0 0 0 1 0 0 0 0
10.26 50 1966 209 0 0 0 0 1 0 0 0 1 0 0 0 0
8.88 59 1973 336 0 0 0 0 1 0 0 0 1 0 0 0 0
10.01 70 1998 126 1 0 0 0 0 0 0 0 1 0 0 0 0
8.26 78 1970 54 0 0 0 0 0 0 0 0 0 1 0 0 0
12.51 47 1994 90 1 0 0 0 0 0 0 0 1 0 0 0 0
9.3 65 1992 154 0 0 0 0 0 0 1 0 1 0 0 0 0
7.36 57 1957 73 0 0 0 0 1 0 0 0 1 0 0 0 0
4.3 73 1918 39 1 0 0 0 0 0 0 0 0 1 0 0 0
4.93 62 1918 172 0 0 0 0 0 0 0 0 0 1 0 0 0
8.1 68 1918 76 0 0 0 0 0 0 0 0 0 1 0 0 0
2.34 62 1957 222 0 0 0 1 1 0 0 0 0 1 0 0 0
7.03 70 1992 198 1 0 0 0 0 0 1 0 1 0 0 0 0
8.44 73 1918 20 1 0 0 0 0 1 0 0 1 0 0 0 0
7.84 110 1918 340 0 0 0 0 0 1 0 0 0 0 0 1 0
10.81 81 1966 328 1 0 0 0 1 0 0 0 0 0 1 0 0
11.47 76 1984 176 0 0 0 0 1 1 0 0 0 1 0 0 0
10.57 45 1918 43 1 0 0 0 0 0 0 0 1 0 0 0 0
8.86 60 1986 55 0 0 0 0 0 0 1 0 1 0 0 0 0
5.7 83 1957 65 0 0 0 0 0 0 0 0 0 1 0 0 0
6.08 69 1960 139 0 0 0 0 0 0 0 0 1 0 0 0 0
10.66 36 1972 144 1 0 0 0 0 0 0 1 0 0 0 0 0
8.82 40 1969 182 0 0 0 0 0 0 0 1 0 0 0 0 0
8.65 65 1966 207 0 0 0 0 0 0 0 0 0 1 0 0 0
9.85 106 1918 363 0 0 0 0 0 0 0 0 0 1 0 0 0
7.54 56 1966 276 0 0 0 0 0 0 0 0 1 0 0 0 0
8.18 75 1966 289 0 0 0 0 0 0 0 0 0 1 0 0 0
6.73 67 1957 30 1 0 0 0 0 0 0 0 0 1 0 0 0
6.72 80 1957 41 0 0 0 0 0 0 0 0 0 1 0 0 0
11.78 54 1999 148 0 0 0 0 0 0 1 0 1 0 0 0 0
9.58 61 1960 372 0 0 0 0 0 0 0 0 1 0 0 0 0
4.95 58 1957 125 0 0 0 1 1 0 0 0 0 1 0 0 0
6.32 52 1957 255 1 0 0 0 0 0 0 0 1 0 0 0 0
7.7 120 1918 29 1 0 0 0 1 0 0 0 0 1 0 0 0
11.47 78 1918 39 1 0 0 0 0 1 1 0 0 1 0 0 0
7.82 98 1966 209 0 0 0 0 0 0 0 0 0 0 1 0 0
12.86 60 1989 310 0 0 0 0 0 0 1 0 1 0 0 0 0
8.47 77 1971 146 0 0 0 0 0 0 0 0 0 1 0 0 0
2.41 87 1918 28 0 0 1 1 0 0 0 0 0 1 0 0 0
12.42 35 1966 277 0 0 0 0 1 0 0 0 1 0 0 0 0
9.42 57 1995 181 0 0 0 0 0 0 0 0 1 0 0 0 0
7.9 66 1969 336 0 0 0 0 0 1 0 0 0 1 0 0 0
7.9 83 1960 84 0 0 0 0 0 0 0 0 0 0 0 1 0
7.64 91 1966 293 0 0 0 0 0 0 0 0 0 1 0 0 0
10.63 76 1918 295 1 0 0 0 0 0 0 0 0 1 0 0 0
11.04 70 1918 168 1 0 0 0 0 0 0 0 0 1 0 0 0
6.12 69 1973 182 0 0 0 0 0 0 0 0 0 1 0 0 0
14.84 110 1987 157 1 0 0 0 0 0 1 0 0 1 0 0 0
13.27 104 1918 88 1 0 0 0 0 1 1 0 0 1 0 0 0
6.63 64 1957 229 0 0 0 0 0 0 0 0 0 1 0 0 0
7.26 54 1960 290 0 0 0 0 0 0 0 0 1 0 0 0 0
9.62 80 1957 20 1 0 0 1 0 0 1 0 0 1 0 0 0
9.13 31 1957 367 1 0 0 0 0 0 0 1 0 0 0 0 0
6.98 100 1995 180 1 0 0 0 0 1 1 0 0 0 1 0 0
5.41 87 1918 42 1 0 0 0 0 0 0 0 0 0 1 0 0
8.62 70 1967 307 0 0 0 0 0 0 0 0 0 1 0 0 0
8.22 51 1966 8 1 0 0 0 1 0 0 0 1 0 0 0 0
6.45 81 1957 76 0 0 0 0 0 0 0 0 0 1 0 0 0
5.54 63 1948 128 0 0 0 0 0 0 0 0 0 1 0 0 0
13.05 52 1957 21 0 0 0 0 1 0 0 0 1 0 0 0 0
12.44 33 1966 207 0 0 0 0 0 0 0 1 0 0 0 0 0
5.7 55 1948 340 1 0 0 0 0 0 0 0 1 0 0 0 0
8.12 80 1918 277 0 0 0 0 1 0 0 0 0 1 0 0 0
6.45 72 1957 39 0 0 0 0 0 0 0 0 0 1 0 0 0
12.16 82 1918 345 0 0 0 0 0 1 0 0 0 1 0 0 0
9.87 57 1948 69 0 0 0 0 0 0 0 0 1 0 0 0 0
7.75 50 1957 177 0 0 0 0 1 0 0 0 1 0 0 0 0
10.23 47 1960 87 0 0 0 0 0 0 0 0 1 0 0 0 0
7.99 74 1966 124 0 0 0 0 0 0 0 0 0 1 0 0 0
9.25 57 1948 127 0 0 0 0 0 0 0 0 0 1 0 0 0
4.67 58 1948 172 0 0 0 0 0 0 0 0 1 0 0 0 0
2.6 42 1939 209 0 0 0 1 0 0 0 1 0 0 0 0 0
4.74 76 1924 76 0 0 0 0 0 0 0 0 0 1 0 0 0
9.57 65 1998 205 0 0 0 0 0 0 1 0 1 0 0 0 0
9.69 76 1957 275 0 0 0 0 0 0 0 0 0 1 0 0 0
8.63 82 1998 128 1 0 0 0 0 1 1 0 0 1 0 0 0
10.36 75 1918 76 0 0 0 0 0 0 0 0 0 1 0 0 0
8.54 94 1992 121 1 0 0 0 0 0 0 0 0 0 1 0 0
9.48 75 1991 268 0 0 0 0 0 0 0 0 1 0 0 0 0
7.71 71 1966 277 0 0 0 0 0 0 0 0 0 1 0 0 0
11.55 81 1980 179 0 0 0 0 0 0 0 0 0 0 1 0 0
4.18 51 1924 102 0 0 1 1 0 0 0 0 1 0 0 0 0
5.31 100 1918 131 1 0 0 0 0 0 0 0 0 0 1 0 0
4.72 62 1992 181 0 0 0 0 0 0 0 0 0 1 0 0 0
7.75 85 1960 76 0 0 0 0 0 0 0 0 0 0 1 0 0
6.23 68 1982 224 1 0 0 0 0 0 1 0 0 1 0 0 0
9.19 63 1991 305 0 0 0 0 0 0 0 0 1 0 0 0 0
8.01 73 1966 289 0 0 0 0 0 0 0 0 1 0 0 0 0
10.36 63 1970 344 0 0 0 0 0 0 0 0 0 1 0 0 0
2.73 91 1918 363 1 0 1 1 0 0 0 0 0 1 0 0 0
8.89 86 1918 83 0 0 0 0 0 0 0 0 0 1 0 0 0
6.9 92 1918 366 1 0 0 0 0 0 0 0 0 1 0 0 0
5.32 74 1924 123 0 0 0 1 0 0 0 0 0 1 0 0 0
8.13 72 1970 322 0 0 0 0 0 0 0 0 0 1 0 0 0
7.36 66 1960 290 0 0 0 0 1 0 0 0 0 1 0 0 0
6.86 108 1969 241 0 0 0 0 0 0 0 0 0 0 1 0 0
4.27 87 1924 102 0 0 0 0 0 0 0 0 0 0 1 0 0
10.23 66 1960 316 0 0 0 0 0 0 0 0 1 0 0 0 0
7.52 56 1918 30 1 0 0 0 0 0 0 0 1 0 0 0 0
11.3 94 1993 198 1 0 0 0 0 1 0 0 0 1 0 0 0
6.91 94 1975 209 0 0 0 0 1 0 0 0 0 0 1 0 0
7.2 75 1966 346 0 0 0 0 0 0 0 0 0 1 0 0 0
9.53 59 1966 316 0 0 0 1 0 0 0 0 0 1 0 0 0
8.72 68 1971 173 1 0 0 0 0 1 0 0 0 1 0 0 0
7.66 64 1918 363 1 0 0 1 0 0 0 0 1 0 0 0 0
10.99 74 1918 64 0 0 0 0 0 0 0 0 1 0 0 0 0
8.84 129 1918 363 1 0 0 0 0 0 0 0 0 0 1 0 0
7.34 90 1976 248 1 0 0 0 0 1 0 0 0 0 0 1 0
4.97 79 1918 43 0 0 0 0 0 0 0 0 0 1 0 0 0
11.99 113 2001 281 0 0 0 0 0 0 0 0 0 0 1 0 0
10.23 70 1960 69 0 0 0 0 0 0 0 0 0 1 0 0 0
12.22 32 1957 49 1 0 0 0 1 0 0 1 0 0 0 0 0
8.23 52 1991 25 0 0 0 0 0 0 0 0 1 0 0 0 0
9.45 92 1918 41 0 0 0 0 0 0 0 0 0 1 0 0 0
9.96 86 1983 131 1 0 0 0 0 0 0 0 0 1 0 0 0
10.56 57 1998 241 0 0 0 0 1 0 1 0 1 0 0 0 0
7.94 77 1974 248 1 0 0 0 0 0 0 0 0 1 0 0 0
6.35 86 1974 243 0 0 0 0 0 0 0 0 0 0 1 0 0
10.08 34 1973 195 1 0 0 0 0 0 0 1 0 0 0 0 0
9.1 68 1948 55 0 0 0 1 0 0 0 0 1 0 0 0 0
12.44 118 1998 40 1 0 0 0 1 0 1 0 1 0 0 0 0
10.79 90 1993 241 0 0 0 0 0 0 0 0 0 1 0 0 0
12.16 52 1972 72 0 0 0 0 0 0 0 0 1 0 0 0 0
12.02 49 1948 247 1 0 0 0 0 0 0 0 0 1 0 0 0
3.24 110 1918 41 1 0 0 0 0 0 0 0 0 0 1 0 0
12.18 82 1993 198 1 0 0 0 0 1 1 0 0 1 0 0 0
12.86 35 1957 29 1 0 0 0 0 0 0 1 0 0 0 0 0
8.43 41 1983 184 0 0 0 0 0 0 0 0 1 0 0 0 0
8.55 70 1918 108 0 0 0 0 0 0 0 0 0 1 0 0 0
11.87 80 2001 325 1 0 0 0 0 0 1 0 0 1 0 0 0
9.53 66 1924 146 0 1 0 0 1 0 0 0 1 0 0 0 0
12.46 32 1972 141 0 0 0 0 1 0 0 1 0 0 0 0 0
12.54 34 1983 96 1 0 0 0 1 0 0 1 0 0 0 0 0
12.15 42 1998 235 0 0 0 0 0 0 0 0 1 0 0 0 0
5.46 72 1970 207 0 0 0 0 0 1 0 0 0 0 1 0 0
12.01 37 1973 266 1 0 0 0 0 0 0 0 1 0 0 0 0
10.62 100 1918 26 0 0 0 0 0 0 0 0 0 1 0 0 0
8.52 105 1918 345 0 0 0 0 0 1 0 0 0 0 1 0 0
9.71 50 1957 172 0 0 0 0 0 0 0 0 1 0 0 0 0
7.53 80 1918 49 1 0 0 1 0 0 0 0 0 1 0 0 0
5.75 74 1924 289 0 0 0 0 1 0 0 0 0 1 0 0 0
10.14 121 1924 102 1 0 0 0 0 0 0 0 0 0 0 1 0
7.73 120 1948 62 0 1 0 0 0 0 0 0 0 0 1 0 0
11.88 31 1985 290 0 0 0 0 0 0 0 1 0 0 0 0 0
4.94 78 1966 212 1 0 0 0 0 0 0 0 0 1 0 0 0
10.66 35 1966 147 1 0 0 0 0 0 0 1 0 0 0 0 0
9.31 48 1957 276 0 0 0 0 0 0 0 0 1 0 0 0 0
7.62 69 1966 207 0 0 0 0 0 0 0 0 0 1 0 0 0
8.67 80 1971 359 0 0 0 0 1 0 0 0 0 1 0 0 0
13.22 25 1966 289 0 0 0 0 0 0 0 1 0 0 0 0 0
9.96 42 1984 286 0 0 0 0 0 0 0 0 1 0 0 0 0
8.44 56 1957 49 0 0 0 0 0 0 0 0 1 0 0 0 0
8.52 90 1960 131 1 0 0 0 0 0 0 0 0 0 1 0 0
10.63 51 1988 289 0 0 0 0 0 0 0 0 1 0 0 0 0
8.34 170 1966 350 1 0 0 0 0 0 0 0 0 0 0 1 0
9.03 93 1957 264 0 0 0 0 0 0 0 0 0 0 1 0 0
4.35 88 1957 262 1 0 0 0 1 0 0 0 0 1 0 0 0
12.04 26 1967 92 1 0 0 0 0 0 0 1 0 0 0 0 0
5.35 71 1970 281 0 0 0 0 0 0 0 0 0 1 0 0 0
7.09 52 2000 61 1 0 0 0 0 0 0 0 1 0 0 0 0
6.93 91 1918 28 0 0 0 1 0 0 0 0 0 1 0 0 0
9.68 61 1987 320 1 0 0 0 0 0 1 0 1 0 0 0 0
6.83 73 1960 280 0 0 0 0 0 0 0 0 0 1 0 0 0
8.22 88 1970 182 0 0 0 0 0 0 0 0 0 0 1 0 0
10.43 102 1924 295 1 0 0 0 0 0 0 0 0 0 1 0 0
8.38 63 1918 366 1 0 0 0 0 0 0 0 0 1 0 0 0
6.87 86 1972 120 0 0 0 0 0 0 0 0 0 1 0 0 0
9.01 80 1987 269 0 0 0 0 0 1 1 0 0 1 0 0 0
9.53 55 1971 349 0 0 0 0 0 0 0 0 1 0 0 0 0
9.66 126 1918 23 0 0 0 1 0 0 0 0 0 0 1 0 0
8.77 56 1967 127 0 0 0 0 0 0 0 0 1 0 0 0 0
6.78 62 1918 363 1 0 1 1 1 0 0 0 1 0 0 0 0
12.84 52 1984 93 1 0 0 0 0 0 0 0 1 0 0 0 0
8.36 85 1999 154 0 0 0 0 0 0 1 0 0 1 0 0 0
7.51 126 1973 307 0 0 0 0 0 1 0 0 0 0 1 0 0
4.45 50 1957 104 0 1 0 0 0 0 0 0 1 0 0 0 0
6.98 58 1969 326 0 0 0 0 0 0 0 0 0 1 0 0 0
10.04 55 1996 306 1 0 0 0 1 0 0 0 1 0 0 0 0
3.93 62 1918 52 0 0 1 0 0 0 0 0 0 1 0 0 0
11.25 75 1918 369 0 0 0 0 0 0 0 0 0 1 0 0 0
9.09 45 1966 270 1 0 0 0 0 0 0 1 0 0 0 0 0
4.22 64 1996 281 0 0 0 0 0 0 1 0 1 0 0 0 0
8.81 77 1972 164 0 0 0 0 0 0 0 0 0 1 0 0 0
7.87 54 1973 209 0 0 0 0 1 0 0 0 0 1 0 0 0
9.76 34 1957 146 0 1 0 0 0 0 0 1 0 0 0 0 0
9.72 44 1957 49 0 0 0 0 0 0 0 1 0 0 0 0 0
7.67 65 1918 52 0 0 0 0 0 0 0 0 0 1 0 0 0
6.67 110 1918 65 0 0 0 1 0 1 1 0 0 0 1 0 0
10.34 70 1992 305 0 0 0 0 1 0 1 0 0 1 0 0 0
10.04 68 1967 289 0 0 0 0 0 0 0 0 0 1 0 0 0
10.92 69 1983 8 1 0 0 0 0 0 0 0 0 1 0 0 0
8.39 79 1957 16 1 0 0 0 0 0 0 0 0 1 0 0 0
9.88 97 1996 349 0 0 0 0 0 1 1 0 0 1 0 0 0
5.78 61 1918 334 0 0 0 0 0 0 0 0 1 0 0 0 0
7.75 47 1967 232 0 0 0 0 0 0 0 0 1 0 0 0 0
4.53 114 1969 151 0 0 0 0 1 0 0 0 0 0 0 1 0
4.1 58 1918 49 1 0 1 1 0 0 0 0 1 0 0 0 0
5.18 52 1924 172 0 0 0 0 0 0 0 0 1 0 0 0 0
9.83 58 1957 302 0 0 0 0 0 0 0 0 1 0 0 0 0
9.01 107 1966 168 0 1 0 0 0 0 0 0 0 0 1 0 0
6.04 155 1918 366 1 0 0 0 1 1 0 0 0 0 0 1 0
5.89 61 1966 336 0 0 0 0 0 0 0 0 0 1 0 0 0
5.53 120 1918 40 1 0 0 0 0 0 0 0 1 0 0 0 0
8.99 61 1957 289 0 0 0 0 1 0 0 0 1 0 0 0 0
3.65 61 1957 8 1 0 0 1 1 0 0 0 1 0 0 0 0
13.12 46 1918 30 1 0 0 0 0 0 0 0 1 0 0 0 0
9.99 85 1969 121 0 0 0 0 0 0 0 0 0 1 0 0 0
8.2 79 1985 210 0 0 0 0 0 0 0 0 0 1 0 0 0
8.77 92 1960 54 0 0 0 0 0 0 0 0 0 0 1 0 0
10.56 121 1960 96 1 0 0 0 0 0 1 0 0 1 0 0 0
10.07 67 1918 371 1 0 0 0 1 0 0 0 0 1 0 0 0
12.78 24 1918 105 1 0 0 0 1 0 0 0 1 0 0 0 0
6.41 53 1948 127 0 0 0 0 0 0 0 0 1 0 0 0 0
9.98 85 1966 102 1 0 0 0 0 0 1 0 0 1 0 0 0
8.53 62 1948 65 0 0 0 0 1 0 1 0 0 1 0 0 0
6.64 87 1918 300 0 0 0 0 0 0 0 0 0 1 0 0 0
7.16 77 1971 322 0 0 0 0 1 0 0 0 0 1 0 0 0
9.01 105 1966 25 1 0 0 0 0 0 0 0 0 0 1 0 0
7.35 90 1966 72 0 0 0 0 0 0 0 0 0 1 0 0 0
9.82 51 1939 276 0 0 0 1 0 0 0 0 1 0 0 0 0
5.33 83 1966 65 0 0 0 0 1 0 0 0 0 1 0 0 0
10.32 57 1966 289 0 0 0 0 0 0 0 0 1 0 0 0 0
7.34 85 1918 363 0 0 0 0 0 0 0 0 0 1 0 0 0
10.55 70 1948 376 1 0 0 0 0 0 0 0 0 1 0 0 0
9.35 82 1918 371 1 0 0 0 0 0 0 0 0 1 0 0 0
7.22 71 1960 223 0 0 0 0 0 0 0 0 0 1 0 0 0
6.7 65 1957 28 0 0 0 0 1 1 0 0 1 0 0 0 0
9.96 77 1983 52 0 0 0 0 0 0 1 0 0 1 0 0 0
2.3 46 1957 89 1 0 0 0 1 0 0 0 1 0 0 0 0
10.02 110 1957 20 1 0 0 0 0 0 0 0 0 0 1 0 0
4.61 65 1957 25 1 0 0 0 0 0 0 0 0 1 0 0 0
12.74 93 1998 43 1 0 0 0 0 0 1 0 0 1 0 0 0
9.47 74 1974 183 0 0 0 0 0 0 0 0 0 0 1 0 0
10.01 28 1918 255 1 0 0 0 1 0 0 1 0 0 0 0 0
6.85 60 1974 286 0 0 0 0 1 0 0 0 1 0 0 0 0
10.23 85 1957 84 0 0 0 0 0 0 0 0 0 1 0 0 0
9.48 84 1960 20 1 0 0 0 0 0 0 0 0 0 1 0 0
12.45 54 1994 89 1 0 0 0 0 0 0 0 1 0 0 0 0
6.26 65 1966 152 0 0 0 0 0 0 0 0 1 0 0 0 0
4.06 41 1918 146 1 0 1 0 0 0 0 0 1 0 0 0 0
6.08 62 1960 209 0 0 0 0 0 0 0 0 0 1 0 0 0
8.73 116 2001 201 0 0 0 0 0 1 0 0 0 0 0 0 1
9.59 40 1969 165 1 0 0 0 0 0 0 1 0 0 0 0 0
9.68 103 1948 43 1 0 0 0 0 0 0 0 0 1 0 0 0
7.86 52 1957 144 1 0 0 0 0 0 0 1 0 0 0 0 0
5.76 91 1924 102 0 0 0 0 0 0 0 0 0 1 0 0 0
6.27 51 1957 73 0 0 0 0 1 0 0 0 1 0 0 0 0
9.71 79 1957 133 1 0 0 0 1 0 0 0 1 0 0 0 0
11.31 85 1924 173 1 0 0 0 0 0 1 0 0 0 1 0 0
8.02 88 1972 303 0 0 0 0 0 1 0 0 0 0 1 0 0
7.75 90 1960 146 0 1 0 0 1 0 0 0 0 0 1 0 0
10.4 59 1993 281 0 0 0 0 0 0 0 0 1 0 0 0 0
7.02 80 1966 282 0 0 0 0 1 1 0 0 0 1 0 0 0
10.15 46 1957 275 0 0 0 0 0 0 0 0 1 0 0 0 0
7.5 70 1992 325 1 0 0 0 0 0 1 0 1 0 0 0 0
10.86 89 1988 192 1 0 0 0 0 0 0 0 0 0 0 1 0
5.62 69 1939 30 0 0 0 0 0 0 0 0 0 1 0 0 0
8.46 42 1966 223 1 0 0 0 0 0 0 0 1 0 0 0 0
10.17 88 1960 295 0 0 0 0 0 0 0 0 0 1 0 0 0
4.03 100 1918 30 1 0 0 0 0 0 0 0 0 0 1 0 0
12.16 90 1990 293 0 0 0 0 0 0 0 0 0 1 0 0 0
8.31 47 1957 340 1 0 0 0 0 0 0 0 1 0 0 0 0
11.04 62 1981 40 1 0 0 0 0 0 0 0 0 1 0 0 0
10.55 51 1918 20 1 0 0 1 0 0 0 0 1 0 0 0 0
9.91 79 1957 325 1 0 0 0 0 0 0 0 0 1 0 0 0
10.08 82 1957 28 0 0 0 0 0 0 0 0 0 1 0 0 0
4.45 50 1966 361 0 0 0 0 0 0 0 0 1 0 0 0 0
10.44 37 1918 54 0 0 0 0 0 0 0 1 0 0 0 0 0
3.18 87 1948 102 0 0 0 0 0 0 0 0 0 0 1 0 0
7.48 54 1960 127 1 0 0 0 0 0 0 0 1 0 0 0 0
6.26 40 1968 336 0 0 0 0 0 0 0 0 1 0 0 0 0
10.54 40 1993 181 0 0 0 0 0 0 0 0 1 0 0 0 0
2.3 43 1948 167 0 0 0 1 1 0 0 0 1 0 0 0 0
10.68 74 1983 362 1 0 0 0 0 1 0 0 1 0 0 0 0
6.79 82 1957 20 1 0 0 0 0 0 0 0 0 1 0 0 0
11.37 32 1918 47 1 0 0 0 0 0 0 1 0 0 0 0 0
6.88 136 1918 40 1 0 0 0 0 0 0 0 0 0 0 1 0
11.78 72 1918 277 0 0 0 0 0 0 0 0 0 1 0 0 0
2.39 52 1957 126 1 0 0 0 0 0 0 0 1 0 0 0 0
8.09 66 1966 126 1 0 0 0 0 0 0 0 1 0 0 0 0
3.23 104 1960 250 1 0 0 0 1 1 0 0 0 0 0 1 0
8.21 51 2000 148 0 0 0 0 0 0 1 0 1 0 0 0 0
10.3 83 1948 144 1 0 0 0 0 0 0 0 0 1 0 0 0
12.05 56 1957 49 0 0 0 0 0 0 0 0 1 0 0 0 0
10.59 77 1985 29 1 0 0 0 0 0 0 0 0 1 0 0 0
11.21 33 1957 144 1 0 0 0 0 0 0 1 0 0 0 0 0
4.65 95 1957 84 0 0 0 0 0 0 0 0 0 1 0 0 0
8.18 50 1957 64 0 0 0 1 0 0 0 0 1 0 0 0 0
6.55 87 1957 298 1 0 0 0 0 0 0 0 0 1 0 0 0
8.29 74 1974 248 0 0 0 0 0 0 0 0 0 1 0 0 0
4.83 75 1918 84 0 0 0 1 0 0 0 0 0 0 1 0 0
7.87 77 1960 110 0 0 0 0 0 0 0 0 0 0 1 0 0
6.5 60 1988 181 0 0 0 0 0 0 0 0 1 0 0 0 0
5.83 96 1973 43 1 0 0 0 0 0 0 0 0 1 0 0 0
7.82 73 1966 293 0 0 0 0 0 0 0 0 0 1 0 0 0
8.74 79 1957 28 0 0 0 0 1 0 0 0 0 1 0 0 0
10.33 63 1997 35 1 0 0 0 0 0 1 0 1 0 0 0 0
7.53 56 1960 207 0 0 0 0 0 0 0 0 0 1 0 0 0
6.41 110 1918 101 1 0 0 0 0 0 0 0 0 0 1 0 0
12.27 40 1972 29 1 0 0 0 0 0 0 0 1 0 0 0 0
8.44 70 1997 242 0 0 0 0 0 0 1 0 0 1 0 0 0
11.45 47 1974 108 0 0 0 0 0 0 0 0 1 0 0 0 0
7.53 49 1957 21 1 0 0 0 0 0 0 0 1 0 0 0 0
17.45 22 1972 320 0 0 0 0 0 0 0 1 0 0 0 0 0
8.21 62 1966 105 1 0 0 0 0 0 0 0 0 1 0 0 0
8.6 107 1966 61 1 0 0 0 0 0 0 0 0 0 1 0 0
8.53 89 1960 289 0 0 0 0 1 0 0 0 0 0 1 0 0
7.61 86 1969 276 0 0 0 0 0 0 0 0 0 0 1 0 0
9.68 28 1968 269 0 0 0 0 0 0 0 1 0 0 0 0 0
10.79 45 1966 49 1 0 0 0 0 0 0 0 1 0 0 0 0
10.92 87 1974 38 1 0 0 0 0 0 0 0 0 1 0 0 0
12.3 64 1918 40 1 0 0 0 0 0 1 0 1 0 0 0 0
8.37 110 1918 40 1 0 0 0 0 0 0 0 0 0 1 0 0
3.57 70 1968 213 0 0 0 0 0 0 0 0 0 1 0 0 0
6.91 71 1957 123 0 0 0 0 1 0 0 0 0 1 0 0 0
11.19 50 1989 293 0 0 0 0 0 0 1 0 1 0 0 0 0
12.71 35 1966 207 1 0 0 0 0 0 0 1 0 0 0 0 0
7.36 37 1918 80 0 0 0 1 0 0 0 1 0 0 0 0 0
9.15 81 1918 46 0 0 0 0 0 0 0 0 0 1 0 0 0
4.15 70 1939 8 1 0 0 1 0 0 0 0 1 0 0 0 0
6.35 61 1966 292 0 0 0 0 0 0 0 0 0 1 0 0 0
5.63 64 1918 340 1 0 0 1 0 0 0 0 1 0 0 0 0
8.89 96 1997 249 1 0 0 0 0 1 0 0 0 1 0 0 0
11.87 90 1977 276 1 0 0 0 0 0 1 0 0 0 1 0 0
6.92 52 1966 355 0 0 0 0 1 0 0 1 0 0 0 0 0
10.82 120 1990 286 0 0 0 0 0 0 0 0 0 0 0 1 0
9.18 68 1993 123 0 0 0 0 0 0 0 0 1 0 0 0 0
10.37 34 1970 118 0 0 0 0 0 0 0 1 0 0 0 0 0
9.78 58 1918 81 0 0 0 1 0 0 0 0 1 0 0 0 0
5.76 98 1918 79 0 0 0 0 1 0 0 0 0 1 0 0 0
8.72 84 1957 276 0 0 0 0 0 0 0 0 0 0 1 0 0
11.65 61 1983 25 1 0 0 0 0 1 0 0 1 0 0 0 0
12.04 48 1984 185 0 0 0 0 1 0 0 0 1 0 0 0 0
9 100 1966 126 1 0 0 0 0 1 0 0 0 0 1 0 0
9.19 45 1984 255 1 0 0 0 0 0 0 0 1 0 0 0 0
8.99 66 1966 53 0 0 0 0 0 0 0 0 0 1 0 0 0
8.28 63 1974 248 1 0 0 0 0 0 0 0 1 0 0 0 0
10.32 45 1968 235 1 0 0 0 0 0 0 0 1 0 0 0 0
7.78 38 1969 120 0 0 0 0 0 0 0 1 0 0 0 0 0
6.41 125 1957 366 1 0 0 0 0 0 0 0 0 0 1 0 0
5.53 65 1966 243 0 0 0 0 0 0 0 0 0 1 0 0 0
9.61 69 1993 181 0 0 0 0 0 0 1 0 0 1 0 0 0
9.88 31 1972 144 1 0 0 0 1 0 0 1 0 0 0 0 0
5.86 83 1966 302 0 0 0 0 0 0 0 0 0 0 1 0 0
8.97 50 1982 214 0 0 0 0 0 0 0 0 1 0 0 0 0
10.07 113 1918 133 1 0 0 0 0 1 1 0 0 0 1 0 0
9.76 86 1918 20 1 0 1 0 0 0 0 0 0 1 0 0 0
5.85 48 1957 127 0 0 0 0 0 0 0 0 1 0 0 0 0
8.71 27 1971 322 0 0 0 0 0 0 0 1 0 0 0 0 0
6.76 104 1918 319 0 0 0 0 0 0 0 0 0 0 1 0 0
9.83 48 1960 290 0 0 0 0 0 0 0 0 1 0 0 0 0
7.4 57 1975 316 0 0 0 0 0 0 0 1 0 0 0 0 0
11.14 73 1918 29 1 0 0 0 0 1 0 0 0 1 0 0 0
8.73 65 1991 71 0 0 0 0 0 0 1 0 1 0 0 0 0
12.74 53 1918 145 1 0 0 0 0 0 0 0 1 0 0 0 0
11.62 55 1993 177 1 0 0 0 0 0 1 0 1 0 0 0 0
7.91 128 1972 289 0 0 0 0 0 0 0 0 0 0 1 0 0
8.28 82 1972 167 0 0 0 0 0 0 0 0 0 1 0 0 0
9.28 65 1970 223 0 0 0 0 0 0 1 0 0 1 0 0 0
9.86 80 1918 80 0 0 0 0 1 0 0 0 0 1 0 0 0
6.09 100 1918 46 0 0 1 1 1 0 0 0 0 1 0 0 0
5.4 88 1970 275 0 0 0 0 0 0 0 0 0 0 1 0 0
9.11 73 1974 123 0 0 0 0 0 0 0 0 0 1 0 0 0
6.35 70 1966 243 0 0 0 0 0 0 0 0 0 1 0 0 0
6.86 73 1957 72 1 0 0 0 1 0 0 0 0 1 0 0 0
7.93 58 1982 179 1 0 0 0 0 0 0 0 1 0 0 0 0
10.55 40 1997 148 0 0 0 0 0 0 0 1 0 0 0 0 0
9.57 86 1966 246 1 0 0 0 0 0 0 0 0 1 0 0 0
8.86 135 1995 363 1 0 0 0 0 0 0 0 0 0 0 1 0
7.5 100 1997 362 1 0 0 0 0 1 0 0 0 1 0 0 0
10.53 70 1918 295 1 0 0 0 0 0 0 0 1 0 0 0 0
10.46 81 2000 118 1 0 0 0 0 0 0 0 0 1 0 0 0
11.01 33 1970 223 0 0 0 0 0 0 0 1 0 0 0 0 0
7.01 38 1948 290 0 0 0 0 0 0 0 0 1 0 0 0 0
11.75 77 1998 121 1 0 0 0 0 1 0 0 0 1 0 0 0
8.72 80 1966 292 0 0 0 0 0 0 0 0 1 0 0 0 0
10.52 34 1987 145 1 0 0 0 0 0 0 1 0 0 0 0 0
9.41 74 1994 46 0 0 0 0 0 0 0 0 0 1 0 0 0
5.05 34 1966 102 1 0 0 0 0 0 0 1 0 0 0 0 0
13.83 30 1969 251 1 0 0 0 0 0 0 1 0 0 0 0 0
6.19 79 1948 171 0 0 0 0 0 0 0 0 0 1 0 0 0
9.33 40 1975 46 0 0 0 0 0 0 0 1 0 0 0 0 0
10.77 56 1957 6 1 0 0 0 0 0 0 0 1 0 0 0 0
10.16 83 2000 340 1 0 0 0 0 0 0 0 0 1 0 0 0
3.17 140 1918 15 0 0 1 1 0 0 0 0 0 0 0 1 0
10.08 55 1918 40 1 0 0 0 0 0 0 0 1 0 0 0 0
6.59 93 1924 65 0 0 0 0 0 0 0 0 0 0 1 0 0
3.09 87 1957 39 0 0 0 0 0 0 0 0 0 1 0 0 0
5.93 72 1948 125 0 0 0 0 0 0 0 0 0 1 0 0 0
11.64 85 1918 8 1 0 0 1 0 0 0 0 0 1 0 0 0
4.14 90 1924 45 0 0 0 0 0 0 0 0 0 1 0 0 0
3.96 75 1918 363 0 0 0 1 1 0 0 0 1 0 0 0 0
7.21 94 1974 248 0 0 0 0 0 0 0 0 0 0 1 0 0
4.65 102 1918 28 0 0 0 1 0 0 0 0 0 1 0 0 0
8.5 65 1970 54 0 0 0 0 0 0 0 0 1 0 0 0 0
8.72 44 1918 277 0 0 0 0 0 0 0 1 0 0 0 0 0
7.79 67 1960 289 0 0 0 0 1 0 0 0 0 1 0 0 0
6.74 101 1972 153 0 0 0 0 0 0 0 0 0 0 1 0 0
10.18 70 1996 14 0 0 0 0 0 0 0 0 1 0 0 0 0
9.46 49 1966 152 0 0 0 0 1 0 0 0 1 0 0 0 0
7.67 40 1918 329 1 0 0 0 0 0 0 0 1 0 0 0 0
12.43 93 2000 304 1 0 0 0 0 0 0 0 0 1 0 0 0
7.95 49 1960 174 0 0 0 0 1 0 0 0 1 0 0 0 0
10.13 56 1997 160 1 0 0 0 0 0 0 0 1 0 0 0 0
8.35 67 1990 151 0 0 0 0 0 0 0 0 1 0 0 0 0
3.77 90 1973 157 1 0 0 0 0 1 1 0 0 1 0 0 0
10.64 55 1918 147 1 0 0 0 0 0 0 0 1 0 0 0 0
6.15 82 1957 84 0 0 0 1 1 0 0 0 0 1 0 0 0
11.36 55 1966 349 0 0 0 0 0 0 0 0 1 0 0 0 0
5.51 77 1960 125 0 0 0 0 0 0 0 0 0 1 0 0 0
7.67 46 1918 72 0 0 0 1 0 0 0 0 1 0 0 0 0
7.5 48 1966 189 0 0 0 0 0 0 0 0 1 0 0 0 0
10.86 67 1957 276 0 0 0 0 0 0 0 0 0 0 1 0 0
2.29 92 1948 168 1 0 0 0 0 0 0 0 0 1 0 0 0
8.86 75 1971 322 0 0 0 0 0 0 0 0 0 1 0 0 0
9.45 59 1972 276 0 0 0 0 0 0 0 0 1 0 0 0 0
10.91 60 1957 159 1 0 0 0 0 0 1 0 1 0 0 0 0
8.25 75 1996 204 0 0 0 0 0 0 0 0 1 0 0 0 0
7.56 55 1986 148 0 0 0 0 0 0 0 0 1 0 0 0 0
9.42 110 1957 230 1 0 0 0 0 0 0 0 0 0 1 0 0
10.23 75 1990 174 0 0 0 0 0 0 0 0 0 1 0 0 0
11.08 150 1966 306 0 0 0 0 1 0 0 0 0 0 0 1 0
7.38 60 1966 151 0 0 0 0 0 0 0 0 1 0 0 0 0
9.93 80 1957 315 1 0 0 0 1 0 0 0 0 1 0 0 0
8.58 56 1918 363 1 0 0 0 0 0 0 1 0 0 0 0 0
9.4 64 1972 363 1 0 0 0 0 0 1 0 1 0 0 0 0
5.65 53 1957 172 0 0 0 0 0 0 0 0 0 1 0 0 0
11.41 69 1993 26 0 0 0 0 1 0 1 0 0 1 0 0 0
6.69 57 1957 80 0 0 0 0 0 0 0 0 0 1 0 0 0
9.73 50 1960 133 1 0 0 0 0 0 0 0 1 0 0 0 0
6.14 46 1924 102 0 0 0 0 0 0 0 0 1 0 0 0 0
8.53 86 1975 248 1 0 0 0 0 0 0 0 0 0 0 1 0
5.59 71 1969 349 0 0 0 0 0 0 0 0 0 1 0 0 0
9.11 78 1972 141 0 0 0 0 0 0 0 0 0 1 0 0 0
8.52 78 1972 8 1 0 0 0 0 0 0 0 0 1 0 0 0
10.02 38 1983 268 0 0 0 0 0 0 0 1 0 0 0 0 0
7.79 65 1966 209 0 0 0 0 1 0 0 0 0 1 0 0 0
9.76 55 1973 89 1 0 0 0 0 0 0 0 1 0 0 0 0
5.41 74 1966 65 0 0 0 0 0 0 0 0 0 1 0 0 0
8.93 70 1966 280 0 0 0 0 0 0 0 0 0 1 0 0 0
11.47 30 1971 59 1 0 0 0 0 0 0 1 0 0 0 0 0
11.06 58 1985 290 0 0 0 0 0 0 0 0 1 0 0 0 0
11.89 90 1981 255 1 0 0 0 0 0 0 0 1 0 0 0 0
12.09 22 1973 174 0 0 0 0 0 0 0 1 0 0 0 0 0
7.25 75 1924 171 0 0 0 0 0 0 0 0 1 0 0 0 0
6.36 73 1960 144 1 0 0 0 0 0 0 0 0 1 0 0 0
11.48 54 1980 17 0 0 0 0 0 0 0 0 1 0 0 0 0
9.89 125 1918 37 1 0 0 0 0 0 0 0 0 0 0 1 0
4.04 70 1918 363 1 0 0 0 1 0 0 0 1 0 0 0 0
7.11 66 1966 243 0 0 0 0 1 0 0 0 0 1 0 0 0
17.27 61 1997 68 0 0 0 0 0 0 1 0 1 0 0 0 0
10.21 78 1957 255 1 0 0 0 0 0 0 0 0 1 0 0 0
11.13 55 1998 127 1 0 0 0 0 0 0 0 1 0 0 0 0
8.81 65 1960 290 0 0 0 0 1 0 0 0 0 0 1 0 0
11.39 77 1998 232 1 0 0 0 0 0 1 0 0 1 0 0 0
8.53 42 1957 33 1 0 0 0 0 0 0 0 1 0 0 0 0
10.12 50 1987 181 0 0 0 0 0 0 1 0 1 0 0 0 0
10.12 94 1988 199 1 0 0 0 0 1 0 0 1 0 0 0 0
8.64 71 1989 154 0 0 0 0 0 0 0 0 0 1 0 0 0
6.94 80 1972 153 0 0 0 0 0 0 0 0 0 1 0 0 0
5.02 63 1918 357 0 0 0 0 0 0 0 0 1 0 0 0 0
7.92 43 2000 290 0 0 0 0 0 0 0 0 1 0 0 0 0
9.48 59 1989 293 0 0 0 0 0 0 0 0 1 0 0 0 0
7.96 140 1966 320 0 0 0 0 0 0 0 0 0 0 0 1 0
6.97 63 1957 123 0 0 0 0 0 0 0 0 0 1 0 0 0
10.01 66 1991 325 1 0 0 0 0 0 1 0 1 0 0 0 0
7.53 83 1972 153 0 0 0 0 0 0 0 0 0 1 0 0 0
13.68 70 1957 20 1 0 0 0 0 1 0 0 1 0 0 0 0
8.73 58 1969 64 0 0 0 0 0 0 0 0 1 0 0 0 0
7.87 86 1968 72 0 0 0 0 1 0 0 0 0 0 1 0 0
9.61 133 1957 23 1 0 0 0 0 0 0 0 0 0 1 0 0
9.84 80 1924 88 1 0 0 1 1 0 0 0 1 0 0 0 0
7.24 78 1984 179 1 0 0 0 0 0 0 0 1 0 0 0 0
4.78 70 1924 144 1 0 0 0 0 0 0 0 0 1 0 0 0
4.03 90 1918 363 0 0 0 1 0 0 0 0 1 0 0 0 0
4.11 64 1939 21 1 0 1 1 1 0 0 0 1 0 0 0 0
10.23 32 1972 8 1 0 0 0 0 0 0 1 0 0 0 0 0
6.6 100 1918 84 0 0 0 0 0 0 0 0 0 0 1 0 0
5.21 71 1957 366 1 0 0 0 0 0 0 0 1 0 0 0 0
6.06 74 1995 322 0 0 0 0 0 0 0 0 0 1 0 0 0
13.08 57 1994 252 1 0 0 0 0 0 0 0 1 0 0 0 0
7.64 79 1986 161 1 0 0 0 0 0 0 0 0 1 0 0 0
3.95 96 1918 42 1 0 1 1 0 0 0 0 0 1 0 0 0
9.24 26 1957 108 0 0 0 0 0 0 0 1 0 0 0 0 0
3.62 36 1948 319 0 0 1 1 0 0 0 0 1 0 0 0 0
7.81 57 1918 319 0 0 0 0 0 0 0 0 1 0 0 0 0
9.43 90 1918 144 1 0 0 0 0 0 0 0 0 0 1 0 0
8.84 100 1918 296 1 0 0 0 0 0 0 0 0 0 1 0 0
7.77 65 1991 223 0 0 0 0 0 0 0 0 1 0 0 0 0
11.29 56 1966 306 0 0 0 0 0 0 1 0 1 0 0 0 0
11.38 128 1918 84 0 0 0 0 0 0 0 0 0 0 0 1 0
7.87 87 1966 131 1 0 0 0 1 0 0 0 0 1 0 0 0
6.54 32 1969 154 0 0 0 0 0 0 0 1 0 0 0 0 0
6.8 60 1966 54 0 0 0 0 0 0 0 0 1 0 0 0 0
11.17 98 1960 97 0 1 0 0 0 0 0 0 0 1 0 0 0
5.1 77 1970 290 0 0 0 0 0 0 0 0 0 1 0 0 0
9.46 128 1918 101 1 0 0 0 0 1 1 0 0 1 0 0 0
6.29 117 1918 76 0 0 0 1 1 0 0 0 0 1 0 0 0
11.5 56 1993 354 1 0 0 0 0 0 0 0 1 0 0 0 0
5.48 51 1957 80 0 0 0 1 1 0 0 0 1 0 0 0 0
9.65 58 1998 76 0 0 0 0 0 0 0 0 1 0 0 0 0
6.84 102 1918 40 1 0 0 0 0 0 0 0 0 1 0 0 0
13.73 108 1918 133 1 0 0 0 0 0 0 0 0 1 0 0 0
8.91 39 1970 118 0 0 0 0 0 0 0 1 0 0 0 0 0
5.44 52 1966 292 0 0 0 0 0 0 0 0 1 0 0 0 0
9.49 97 1966 132 1 0 0 0 1 0 0 0 0 0 1 0 0
11.22 80 1994 123 0 0 0 0 0 0 1 0 0 1 0 0 0
6.53 61 1966 277 0 0 0 0 1 0 0 0 0 1 0 0 0
6.78 67 1960 202 0 0 0 0 1 0 0 0 0 1 0 0 0
7.28 88 1966 20 1 0 0 0 0 0 0 0 0 1 0 0 0
3.43 44 1924 131 1 0 0 1 1 0 0 0 1 0 0 0 0
6.84 79 1918 96 1 0 0 0 0 0 0 0 1 0 0 0 0
11.33 54 1980 23 1 0 0 0 0 1 0 0 1 0 0 0 0
5.11 50 1918 277 0 0 1 1 0 0 0 0 1 0 0 0 0
7.66 88 1983 124 0 0 0 0 0 1 0 0 0 0 1 0 0
9.75 72 1957 132 1 0 0 0 0 0 0 0 0 1 0 0 0
9.74 75 1981 153 0 0 0 0 0 0 0 0 0 1 0 0 0
7.84 54 1948 127 0 0 0 0 0 0 0 0 0 1 0 0 0
1.89 102 1918 95 1 0 0 0 0 0 0 0 0 0 1 0 0
8.55 44 1999 303 0 0 0 0 0 0 0 1 0 0 0 0 0
7.23 78 1948 127 0 0 0 0 1 0 0 0 0 1 0 0 0
6.48 51 1957 189 0 0 0 0 0 0 0 0 1 0 0 0 0
2.88 61 1918 129 0 0 0 1 1 0 0 0 1 0 0 0 0
9.42 36 1960 113 0 0 0 0 0 0 0 1 0 0 0 0 0
4.09 72 1918 43 1 0 1 1 0 0 0 0 0 1 0 0 0
8.88 93 1918 41 1 0 0 0 0 0 0 0 0 1 0 0 0
9.96 92 1948 39 0 0 0 0 0 0 0 0 0 0 1 0 0
7.88 62 1957 66 0 0 0 0 0 0 0 0 0 1 0 0 0
3.72 55 1973 84 0 0 0 0 0 0 0 0 0 1 0 0 0
8.81 174 1918 134 1 0 0 0 0 0 0 0 0 1 0 0 0
8.12 80 1918 84 0 0 0 0 0 0 0 0 0 1 0 0 0
4.47 178 1918 329 1 0 1 1 0 0 0 0 0 0 0 0 1
8.89 42 1970 246 1 0 0 0 1 0 0 1 0 0 0 0 0
8.12 64 1966 124 0 0 0 0 0 0 0 0 0 1 0 0 0
5.2 77 1966 286 0 0 0 0 0 1 0 0 0 1 0 0 0
5.16 107 1918 102 1 0 0 0 1 0 0 0 0 0 0 1 0
8.82 116 1918 98 1 0 0 0 0 0 0 0 0 0 1 0 0
2.49 60 1957 54 0 0 1 1 1 0 0 0 0 1 0 0 0
7.37 97 1918 8 1 0 0 0 0 0 0 0 0 0 1 0 0
16.81 17 1969 64 0 0 0 0 0 0 0 1 0 0 0 0 0
7.78 90 1948 54 0 0 0 0 0 0 0 0 0 0 1 0 0
8.54 54 1960 290 0 0 0 0 0 0 0 0 1 0 0 0 0
11.04 81 1918 49 0 0 0 0 0 0 0 0 0 1 0 0 0
10.65 56 1966 358 0 0 0 0 0 0 0 0 1 0 0 0 0
7.66 37 1969 120 0 0 0 0 1 0 0 1 0 0 0 0 0
8.15 56 1991 198 1 0 0 0 0 1 1 1 0 0 0 0 0
5.06 79 1957 83 0 0 0 1 1 0 0 0 0 1 0 0 0
7.89 43 1976 248 0 0 0 0 0 0 0 1 0 0 0 0 0
5.06 72 1966 243 0 0 0 0 0 0 0 0 0 1 0 0 0
11.72 34 1966 49 1 0 0 0 0 0 0 1 0 0 0 0 0
9.62 34 1918 363 0 0 0 0 0 0 0 1 0 0 0 0 0
7.51 78 1989 181 0 0 0 0 0 0 1 0 0 1 0 0 0
8.72 67 1948 89 1 0 0 0 0 0 0 0 1 0 0 0 0
10.85 66 1988 246 1 0 0 0 0 0 0 0 1 0 0 0 0
9.83 39 1957 327 0 0 0 0 0 0 0 0 1 0 0 0 0
9.4 91 1998 305 0 0 0 0 0 0 0 0 0 1 0 0 0
7.38 40 1967 336 0 0 0 0 0 0 0 1 0 0 0 0 0
10.31 77 1973 114 0 0 0 0 0 1 0 0 0 1 0 0 0
6.66 81 1975 248 1 0 0 0 0 0 0 0 0 1 0 0 0
10.21 64 1918 147 1 0 0 0 0 0 0 0 1 0 0 0 0
11.67 49 1984 62 0 1 0 0 0 0 0 0 1 0 0 0 0
11.12 87 1918 29 1 0 0 0 0 1 0 0 1 0 0 0 0
7.75 35 1966 110 0 0 0 0 0 0 0 1 0 0 0 0 0
11.59 105 1974 61 0 1 0 0 0 1 1 0 0 0 1 0 0
9.15 65 1992 154 0 0 0 0 0 0 0 0 1 0 0 0 0
8.18 30 1957 261 1 0 0 0 0 0 0 1 0 0 0 0 0
6.44 120 1966 72 0 0 0 0 0 0 0 0 0 0 0 1 0
9.88 50 1976 375 1 0 0 0 0 0 0 0 1 0 0 0 0
10.14 97 1957 102 0 0 0 0 0 0 0 0 0 0 1 0 0
4.42 50 1957 277 0 0 1 1 1 0 0 0 1 0 0 0 0
6.26 140 1918 49 1 0 0 0 0 0 1 0 0 0 0 1 0
8.27 67 1957 308 0 0 0 0 1 0 0 0 0 1 0 0 0
9.72 51 1973 121 1 0 0 0 0 1 0 0 1 0 0 0 0
8.98 59 1973 129 0 0 0 0 1 0 0 0 1 0 0 0 0
11.78 60 1993 370 1 0 0 0 1 0 0 0 1 0 0 0 0
11.02 70 1918 363 1 0 0 0 0 0 0 0 1 0 0 0 0
16.08 20 1957 98 1 0 0 0 0 0 0 1 0 0 0 0 0
9.04 77 1948 158 0 1 0 0 1 0 0 0 0 1 0 0 0
10.36 37 1973 277 0 0 0 0 0 0 0 1 0 0 0 0 0
2.95 90 1918 277 0 0 1 1 0 0 0 0 0 0 1 0 0
6.43 78 1957 144 1 0 0 0 1 0 0 0 1 0 0 0 0
13.64 80 1957 255 1 0 0 0 0 0 1 0 0 1 0 0 0
6.52 53 1948 125 0 0 0 0 1 0 0 0 1 0 0 0 0
7.17 39 1960 14 1 0 0 0 1 0 0 1 0 0 0 0 0
3.82 92 1948 96 1 0 1 1 1 0 0 0 0 0 1 0 0
11.93 60 1998 61 0 1 0 0 0 0 1 0 1 0 0 0 0
5.56 47 1948 172 0 0 0 0 1 1 0 1 0 0 0 0 0
10.05 86 1966 349 0 0 0 0 0 0 0 0 0 1 0 0 0
11.07 92 1983 105 1 0 0 0 0 1 1 0 0 1 0 0 0
9.02 100 1957 46 0 0 0 0 0 0 0 0 0 1 0 0 0
9.58 60 1972 55 0 0 0 0 0 0 0 0 1 0 0 0 0
11.36 23 1968 54 0 0 0 0 0 0 0 1 0 0 0 0 0
12.37 88 1960 87 1 0 0 0 0 0 0 0 0 1 0 0 0
5.21 96 1973 120 0 0 0 0 0 0 0 0 0 0 1 0 0
6.14 59 1957 20 1 0 1 1 1 0 0 0 1 0 0 0 0
7.7 67 1918 30 1 0 0 0 0 0 0 0 1 0 0 0 0
8.32 69 1966 189 0 0 0 0 0 0 0 0 0 1 0 0 0
10.04 64 1966 178 0 0 0 0 1 0 0 0 1 0 0 0 0
9.83 32 1957 133 1 0 0 0 0 0 0 1 0 0 0 0 0
8.83 65 1968 207 0 0 0 0 0 0 0 0 0 1 0 0 0
9.41 49 2001 20 1 0 0 0 1 0 0 0 1 0 0 0 0
8.32 96 1918 81 0 0 0 0 0 0 0 0 0 1 0 0 0
5.28 110 1918 299 0 0 1 0 0 0 0 0 0 1 0 0 0
7.39 65 1971 139 0 0 0 0 0 0 0 0 0 1 0 0 0
7.05 80 1918 76 0 0 1 1 0 0 0 0 0 0 1 0 0
12.95 40 1993 223 1 0 0 0 0 0 1 0 1 0 0 0 0
11.13 27 1972 98 1 0 0 0 1 0 0 1 0 0 0 0 0
9.98 42 1960 133 1 0 0 0 1 0 0 0 1 0 0 0 0
10.74 50 1960 204 0 0 0 0 0 0 0 0 0 1 0 0 0
10.46 110 1960 329 1 0 0 0 0 0 1 0 0 1 0 0 0
2.16 52 1918 76 0 0 0 1 0 0 0 0 1 0 0 0 0
8.15 40 1973 344 1 0 0 0 0 0 0 1 0 0 0 0 0
10.61 24 1960 127 1 0 0 0 1 0 0 1 0 0 0 0 0
10.58 70 1967 303 0 0 0 0 0 0 1 0 0 1 0 0 0
7.63 152 2000 270 1 0 0 0 0 0 0 0 0 0 0 1 0
8.66 28 1972 126 0 0 0 0 0 0 0 1 0 0 0 0 0
10.04 30 1978 8 1 0 0 0 0 1 0 1 0 0 0 0 0
10.02 62 1957 89 1 0 0 0 0 0 0 0 0 1 0 0 0
8.32 81 1981 248 0 0 0 0 0 0 0 0 0 1 0 0 0
8.66 74 1998 189 0 0 0 0 0 0 0 0 0 1 0 0 0
4.95 52 1987 82 0 0 0 0 0 0 0 0 1 0 0 0 0
11.08 36 1967 124 0 0 0 0 0 0 0 1 0 0 0 0 0
5.16 120 1918 340 0 0 0 0 1 0 0 0 0 0 1 0 0
8.86 75 1972 343 0 1 0 0 0 0 0 0 1 0 0 0 0
7.63 65 1918 21 1 0 0 0 1 0 0 0 1 0 0 0 0
7.64 85 1983 185 0 0 0 0 0 0 0 0 0 1 0 0 0
7.72 80 1957 49 0 0 0 0 0 0 0 0 0 0 1 0 0
4.95 75 1948 123 0 0 1 1 1 0 0 0 0 1 0 0 0
10.91 33 1975 269 0 0 0 0 0 0 0 1 0 0 0 0 0
10.09 38 1973 295 1 0 0 0 0 0 0 1 0 0 0 0 0
7.73 110 1960 230 1 0 0 0 0 1 0 0 0 0 1 0 0
10.36 37 1957 52 0 0 0 0 0 0 0 1 0 0 0 0 0
8.22 60 1983 248 0 0 0 0 0 0 0 0 1 0 0 0 0
5.4 74 1924 72 0 0 0 0 0 0 0 0 0 1 0 0 0
8.01 103 1982 69 0 0 0 0 0 1 0 0 0 0 1 0 0
3.72 55 1924 72 0 0 0 0 0 1 0 0 1 0 0 0 0
8.32 83 1918 28 0 0 0 0 1 0 0 0 0 1 0 0 0
12.12 53 1998 198 1 0 0 0 0 0 1 0 1 0 0 0 0
8.96 87 1967 218 1 0 0 0 0 0 0 0 0 0 1 0 0
10.59 98 1991 305 0 0 0 0 0 0 1 0 0 0 1 0 0
9.91 49 1918 88 1 0 0 0 0 0 0 0 1 0 0 0 0
7.01 48 1970 53 0 0 0 0 0 0 0 1 0 0 0 0 0
8.09 83 1960 101 1 0 0 0 1 0 0 0 0 1 0 0 0
7.07 72 1973 182 0 0 0 0 0 0 0 0 0 1 0 0 0
12.54 62 1966 292 0 0 0 0 0 0 0 0 0 1 0 0 0
15.83 42 1957 89 1 0 0 0 0 0 0 0 1 0 0 0 0
12.19 29 1966 128 1 0 0 0 0 0 0 1 0 0 0 0 0
8.6 69 1957 54 0 0 0 0 0 0 0 0 0 1 0 0 0
10.45 68 2000 363 0 0 0 0 0 1 0 0 1 0 0 0 0
6.31 57 1957 132 1 0 0 0 0 0 0 0 1 0 0 0 0
10.96 56 1918 77 0 0 0 0 0 0 0 0 1 0 0 0 0
7.87 75 1970 173 1 0 0 0 0 0 0 0 1 0 0 0 0
9.2 62 1984 190 0 0 0 0 0 0 0 0 1 0 0 0 0
4.81 83 1948 272 0 0 0 0 0 0 0 0 1 0 0 0 0
7.4 101 1918 363 1 0 0 0 0 1 0 0 0 1 0 0 0
8.86 45 1957 147 0 0 0 0 0 0 0 1 0 0 0 0 0
8.98 72 1971 372 0 0 0 0 0 0 0 0 0 1 0 0 0
7.68 82 1918 179 1 0 0 0 0 1 0 0 0 1 0 0 0
7.57 26 1960 29 1 0 0 0 0 0 0 1 0 0 0 0 0
6.93 92 1985 161 0 0 0 0 0 0 0 0 0 0 1 0 0
6.57 100 1918 40 1 0 0 0 0 0 0 0 0 1 0 0 0
5.38 58 1960 140 0 0 1 1 1 0 0 0 0 1 0 0 0
12.82 61 1957 21 1 0 0 0 0 0 1 0 1 0 0 0 0
5.73 73 1960 316 0 0 0 0 0 0 0 0 0 0 1 0 0
10.23 60 1957 123 0 0 0 0 1 0 0 0 0 1 0 0 0
9.81 73 1999 54 0 0 0 0 0 0 0 0 0 1 0 0 0
12.46 27 1971 53 0 0 0 0 1 1 0 1 0 0 0 0 0
8.13 56 1973 269 0 0 0 0 0 0 0 0 1 0 0 0 0
5.34 160 1918 147 1 0 0 0 0 1 0 0 0 0 1 0 0
9.5 62 1966 122 0 0 0 0 0 0 0 0 0 1 0 0 0
6.74 55 1960 49 0 0 0 0 0 0 0 0 0 1 0 0 0
10.32 130 1918 48 0 0 0 0 0 1 0 0 0 0 1 0 0
10.65 50 1918 54 0 0 0 1 1 0 0 0 1 0 0 0 0
7.7 38 1969 178 0 0 0 0 0 0 0 1 0 0 0 0 0
10.08 114 1968 97 0 1 0 0 0 0 0 0 0 1 0 0 0
8.56 140 1918 43 0 0 0 0 0 1 0 0 0 0 0 1 0
6.69 49 1971 140 0 0 0 0 0 0 0 0 1 0 0 0 0
9.1 88 1998 29 1 0 0 0 0 1 0 0 0 1 0 0 0
9.33 43 1939 84 0 0 0 0 0 0 0 1 0 0 0 0 0
10.68 99 1989 223 0 0 0 0 0 0 1 0 0 1 0 0 0
10.32 44 1960 76 0 0 0 0 0 0 0 0 1 0 0 0 0
12.37 81 2000 363 0 0 0 0 0 0 0 0 0 1 0 0 0
3.59 70 1957 7 1 0 0 0 0 0 0 0 0 1 0 0 0
10.11 74 1957 34 1 0 0 0 0 0 0 0 0 1 0 0 0
9.55 54 1960 21 1 0 0 0 0 0 0 0 1 0 0 0 0
8.54 79 1957 101 1 0 0 0 0 0 0 0 0 1 0 0 0
10.22 94 1997 290 0 0 0 0 0 0 0 0 0 0 1 0 0
8.27 47 1972 39 0 0 0 0 1 0 0 0 1 0 0 0 0
7.37 85 1993 378 1 0 0 0 0 0 0 0 1 0 0 0 0
9.93 85 1973 225 1 0 0 0 0 1 0 0 0 1 0 0 0
3.07 57 1957 189 0 0 0 0 1 0 0 0 0 1 0 0 0
10.78 90 1960 106 1 0 0 0 0 0 0 0 0 1 0 0 0
8.41 65 1969 336 0 0 0 0 0 0 0 0 1 0 0 0 0
7.01 78 1960 319 0 0 0 0 0 0 0 0 0 0 1 0 0
4.29 96 1918 366 1 0 1 1 0 0 0 0 0 1 0 0 0
4 178 1918 95 1 0 1 1 0 0 0 0 0 0 0 1 0
8.73 94 1989 154 0 0 0 0 0 0 0 0 0 0 1 0 0
10.23 62 1918 357 0 0 0 0 0 0 0 0 1 0 0 0 0
4.26 97 1924 39 0 0 0 0 0 0 0 0 0 1 0 0 0
6.91 74 1957 168 1 0 0 0 0 0 0 0 0 1 0 0 0
10.1 40 1957 48 1 0 0 0 0 0 0 1 0 0 0 0 0
6.64 80 1918 41 1 0 0 1 1 0 0 0 0 1 0 0 0
10.54 32 1966 8 1 0 0 0 0 0 0 1 0 0 0 0 0
9.59 40 1984 173 0 0 0 0 0 0 0 1 0 0 0 0 0
8.36 70 1966 88 1 0 0 0 1 0 0 0 1 0 0 0 0
7.5 120 1918 299 1 0 0 0 0 0 0 0 0 0 1 0 0
9.71 75 1993 214 0 0 0 0 0 0 0 0 0 1 0 0 0
7.22 70 1980 73 0 0 0 0 0 0 0 0 1 0 0 0 0
7.53 62 1957 71 1 0 0 0 1 0 0 0 1 0 0 0 0
5.1 87 1918 40 1 0 1 1 1 0 0 0 0 1 0 0 0
10.94 52 1987 69 0 0 0 0 0 0 0 0 1 0 0 0 0
7.2 94 1918 41 1 0 0 0 0 0 0 0 0 0 1 0 0
11.39 77 1971 375 1 0 0 0 1 0 0 0 0 1 0 0 0
8.94 35 1918 266 1 0 0 0 1 0 0 0 1 0 0 0 0
10.74 30 1972 46 0 0 0 0 0 0 0 1 0 0 0 0 0
6.95 50 1957 30 1 0 0 0 0 0 0 0 1 0 0 0 0
12.35 51 1983 26 0 0 0 0 0 0 0 0 1 0 0 0 0
6.06 74 1960 53 0 0 0 0 0 0 0 0 0 1 0 0 0
8.25 54 1948 21 1 0 0 0 0 0 0 0 0 1 0 0 0
11.07 31 1972 151 0 0 0 0 0 0 0 1 0 0 0 0 0
8.93 67 1948 94 0 0 0 0 0 0 0 0 1 0 0 0 0
10.58 63 1981 49 1 0 0 0 0 0 0 0 1 0 0 0 0
8.99 63 1979 192 1 0 0 0 0 0 0 0 1 0 0 0 0
4.2 71 1918 83 0 0 0 0 0 0 0 0 1 0 0 0 0
9.46 87 1918 42 1 0 0 0 0 0 0 0 0 1 0 0 0
11.29 91 1966 100 0 1 0 0 1 1 0 0 0 1 0 0 0
7.72 88 1968 182 0 0 0 0 0 0 0 0 0 0 1 0 0
6.29 115 1918 21 1 0 0 0 0 0 0 0 0 0 1 0 0
8.78 99 1918 81 0 0 0 0 0 0 0 0 0 0 1 0 0
11.27 40 1991 324 1 0 0 0 0 0 0 0 1 0 0 0 0
5.19 30 1957 202 0 0 0 0 1 0 0 1 0 0 0 0 0
3.94 30 1966 242 0 0 0 0 1 0 0 1 0 0 0 0 0
9.84 102 1996 336 0 0 0 0 0 0 0 0 0 0 1 0 0
5.59 60 1970 182 0 0 0 0 0 0 0 0 1 0 0 0 0
7.74 79 1966 243 0 0 0 0 1 0 0 0 0 1 0 0 0
12.27 40 1979 158 0 1 0 0 0 0 0 1 0 0 0 0 0
11.22 28 1918 52 0 0 1 1 1 0 0 1 0 0 0 0 0
18.26 98 1994 221 0 1 0 0 0 1 1 0 0 1 0 0 0
5.35 64 1957 171 0 0 0 0 0 0 0 0 0 1 0 0 0
5.99 45 1957 102 1 0 0 0 0 0 0 0 1 0 0 0 0
7.97 50 1966 229 0 0 0 0 1 0 0 0 1 0 0 0 0
10.47 95 1918 88 1 0 0 0 0 0 0 0 0 1 0 0 0
4.42 39 1948 136 0 0 0 1 0 0 0 0 1 0 0 0 0
9.35 93 1918 76 0 0 0 0 0 0 1 0 0 0 1 0 0
10.08 48 1948 8 1 0 0 0 0 0 0 1 0 0 0 0 0
7.52 45 1948 65 0 0 0 0 0 0 0 0 1 0 0 0 0
9.77 62 1973 322 0 0 0 0 0 0 0 0 1 0 0 0 0
8.41 83 1960 106 0 0 0 0 1 0 0 0 0 1 0 0 0
7.37 86 1970 77 0 0 0 0 0 0 0 0 0 0 1 0 0
6.95 73 1957 55 0 0 0 0 0 0 0 0 0 1 0 0 0
11 84 1918 20 1 0 0 0 0 0 0 0 0 1 0 0 0
6.06 62 1969 178 0 0 0 0 1 0 0 0 1 0 0 0 0
7.82 79 1918 29 1 0 0 1 0 0 0 0 0 1 0 0 0
5.73 78 1966 126 0 0 0 0 0 0 0 0 0 1 0 0 0
7.77 74 1966 378 1 0 0 0 0 0 0 0 0 1 0 0 0
7.99 48 1924 357 0 0 0 0 0 0 0 0 1 0 0 0 0
11.59 45 1957 84 0 0 0 0 0 0 0 0 1 0 0 0 0
9.73 41 1957 30 1 0 0 0 1 0 0 1 0 0 0 0 0
6.47 72 1924 288 0 0 0 0 1 0 0 0 1 0 0 0 0
11.12 73 1974 233 1 0 0 0 0 0 0 0 0 1 0 0 0
7.19 73 1970 276 0 0 0 0 1 0 0 0 0 1 0 0 0
