49
-2.25 -2.25 3.731099963
-2.25 -1.25 2.277250821
-2.25 -0.5 1.248862019
-2.25 0 1.93160554
-2.25 0.5 1.248862019
-2.25 1.25 2.277250821
-2.25 2.25 3.731099963
-1.25 -2.25 2.277250821
-1.25 -1.25 1.389904145
-1.25 -0.5 0.762234217
-1.25 0 1.17894196
-1.25 0.5 0.762234217
-1.25 1.25 1.389904145
-1.25 2.25 2.277250821
-0.5 -2.25 1.248862019
-0.5 -1.25 0.762234217
-0.5 -0.5 0.4180151587
-0.5 0 0.646540918
-0.5 0.5 0.4180151587
-0.5 1.25 0.762234217
-0.5 2.25 1.248862019
0 -2.25 1.93160554
0 -1.25 1.17894196
0 -0.5 0.646540918
0 0 1
0 0.5 0.646540918
0 1.25 1.17894196
0 2.25 1.93160554
0.5 -2.25 1.248862019
0.5 -1.25 0.762234217
0.5 -0.5 0.4180151587
0.5 0 0.646540918
0.5 0.5 0.4180151587
0.5 1.25 0.762234217
0.5 2.25 1.248862019
1.25 -2.25 2.277250821
1.25 -1.25 1.389904145
1.25 -0.5 0.762234217
1.25 0 1.17894196
1.25 0.5 0.762234217
1.25 1.25 1.389904145
1.25 2.25 2.277250821
2.25 -2.25 3.731099963
2.25 -1.25 2.277250821
2.25 -0.5 1.248862019
2.25 0 1.93160554
2.25 0.5 1.248862019
2.25 1.25 2.277250821
2.25 2.25 3.731099963
