49
3.731099963
2.277250821
1.248862019
1.93160554
1.248862019
2.277250821
3.731099963
2.277250821
1.389904145
0.762234217
1.17894196
0.762234217
1.389904145
2.277250821
1.248862019
0.762234217
0.4180151587
0.646540918
0.4180151587
0.762234217
1.248862019
1.93160554
1.17894196
0.646540918
1
0.646540918
1.17894196
1.93160554
1.248862019
0.762234217
0.4180151587
0.646540918
0.4180151587
0.762234217
1.248862019
2.277250821
1.389904145
0.762234217
1.17894196
0.762234217
1.389904145
2.277250821
3.731099963
2.277250821
1.248862019
1.93160554
1.248862019
2.277250821
3.731099963
