0 16.350505452 18
1 45.905996673 62
2 44.662482069 44
3 16.323083192 12
4 26.948541578 18
5 33.337132928 27
6 30.650874197 20
7 40.511893282 29
8 55.239160492 39
9 24.651956675 21
10 49.849890861 40
11 35.583780515 23
12 43.309917804 30
13 26.224090356 20
14 41.787197761 27
15 341.46755342 373
16 51.772767593 57
17 23.619069094 22
18 26.990842362 13
19 26.978395372 18
20 46.858085957 29
21 34.99386378 31
22 21.549833077 22
23 32.195798651 26
24 19.834919527 27
25 25.166002463 24
26 24.812183026 21
27 104.82661349 107
28 39.360527742 37
29 34.09700327 29
30 116.61801328 127
31 58.79854609 52
32 17.930808308 16
33 23.778682047 25
34 32.702567085 29
35 34.388639748 31
36 41.232052371 27
37 41.36566576 33
38 10.951621815 9
39 27.036758102 22
40 19.762979556 23
41 27.788993844 24
42 25.594904156 22
43 33.199734984 23
44 20.103410442 11
45 23.063828063 20
46 14.54424168 6
47 10.052833867 9
48 26.182144961 22
49 30.983810501 34
50 18.661119318 16
51 18.586888216 8
52 32.308030671 27
53 19.9818753 22
54 43.062018513 33
55 19.189262446 11
56 22.727827729 15
57 27.376900574 37
58 20.077727019 16
59 57.068355487 44
60 16.953983895 11
61 18.643586386 21
62 10.261700812 11
63 113.01936651 137
64 27.224877126 34
65 121.62491504 139
66 112.57829426 94
67 133.45919523 142
68 47.717203078 63
69 51.552841364 40
70 39.379603421 28
71 46.4828566 42
72 25.881449157 35
73 34.248795061 34
74 78.022289975 98
75 52.109666094 32
76 102.52570354 85
77 84.614960862 57
78 54.253675496 44
79 87.109078253 67
80 43.762838411 44
81 54.571852397 44
82 188.89327082 212
83 34.310392595 28
84 59.501460601 48
85 48.15952423 36
86 82.972111399 66
87 33.384630537 21
88 43.375212387 31
89 50.765398366 62
90 53.299227338 39
91 98.756204398 72
92 23.820688642 25
93 61.452967174 83
94 44.078881598 39
95 55.365379504 40
96 31.366261335 34
97 129.32030295 138
98 69.863009165 59
99 46.602517956 47
100 64.160181082 53
101 57.209859208 53
102 48.960544869 48
103 27.875506321 27
104 68.039068269 51
105 60.357938456 75
106 41.987993703 35
107 82.03652179 89
108 124.32817315 163
109 45.196610648 51
110 34.65202829 34
111 37.404828053 43
112 73.930078398 77
113 52.601519924 61
114 87.30613504 77
115 24.20431189 32
116 55.988948927 60
117 53.050731356 61
118 79.598487735 98
119 26.583449238 29
120 129.00931117 155
121 23.397430232 31
122 54.561835389 65
123 50.331174396 54
124 50.743309861 59
125 48.380302536 50
126 44.769032111 38
127 75.733922711 90
128 42.946980565 29
129 18.407395224 19
130 63.441892317 51
131 34.441267927 25
132 53.595123469 64
133 44.861651315 38
134 49.682315326 49
135 31.693720725 22
136 43.360965372 41
137 23.992646932 26
138 39.016190789 34
139 37.737988595 38
140 27.845279919 32
141 48.098567741 41
142 37.952798753 35
143 32.740088502 32
144 24.972862169 21
145 22.427068234 25
146 24.17697364 17
147 25.399146376 24
148 30.05740562 35
149 18.460118406 27
150 12.58817868 19
151 39.064804606 44
152 34.017857238 29
153 18.739117461 14
154 25.472551658 14
155 35.146221307 40
156 18.238279251 31
157 21.74068717 35
158 18.209541912 31
159 12.206569797 11
160 24.450055421 31
161 9.6097988112 11
162 20.012580546 24
163 6.9983604292 15
164 33.270306734 53
165 34.080403862 50
166 10.758826863 20
167 10.339994011 16
168 8.6047779949 11
169 15.215899624 18
170 7.153950758 11
171 20.290154882 29
172 25.867484224 39
173 13.901992641 20
174 19.738928311 27
175 20.293246246 27
176 15.966477502 21
177 20.038182993 30
178 27.890337307 24
179 32.730142734 27
180 20.844708835 32
181 118.07727111 134
182 62.278152674 68
183 93.54187492 105
184 48.037988549 63
185 89.124122864 74
186 73.799229725 97
187 23.260975122 25
188 50.17720063 63
189 17.177166412 32
190 30.201313895 42
191 24.50297134 28
192 25.78605687 28
193 54.466151563 63
194 11.013073258 15
195 53.87678183 70
196 73.005137111 111
197 40.025580433 42
198 23.256235647 18
199 62.858441563 81
200 25.869544516 27
201 95.398096249 124
202 21.971482082 40
203 26.381230494 39
204 33.143405196 36
205 20.219691456 27
206 30.942540538 51
207 39.233202319 49
208 25.534099651 38
209 68.83880369 91
210 25.40276542 36
211 39.571981019 35
212 22.587831076 24
213 47.431180055 51
214 38.811783601 39
215 28.91740273 35
216 47.501297007 65
217 29.45310927 33
218 34.261263068 45
219 20.712486902 23
220 30.490812518 39
221 28.904703873 29
222 35.157376791 25
223 44.666889261 56
224 20.936453297 31
225 20.0249944 21
226 254.50640258 240
227 10.86174502 13
228 18.996921805 22
229 18.997657122 16
230 20.715647564 25
231 21.201540577 14
232 19.828481102 17
233 18.319262665 22
234 17.471373856 11
235 22.124340332 18
236 34.729878844 27
237 16.794264881 14
238 16.278594738 12
239 17.08487187 19
240 18.80676788 26
241 54.055770897 33
242 14.554088279 12
243 17.394699299 14
244 39.140950948 34
245 23.834856304 18
246 29.868787166 18
247 22.795415463 20
248 11.550438888 10
249 9.3466921058 8
250 8.4225366741 5
251 19.423540842 21
252 13.510249338 10
253 17.49774872 17
254 21.672110644 25
255 30.186990382 32
256 14.565878849 10
257 20.347725063 12
258 15.222418801 12
259 14.855010449 14
260 8.5859520209 5
261 23.502385368 30
262 8.3114798726 13
263 18.539115775 19
264 22.772555482 32
265 19.369998798 22
266 17.635369635 32
267 26.944757534 35
268 25.25098313 17
269 15.169650564 17
270 13.921095425 19
271 13.675440489 17
272 8.9286438377 10
273 10.870539694 11
274 21.813289674 19
275 19.582994147 21
276 17.270697083 35
277 18.576740843 24
278 23.697956923 21
279 15.285960475 22
280 15.452205381 24
281 13.097751187 18
282 19.668583689 27
283 7.9739310273 8
284 18.069932088 19
285 20.306550567 28
286 100.30380641 141
287 7.2593042337 8
288 30.686586135 41
289 20.453585173 20
290 19.825018803 15
291 31.546999233 43
292 17.452316474 20
293 20.731221983 23
294 17.109342119 23
295 12.349124267 8
296 11.544680411 11
297 22.718759215 24
298 30.321285326 31
299 20.172697952 24
300 15.524708668 26
301 15.270531492 21
302 15.709055386 21
303 22.139841345 24
304 24.123750547 29
305 20.633225459 19
306 26.401158473 28
307 51.089288903 67
308 8.4081520957 10
309 12.276426487 16
310 7.8238109749 5
311 19.395880625 20
312 38.28842951 43
313 15.40932073 14
314 20.498973715 26
315 27.954151198 38
316 14.779133533 23
317 22.738041616 21
318 22.739002518 17
319 22.734258608 26
320 25.903604801 27
321 72.936497008 117
322 20.119743074 30
323 30.837895843 53
324 41.824901246 40
325 32.040054412 47
326 18.714663458 26
327 393.09345467 501
328 210.4523016 177
329 16.781255393 12
330 18.754189301 11
331 8.5314416264 3
332 12.75839738 15
333 23.136911961 20
334 7.2089461463 3
335 6.5006526353 5
336 6.5844747111 4
337 9.9518611784 6
338 6.3768427696 5
339 6.2597982625 3
340 12.893415289 14
341 7.0212863558 5
342 10.112674588 5
343 8.2219986471 4
344 14.162359189 5
345 4.0438143359 4
346 10.179862311 4
347 7.0602579369 6
348 18.450832719 17
349 7.9023923297 8
350 6.6325564335 13
351 6.6265236237 7
352 6.6814371303 5
353 16.524862266 9
354 5.9555220715 3
355 5.8390952046 4
356 5.3840347932 3
357 7.7975980691 3
358 14.05280001 12
359 10.989354691 8
360 23.449046369 22
361 13.525884873 17
362 18.068484869 11
363 7.5661771033 7
364 5.3879434495 8
365 11.19095354 8
366 6.8586303699 6
367 21.185849766 27
368 7.7878848086 8
369 16.329358287 15
370 5.9641887182 3
371 3.8840741379 3
372 13.270743562 12
373 9.7262991423 8
374 12.069089207 8
375 40.627193934 40
376 19.269180895 15
377 12.881441762 12
378 10.157416786 5
379 3.8736856614 6
380 6.9128039181 13
381 8.1512213338 10
382 4.878540292 4
383 8.1585186655 9
384 4.1741347035 10
385 4.3313523815 2
386 7.109721534 4
387 5.7690952327 3
388 11.702047647 19
389 12.122254123 15
390 10.247396127 9
391 5.6235334497 11
392 6.4008036836 13
393 4.4832803596 9
394 9.4092636962 13
395 6.5627072452 7
396 7.3293833682 11
397 11.095794175 15
398 3.0112408 6
399 5.9185245755 11
400 13.56361289 15
401 5.7144754656 12
402 3.9310498887 6
403 4.2604623983 5
404 4.4521711028 5
405 5.2899378897 9
406 7.962762224 9
407 8.7463369108 10
408 5.2772642613 9
409 9.950551729 16
410 56.79615568 37
411 91.98745533 61
412 13.591229856 7
413 98.504346166 52
414 14.094244498 15
415 22.694777448 25
416 15.142893086 15
417 22.75761769 12
418 14.112147059 8
419 21.89364603 21
420 12.232737993 7
421 16.291972093 10
422 6.8506757584 1
423 21.042666273 17
424 9.4950346915 8
425 8.3468734043 4
426 17.169320168 4
427 21.118458069 20
428 8.9210565769 5
429 10.038352248 8
430 15.097451827 12
431 15.782058425 9
432 6.7874201985 5
433 12.929836272 11
434 5.3892655241 3
435 12.017285154 3
436 7.2689258303 9
437 12.510547345 13
438 12.289544958 8
439 18.838627524 17
440 10.804058485 7
441 6.9241351897 6
442 28.07787897 15
443 18.048566541 13
444 12.026253048 5
445 22.017071332 11
446 7.0603232326 7
447 7.6306842884 7
448 9.2180581159 6
449 21.986034937 14
450 4.7387213799 3
451 11.108614072 10
452 17.583011559 13
453 10.086351595 4
454 10.291511362 8
455 9.4909716523 4
456 16.1648755 10
457 9.6499633349 7
458 9.1994567088 8
459 14.15648604 8
460 9.55582857 7
461 16.80682049 10
462 10.796652818 7
463 16.599135642 6
464 18.795933311 21
465 53.913347573 39
466 50.522667886 33
467 12.235149714 8
468 14.55399853 17
469 23.704218495 23
470 11.526741692 13
471 14.623999291 10
472 6.7520507698 7
473 6.9102972717 10
474 7.1373707802 9
475 16.350596451 11
476 10.653998895 12
477 3.6282734891 7
478 10.728131263 9
479 5.6847946131 5
480 5.7850345933 3
481 5.3412490154 1
482 14.763922379 9
483 24.112697968 26
484 10.068851667 7
485 5.399817624 6
486 8.1535797793 10
487 7.6754556494 8
488 16.045276499 11
489 5.9436742419 6
490 6.7831184058 9
491 12.929288028 6
492 7.869684692 9
493 14.653350796 13
494 15.703431388 9
495 12.995774795 5
496 16.044822335 10
497 7.6808732893 6
498 12.947404302 10
499 18.68716674 11
500 16.697110252 18
501 8.1312659769 4
502 15.479267133 10
503 7.0755180597 2
504 35.866382616 17
505 22.148746195 16
506 17.676007496 12
507 8.7519989791 5
508 10.887652809 8
509 19.650145137 12
510 8.5017853244 6
511 11.916835119 3
512 9.9411992525 7
513 16.109378545 8
514 21.215196099 13
515 6.088688721 4
516 8.4006927249 5
517 11.243317807 15
518 26.174611769 24
519 10.804891095 7
520 6.9078212982 4
521 10.607645713 7
522 12.189363842 10
523 6.185642093 4
524 8.2960015794 4
525 5.2312999446 4
526 12.067295117 13
527 16.218587518 13
528 7.152391074 7
529 20.310687594 17
530 9.683513901 9
531 12.746292726 11
532 10.814224929 7
533 6.0745230435 4
534 12.183378908 11
535 6.1340090332 5
536 11.391385727 9
537 10.030374873 6
538 11.348025553 10
539 5.9645381282 2
540 8.6383685874 6
541 7.7408049416 3
542 11.83531124 5
543 7.3186311766 2
