"East" "South"
137.107060862898 7180.72323870337
137.878434063188 7182.05637377801
138.349281321436 7183.46338336848
139.025329569932 7186.17119773534
139.799567671651 7187.55155483959
141.202820397379 7189.54703734119
143.471389666599 7191.64983035607
145.75689164105 7195.46256025629
147.466671125785 7197.35250355221
148.381848466469 7199.95056988313
149.181030820052 7204.68648649835
150.224057137345 7207.03459764398
150.882817324394 7209.01891588032
152.378284420341 7211.37765578379
153.439948303579 7211.72575546705
154.170628733139 7212.99077285367
153.953175080575 7215.47023547718
153.00107283387 7217.17750165742
151.665540313298 7218.42145111431
150.853647126437 7220.08180441171
151.19968176958 7221.9028881772
150.677390659304 7223.77798894196
150.889872881584 7226.26838417168
152.450955568391 7231.72504245246
152.40298910412 7236.27615044042
153.549778164758 7239.30910837597
154.633843597632 7242.40372101203
155.393759211531 7248.17619301873
157.148957049021 7254.59649332862
157.940698399655 7256.47714661047
159.199189078635 7257.6268827547
160.33538033821 7259.31742257394
161.092909631509 7262.62432877545
162.20154837136 7265.01632999142
163.387961326474 7268.51927504447
164.011479653802 7276.33089196605
163.649506943856 7278.43147442546
161.984008741521 7282.97841535208
161.786219067995 7286.26705686198
163.098709639694 7290.96079798475
165.69351922109 7294.55047703435
167.199254045102 7297.01740175492
168.810624159438 7300.64612797976
169.382427604604 7302.30144173781
168.091908802001 7308.01193617149
166.516677982232 7310.61879359177
162.569350320563 7313.97430889876
162.349670444688 7315.96582444642
162.423690416848 7318.02191489856
161.890985807837 7318.86682413544
161.83377681196 7320.46313905008
160.286621547547 7324.19518201618
160.213767096528 7325.58894582697
160.078030040515 7326.14312782808
161.147749587231 7328.87268766552
164.017417852981 7331.2278271296
165.728199271048 7334.03124153305
165.852873825627 7334.23556478862
166.629962996169 7334.88381836314
166.947768107244 7335.05178995856
169.785227748667 7335.93701674417
170.304244073266 7336.28347291651
177.401664097954 7342.1179975715
177.629949590885 7342.23417705999
181.529993586646 7344.21749105659
183.445988029237 7346.57023165886
184.482885153463 7348.2348461798
186.375688091305 7354.65003098879
185.871000664879 7357.27677512464
185.43275481405 7359.55756143514
185.910616897056 7361.05733781541
185.594304759437 7361.70882295781
185.779203915146 7363.73295085741
185.793919980366 7363.89412855933
186.503922272091 7368.45574324807
188.377880157803 7372.0070148203
188.682238171284 7372.88670190657
188.851685321047 7377.0642343209
188.855961599435 7377.17051231804
189.448872148309 7379.14337908679
190.671993578218 7381.05230135909
190.913068970365 7383.61811817982
191.35673168759 7388.3390417604
192.962990218814 7392.95492436238
193.191898837981 7396.69187586658
195.269590721803 7402.39706658697
195.814218852256 7403.08827411529
196.983471879742 7404.04053547656
197.362444338928 7404.20359988834
197.458936417121 7404.19911913205
200.431475461496 7404.06171153786
206.043303524562 7407.07484967639
212.162963672088 7410.98016716091
216.727635833922 7412.56650626278
217.643053404322 7413.95541309476
220.754086367939 7418.67534184914
222.113986473006 7422.06708287548
222.264928072895 7422.53043836249
223.392070567724 7425.99185808279
223.429351129583 7426.17415586694
225.148368160864 7431.17445672032
227.686533925555 7435.64280741412
227.61501954021 7436.89453039095
229.988129569471 7440.19899550662
230.377962652525 7452.75184665239
230.146899146425 7453.62232349125
229.987918755151 7454.22148322249
231.733467471649 7456.95013418217
232.633517349489 7459.49495145149
234.462365111479 7461.20021615845
236.349420457231 7462.09158026518
237.35077791299 7463.47510111411
237.468363923817 7464.60771578861
238.732648273216 7466.38757084419
239.959613523688 7467.24309310744
241.686395979528 7467.9753750529
245.053621453727 7469.40333220846
248.493530857852 7471.88938230845
250.654337241641 7472.92027189893
252.629591174365 7475.00727879219
252.850947693177 7475.24119005009
253.549154794709 7475.71820195275
255.950298467739 7476.29893363669
257.582852113614 7478.68989668068
258.266838649509 7479.2020062039
259.863272302403 7480.01602893611
261.090165894762 7480.58577376935
262.771298967195 7481.36647662091
269.0603737478 7483.91196698892
269.674437899635 7484.14077364789
269.959748037275 7484.21586523899
270.189618454484 7484.27635899506
272.151429442744 7484.52802523554
273.859138511955 7484.82600318222
274.546337423754 7485.22644024841
275.992121105057 7486.53383244137
281.122777888962 7493.11169844725
281.338681788616 7493.4291662555
283.633161221428 7496.80286230709
284.747753875724 7495.04205505581
285.475370755231 7492.78871455458
286.795059989589 7494.69701345086
288.962509740334 7495.90440331324
290.481302546558 7497.28652022928
291.900289159797 7498.88152407051
293.131157613842 7499.58295630724
293.581059388122 7499.83925445156
294.726529883431 7500.90370802099
295.935959879551 7502.01973821339
297.207046713659 7502.68669294933
302.104019243158 7503.2890873659
304.106517262436 7502.58566431625
308.989406383127 7498.68288759222
310.379121235787 7498.56506689295
313.387654686748 7499.95070884543
315.479439403421 7499.63228254603
316.734689666237 7499.39923867723
317.039999285289 7499.34259104866
320.104933228142 7498.33389706934
322.98780495688 7496.7747600107
325.122524922282 7496.71959620306
325.167058772302 7496.71847461973
329.084358463776 7498.49318372021
335.052877180818 7502.94646154212
336.866592800953 7503.59892404847
337.233235967847 7503.53991153676
337.533584881708 7503.33097176504
338.907903308931 7501.10431919842
341.682213859395 7498.43688677777
342.0357242422 7498.29931949108
343.429715583942 7497.75661165521
345.520619819574 7496.20811652207
345.870669196224 7496.25766248324
346.870452788788 7496.60094426486
350.076224353825 7498.61569074892
351.057244632453 7499.00045252053
351.29342932483 7499.05798899711
351.573576664037 7499.12622097555
352.482699187265 7499.23158252021
353.308213517851 7499.03558270302
353.918149989641 7498.80721954296
355.567907042838 7498.18940675969
359.247681005357 7496.90430197041
363.715819131603 7496.46441068084
365.926336234093 7496.13488169627
367.410728168681 7497.13921971083
368.593420455848 7497.93945430156
371.494897275211 7498.51288733413
372.555658299721 7498.0282436844
373.56377092447 7496.02806960761
373.817645554858 7493.01013529762
374.08576801627 7492.34021031237
374.314795888207 7492.01706953184
374.764610142172 7492.13560667911
377.00487646044 7493.74156255222
378.605154632425 7494.36097328403
381.154494273223 7495.34772385017
380.588369430456 7499.64232755218
380.626734760931 7500.53857562913
381.511088536667 7503.62123956323
381.526689544122 7503.71669920258
381.88663603031 7505.92300278325
383.080586109344 7508.1345110298
383.26708302812 7508.33942834051
383.67760787024 7508.79065740056
384.235765642272 7509.2605151274
384.436554437166 7509.33540345919
385.621341814798 7509.54778408108
386.088507155786 7509.5597366962
387.944256267872 7509.06942823286
391.41044733804 7507.14863106225
393.92797096718 7507.10509845899
394.125208282069 7507.06678628062
394.260856742814 7507.04041094763
397.365430445596 7506.43781046859
401.21736372908 7504.48706886902
403.31346269057 7504.07027330782
407.325459798673 7500.26076321316
407.787842638674 7499.82167245196
408.582663056197 7499.02742995119
410.241204230265 7497.37007154712
412.066407887499 7497.02307933575
412.257224752457 7496.98687212281
412.959006856624 7496.94493536518
420.518813598703 7498.94138121023
421.879386693711 7498.74665099566
422.591160818669 7498.59881442466
423.3221490397 7497.8662158441
423.398907975198 7497.867461024
424.450499953524 7497.76231936251
424.653126670466 7497.25841550549
425.431746985332 7493.77760404038
426.223199740513 7492.94215363634
426.22739494381 7492.94214313947
428.179362600667 7492.91195782651
430.028639228596 7493.87169336446
431.957894535473 7494.27179735808
435.232434805506 7494.21572241007
435.492212328693 7494.12675225271
436.737238413497 7493.70003311368
439.397764339847 7491.15407116831
441.167916772639 7490.50890181615
442.53304858044 7489.89436017455
443.688525149712 7490.42043706619
446.008119847252 7491.05550391746
446.878395738587 7490.70342365262
448.761200982696 7490.65250923747
451.526796780588 7492.14509541698
451.664987970502 7492.28236976771
453.980696648962 7494.75419580986
454.074325191474 7494.79623513572
454.152841796206 7494.7955174034
456.369169445958 7494.77426267857
458.713686863535 7493.18794759749
460.295752522206 7493.46387043787
461.611787763562 7494.27246409231
464.600868727719 7493.5731778009
465.767385594483 7493.24866135282
468.463962256825 7492.49876787121
468.54174194953 7492.48884237067
469.535089222883 7492.83321496046
471.094677629094 7493.37376722261
471.760116599567 7493.32104551748
472.907250899894 7493.09188729819
474.475003003053 7491.4758309845
474.625367502833 7491.30797614258
475.835970218965 7488.71019429652
477.838032238772 7487.24954210548
478.114790515742 7487.04758134121
478.230420601719 7486.99498118135
478.341711231191 7486.94440343407
480.802588639041 7486.36930622069
481.931718067225 7485.46337045776
483.803386620727 7483.9618393168
484.103517966919 7483.82938022881
488.345035792879 7482.95021793294
494.091644257 7482.37694426795
499.374221618286 7479.41953524774
499.583431637892 7479.43196450547
500.561973418208 7479.48985774536
502.203587837098 7480.44302040251
502.327799382527 7480.51513905605
503.946105731301 7480.14470307367
505.637604932661 7478.16858834935
505.877358930762 7478.09555943092
506.201575221675 7478.08106952521
507.522007285823 7478.70277203922
508.313856665068 7479.07562173413
510.949956615424 7479.17396861436
511.204710834572 7479.08036568926
512.094634465568 7478.45574627073
516.178933027559 7475.13517513673
517.11574696649 7472.15878769457
518.086386423341 7471.32827727351
518.775590365799 7469.80418930209
520.796092554793 7468.71210595259
520.876298648647 7468.61288860261
521.241421840853 7468.16100249918
521.220541900813 7466.96941510834
519.881367653853 7463.07689284306
520.832643676315 7461.97939904315
520.89186724451 7461.99238560382
522.7711537775 7462.40582756006
524.74827162894 7462.25553417884
525.601842534731 7461.82840101926
526.495903493169 7460.73137833851
527.254325795028 7460.60659108481
527.699625276776 7460.60688408227
529.753004395052 7461.60624800073
532.404926024345 7466.28608528671
533.231502122953 7467.45694178248
534.072381480519 7467.80229587537
534.641908899577 7467.98799019796
536.023688668118 7467.83490815858
537.207643386779 7466.75829742601
538.922324783977 7466.16113320161
540.111907039396 7464.8636689074
540.223687644841 7464.87800810908
541.859898303513 7466.0496029584
543.385932271562 7467.04892294808
545.701832140345 7466.18700214385
547.037220166279 7466.1383991901
548.199233389289 7465.35925786999
548.504593572832 7463.61590882166
548.514474661308 7463.60640574968
549.16476909441 7462.98574386005
550.625681632516 7462.44961920649
552.468820753037 7463.31878946174
552.528707494174 7463.32411588627
552.715432855095 7463.34049952463
555.227425731938 7462.47009690119
556.750198653856 7462.84762510997
558.251117888522 7462.41442008559
558.417255927035 7462.3665116093
558.653191725056 7462.45606472975
559.42669148019 7463.41001376864
559.563500018797 7463.62842294476
559.561769661184 7463.65902736543
559.591103444899 7465.71857196478
559.804246946666 7465.96478379727
560.7266004562 7466.28398645781
561.839141952293 7466.62123653051
561.964252307888 7466.6395737058
563.550178174156 7466.87126874255
565.780485451042 7465.51823341798
565.729828104404 7464.91519969519
567.123586290504 7463.56576018908
567.651552268805 7462.07753191742
569.874262277005 7461.77846525549
571.138107733815 7462.26734673074
571.734941973416 7463.18086571199
572.878457297082 7463.22251970835
572.938395418586 7463.22475128566
574.509592170394 7463.93512638978
577.251544361069 7463.09340239408
577.74366634299 7461.69187805846
578.059181916074 7461.46934983316
578.512795511636 7461.45103013372
580.293638755969 7462.03464060588
581.623826002579 7461.48577797003
583.729519394168 7461.36719285412
585.530160799792 7462.12872587971
587.008872957654 7463.40241517758
588.846328000373 7462.88653845424
590.298535411251 7462.87541218836
590.904581822859 7463.03712846408
592.837950000519 7464.6152066214
594.258849764007 7464.84380785821
595.208201240509 7464.13721041052
595.627158785943 7464.20203203646
597.220976970488 7466.41288385962
597.524932583351 7466.83446482765
597.781388557466 7466.95834271173
599.295173351457 7466.23401121369
600.761406123237 7466.01193204952
601.959783526837 7464.17827141669
602.691364776117 7463.9666351929
602.928891762456 7463.93007787875
603.503725123906 7464.49506905039
602.952503554253 7466.30806469833
602.793312222123 7467.03815156712
602.892672152568 7467.20640818776
603.987942013408 7467.46874153107
605.627499768907 7466.00700063318
606.130668730598 7465.35045439006
606.503708569539 7463.75743314532
605.976025616376 7462.05666073288
605.186649489707 7461.12386701454
605.377032587116 7460.62544550075
605.383493666372 7460.60860812894
607.166747924334 7458.49071113998
609.601596749389 7457.96031551104
610.804490456136 7457.22080935851
612.584126116586 7456.15294013763
612.69388033671 7455.83308827884
612.723077237225 7455.55031645508
612.391396138756 7455.16020607247
611.758839756748 7454.49574635445
611.333290197872 7453.08534875816
611.030060205457 7452.03535298635
611.509365280663 7450.40755421453
613.032503574179 7449.87264450832
614.186012263148 7448.85943326212
614.213974482812 7448.86518668545
614.744719452104 7449.34950588055
615.59711269813 7448.31169393084
616.018951252458 7448.09541235302
617.742544401349 7447.90879485169
619.482172603538 7448.70474009948
620.157590037724 7447.71084379382
620.918353869194 7447.47926894712
621.615273422835 7447.13286538662
621.977330826151 7446.1910298619
622.228066673257 7445.5389631408
623.357824254409 7445.50132719601
623.880111520121 7444.6417416395
625.084496424154 7444.73044238417
625.115118261353 7444.73467668375
626.689049053881 7444.25707185289
627.880959665041 7445.11256591011
628.233279731793 7445.01401444427
629.020886701219 7444.9466448012
630.360767330563 7443.91354633013
630.422728638155 7443.55756541293
629.535024567516 7441.20833265987
629.724291421134 7440.74848557311
629.979033846305 7440.2569683944
631.405187611832 7439.4752399218
632.079833607416 7438.53443923557
632.946610447765 7438.94809579471
632.721110904973 7438.3657235745
633.256539020461 7437.7158772074
635.297021391557 7437.59463390534
634.782265703416 7436.65269580361
635.43465595995 7436.3822516062
635.630593464302 7436.11065099847
637.646815913577 7432.59137695332
637.749987563459 7432.38531814667
637.664077086725 7430.63042988317
637.661486888944 7430.57791680522
637.782680157407 7430.18654834507
638.150383354715 7429.5395827501
638.620578693121 7429.25187452484
638.403920452465 7427.9739896167
639.11695541707 7427.45326618915
640.298584280624 7424.66719567592
640.545482132865 7424.08499926582
639.956177887872 7422.11824867959
640.771306281989 7420.55448661106
640.914470683809 7419.06854323965
640.114403025296 7417.76222773391
639.425857281642 7418.21017974672
639.274208287739 7417.11027567065
639.692149539294 7416.36405503868
641.868519758447 7416.53574178361
643.582019296035 7415.16251007163
643.547832730083 7414.85357428698
643.505739802914 7414.24845857374
644.063215065543 7413.40177761758
643.939743831068 7412.76088136059
642.741415180693 7413.29152704825
640.934299202859 7412.59588169692
640.914903235759 7412.49452677156
641.020490788852 7411.94794868201
641.156099573243 7411.77110003388
641.503169900125 7411.86408276624
642.514666900269 7412.1266293347
642.643694359473 7412.0399278526
643.190983829148 7411.60464620407
642.576075894111 7411.19607716495
642.679782234779 7410.64457850521
643.704449083919 7410.74950892107
644.111369253003 7409.75816759042
645.058784270596 7409.81783036533
644.992623287085 7407.98930165471
646.343730381089 7408.50772624457
646.396084612586 7408.45743365598
645.922385327848 7407.60199136705
646.185632156691 7407.01211258686
645.773773265351 7406.62051803832
645.107915173259 7407.43037217378
644.036306867757 7407.52743587381
643.46585532969 7407.03019146686
642.850603735348 7406.08646719793
642.694210353697 7405.81298325112
643.049402894056 7405.28376348966
643.108529981035 7405.21517515901
643.08201707529 7405.10955387876
642.725034271062 7403.68669909847
643.12603704557 7402.96098693283
642.645764810774 7402.82942078566
641.46611691406 7403.52606617361
641.537685794638 7401.88760350748
641.53921789543 7401.85230591643
640.779863216219 7401.19326915206
641.457465596485 7399.54217526301
640.732373928512 7399.79244276842
639.962468542111 7399.10714076127
640.459266443014 7397.87705664393
642.896516685631 7396.48869662642
642.385500385129 7395.72039888768
643.024816988477 7394.56673411278
642.968072099516 7394.31147696649
642.070042418087 7393.21804966818
642.75458566883 7392.10384587344
642.660521990835 7391.27777315245
641.181792489691 7390.31266973812
641.006856660614 7389.90886455945
640.684547940906 7388.59957380782
640.993379683458 7387.9802267203
641.388653971248 7387.76931439985
641.415773973497 7387.21623713731
641.430931803709 7386.79484231664
642.178094571245 7386.59488407308
641.97018971129 7385.59595900019
641.056843021125 7384.99255244359
642.456235527042 7384.5407957677
642.599044864274 7383.60993210751
642.604029169492 7383.577798767
644.265913101411 7382.83328896717
644.23342512946 7382.27715691071
644.700949377115 7382.20296193525
644.493307623089 7381.55776070128
644.829885658157 7380.67338558205
645.113700025003 7380.8111083731
645.350440111897 7380.93834517639
645.347844734588 7380.92812729816
645.223188544509 7380.43231687054
646.003250529815 7379.57887834697
646.657085096798 7379.8549406398
646.692026459993 7379.12336461863
647.106696893784 7379.22025819356
647.090295777006 7378.96014255388
647.234222029801 7378.88343966688
647.301110885608 7378.10166933659
647.849328664783 7377.82357287127
647.279940471849 7375.89214344685
647.38597141897 7375.45063754361
647.888729192588 7374.19092285252
647.835623496329 7374.13473777075
647.554168296458 7374.00790878712
646.369599034573 7374.68321846646
646.015986380251 7373.76870511296
646.208956451213 7373.19389898968
646.359481545101 7372.72460296044
645.534201437613 7372.1583008046
646.680835387206 7371.45106862412
646.356482818586 7371.14140081882
646.390685988958 7370.79137518681
646.070445294628 7370.26709058459
646.068471658389 7369.6366900319
645.704447865608 7369.55151692366
646.134144744119 7369.3079730875
646.618002048212 7368.17805069361
646.552259929619 7367.83051219275
646.387946195394 7366.96186439363
646.685491222043 7365.85193622392
646.444107894887 7365.11902745999
645.071999927292 7364.19310100472
643.908643503604 7364.19142278004
643.315256024165 7363.85459896347
643.346106151484 7363.11134495336
643.901866900227 7362.54107235719
642.735575944361 7363.12970124483
641.768597006276 7362.86110951753
643.039393152301 7362.02686869922
642.721672733858 7361.75290634829
641.752575651873 7361.83533942361
641.480461066335 7361.50017805637
642.596752308214 7360.89165116933
642.304698047681 7359.65495802987
643.218717717399 7359.02141931617
643.952159425386 7357.34728409351
645.233196950959 7358.55457309287
644.853180902741 7356.54000690782
645.657415277351 7356.09443733836
646.255557220326 7354.73632339451
647.139609944086 7354.39967450984
646.874041462163 7353.57912965343
647.9482742352 7353.52605885006
649.016050486387 7352.94051546147
649.409395306045 7352.85029241522
649.483437565187 7353.24819057444
649.551662143181 7353.58129886026
650.339815010314 7354.17364973184
650.893850159735 7353.75733131897
651.487909418991 7353.18385530813
651.202257950588 7352.6162826308
651.843536611231 7352.3105537399
651.414876116538 7351.87552046772
650.170367227454 7352.16930668827
650.500310679071 7350.95329049121
651.23760721374 7351.13138922075
652.299853186694 7350.65522115973
652.080952558889 7349.96919122726
652.589402135548 7349.5429379627
652.640577508057 7349.46880529016
651.228763473386 7348.91298631177
650.97185491937 7348.30733065827
651.521796467221 7348.07885922357
652.110761169501 7348.50074075981
652.260309823501 7348.44756214583
653.252709047735 7347.43573052713
653.097214954891 7346.84360568605
652.849691184835 7345.90097672142
652.801113556954 7345.64218058676
653.387804670375 7345.67448961804
653.968200202197 7344.89985313436
653.968449897268 7344.21865741251
654.553578312019 7344.25760796823
654.24849554959 7343.62326658556
653.443003917853 7343.34295128331
653.973032326876 7343.10510761636
653.563790288877 7342.88504541495
653.861849059702 7342.22384583236
654.433154883273 7342.28303421298
654.644731205807 7342.78578548906
655.166560176489 7342.71257617779
655.221163318232 7341.90846343853
656.270317392806 7341.88365645842
656.310517842618 7340.71952348915
656.622980104686 7339.98352080465
657.256041881558 7339.02142630523
657.516888557697 7338.75972272479
658.835926173951 7338.38358906669
658.707278873492 7337.28120835927
659.642558767607 7337.27517923257
659.082915894708 7336.56763030037
659.709689601463 7336.24121847462
659.64862439451 7336.16083375044
659.509412043878 7335.51547682182
659.571148442243 7335.20168185886
660.072298125788 7334.92249520864
662.140800177861 7334.24097510981
661.839636962044 7334.01411136547
662.119077057001 7333.38388775485
661.700385082654 7332.86774023075
663.229187081052 7332.20676541311
663.692408686439 7331.61786858074
663.940086818664 7332.00298733267
664.84663921833 7331.74580554859
665.577230265692 7332.14868429845
666.385273952875 7331.55564909194
666.390759813197 7331.41611795899
666.365910403875 7330.82161946968
666.449380932426 7330.70822089687
668.527694573974 7329.461225926
668.958640161102 7329.52749591683
668.998235559234 7328.72731586121
669.431827116322 7328.1450801756
668.621376452617 7327.37266375344
668.647795779317 7325.41230114136
667.983806750637 7323.57442308763
668.439219792775 7322.28619788052
666.977789662428 7321.43496994126
666.968013619839 7321.21583566394
667.488274010597 7320.33925298668
670.357691325901 7318.49167581078
670.368703774996 7318.45960600214
670.611665153569 7317.75375085696
671.314987107538 7317.79073420514
672.048525299579 7316.89173920685
671.703737629366 7316.09431586672
672.31703636885 7316.03483046231
672.70263694968 7315.04242512625
672.43521989261 7314.13213670416
673.03512543475 7313.11469936124
672.680779553067 7312.85374573271
673.682126717257 7312.39818542371
673.549357314482 7312.00145216406
673.83791287789 7311.28914077404
674.197187141251 7310.5951789282
675.212536932419 7310.65276708615
675.604252351495 7310.65568457949
677.124288043197 7309.42495928343
677.22527639668 7309.34322872161
677.53240058889 7309.29915176666
677.675285210481 7308.0624115648
679.467797099717 7308.05294431427
680.15681432878 7306.95471109959
682.028919831405 7307.15546828162
682.537314107584 7306.45391040794
680.299473544415 7304.45963635903
680.05755521868 7304.18503043847
678.357254209399 7302.00246240568
677.225960480676 7299.95299237192
677.218495617444 7299.93305526228
677.061256235771 7299.51416591579
677.421093444162 7298.83305588732
678.161091363705 7300.09071175091
678.61261814862 7299.89128265889
678.698524942229 7299.83089641876
678.923176036068 7299.12650709475
678.378282736098 7297.91785919214
677.148449917755 7296.59406920083
677.348083551731 7295.3383112559
677.027947585236 7294.20456825671
677.855275855941 7293.8897179236
677.847224544572 7293.15087115648
677.528767517768 7293.19706416527
677.65296787131 7292.70584257038
676.984090920696 7292.56953346383
676.943047081505 7292.42373956897
675.955946545957 7292.14268695617
675.200305572259 7291.15382700205
675.351854859273 7290.17319735992
673.130029660988 7289.45592193292
672.710739714628 7289.19411537687
672.744619389347 7288.93261653079
673.547651888563 7287.78244029931
673.44342506744 7286.36847434336
674.133035813717 7285.31137947158
674.05577763052 7285.11092184259
672.980486548575 7284.43952797979
672.938280565494 7283.47723016833
671.62891201137 7284.22475691071
671.192676706571 7283.45237973091
670.561524214448 7283.22825835583
670.693829373099 7282.4603243924
670.375157105677 7281.99719936089
671.021686085812 7280.5221577535
671.027599645695 7280.40328329921
670.888404165903 7279.83870458019
670.461940773842 7279.63127825117
671.743129809262 7278.63623385567
670.873472756379 7277.85313026829
670.784557759723 7277.77600427327
670.614909916542 7276.71914188584
670.731448607881 7276.56755607061
671.374199775684 7275.88164056079
670.403654773117 7273.98220014361
671.416274424764 7273.54238625613
671.068411953814 7273.21764814976
671.884397444787 7272.76073624398
672.082968186115 7272.19321458062
670.828888639228 7271.24851350195
671.501752090853 7270.655032793
671.482896434583 7270.24168366279
672.003803722983 7270.15886681941
672.580951518816 7270.00237428253
674.426460841302 7267.88135712863
675.755903038498 7268.05612073728
676.36344942462 7267.61782848365
677.98346880328 7267.29655418097
678.642630292327 7267.19979317861
681.198961437635 7266.99407970044
681.439776202459 7267.20516408862
681.614927537614 7267.47855661848
681.614918223101 7268.63718100584
682.663936427543 7268.92140428459
682.925273884045 7269.32006003114
683.374083848081 7269.82698498397
683.593374849645 7270.07980271866
684.688204370779 7270.12833124211
685.189424680863 7269.73632082159
686.459667061256 7270.11492672562
688.707566998913 7269.6995784115
689.288790959757 7269.06727575583
689.446911113672 7268.8953726795
691.064417990525 7268.24575070536
691.3509251255 7269.54863077363
691.867702926847 7269.68942456195
692.048065737781 7269.6288293377
692.538537951149 7268.94898105824
692.568387892298 7268.9461356716
693.500179716633 7269.10042817989
693.965427979967 7269.98964000796
694.708399698941 7269.86946681727
695.265893023964 7268.6730420547
695.604985874798 7268.61050178514
696.719408135506 7268.79840962797
696.987328665105 7268.93755602294
697.178439389997 7269.14044642245
697.787982943756 7270.61664883475
698.617708968481 7271.23411775508
698.415455404984 7272.01862473367
698.920734791939 7272.37860377295
699.105079061559 7273.27421785235
698.396521738787 7273.06628013126
698.157888771022 7273.4431341372
698.934619430501 7274.08775699719
699.061928393047 7274.10307652462
700.572574199256 7273.17824413065
701.965915760662 7274.06569265344
702.408163308735 7273.80955080775
702.456900843432 7273.74889077825
701.890672379246 7273.5449293122
701.413968540377 7271.4743628879
701.459977069445 7271.32868255865
702.796941302871 7271.69865878798
703.030109789157 7271.71648792835
703.360080980457 7271.6185650144
703.606146568386 7270.62453739825
704.736997863199 7270.55389705915
704.80963678856 7270.51737189349
704.923169347391 7269.89611496031
706.098528787371 7269.70735144991
706.56829847194 7268.36344452468
707.894080520286 7269.6036937301
709.713578378413 7269.42486765458
710.231234375754 7269.42716146609
710.943617570825 7268.56028521876
711.357060118668 7268.98915232709
711.422806375835 7269.18832598147
711.348226177173 7269.44685198856
711.262794494408 7269.74281361888
712.297441489463 7269.94231530408
716.017466573556 7270.20920279389
717.334447155579 7269.36006384222
717.415802849602 7269.37759520801
717.686362999656 7269.61659634518
716.731531990619 7271.26466267381
717.260194969195 7271.4267920658
718.551590282287 7270.42974417005
719.746961752615 7271.45009330757
720.550484906977 7271.24988387351
721.471704352952 7269.42036088358
721.503079729625 7269.357932353
722.650436451565 7269.21085350238
723.806137112773 7268.54970630084
724.745605482295 7266.81225724275
725.718970161534 7266.95764043638
726.9383694327 7268.64666470587
727.358882077233 7268.35970886476
727.261940098329 7267.05540397091
728.123761947134 7267.13645662523
728.199156040341 7267.15694725542
729.232551861068 7268.09623443284
729.675978353977 7267.80894668631
732.355640182547 7268.47752444993
732.994765099155 7267.79274885171
733.687086239976 7267.03424165529
733.743160647169 7267.06746441846
733.92756015319 7268.79509766249
733.352552545367 7269.55665356932
733.944674547849 7269.70699835259
735.082248431054 7269.42502449847
735.625534098073 7268.56320649767
735.264849788123 7268.04282870531
735.545937867016 7267.67707530676
735.035251251928 7267.10771126963
735.58559904849 7266.41771392889
735.010650170072 7266.45606941031
735.230313825496 7266.07510743999
736.60085113729 7265.5373422005
736.947434999075 7267.12660624592
738.625356410365 7267.36315180832
738.269523198347 7268.27179195884
739.467581200978 7268.70426047459
739.641705296535 7268.71162834522
740.00635819091 7268.35427447987
741.19868306453 7269.64524893455
741.528928206676 7269.48361931523
742.656601689783 7269.56304455332
742.886937845293 7269.43486514855
743.946122033825 7268.28322208916
744.621714494539 7269.25288124752
744.712988944094 7269.25727520357
744.971280316833 7267.71042546696
746.036803597844 7266.57482443398
745.93636097312 7266.00044183389
746.836352651331 7264.88764159218
747.649265984001 7264.95376085284
747.70014102384 7264.21000752881
748.39252438131 7264.05639611468
748.483280823152 7263.25161066021
748.978198850975 7262.99991486779
749.92435564026 7262.5187725045
749.651604915277 7261.94923508662
749.94428526342 7261.69492620652
750.593462164748 7262.00899088409
751.695923441339 7261.49129477414
752.361784998246 7262.102864255
752.932683213743 7261.64619317419
752.458560443502 7261.52471839845
752.614521367575 7261.01355845945
752.056978158426 7260.17627621128
752.132568371804 7258.90736459111
751.589786011879 7258.90001563304
751.113628676955 7258.39919612171
751.087863454415 7257.11163412433
749.709922365328 7256.58878344829
748.863062941056 7256.01874498058
747.088493646147 7254.2998618818
746.71051263537 7252.656750349
747.053349941233 7252.35109880529
746.384046342972 7251.85302876231
745.787305835065 7249.74634028554
746.107863625476 7248.77940319033
745.869584664584 7247.92096486108
747.578931116079 7247.4976689793
747.855543513334 7246.79883657293
747.586522131913 7246.20489905176
747.935501215807 7246.21474176311
747.922073656585 7246.16160118767
746.671008752959 7245.62045144773
746.550679506853 7245.10722859838
746.882241714228 7244.70586432974
746.540567937688 7243.78335039658
746.106678980036 7244.48442281015
745.264074274229 7244.49000939385
745.170281186367 7243.6196885835
745.743369235597 7243.49972624324
745.786052565199 7242.06506435963
745.446313637008 7241.59704763387
745.37161824083 7240.48788838041
745.379927624884 7240.44710280896
746.053978176856 7239.65987351129
746.098288414482 7239.56065625222
745.437223325941 7239.08132191279
746.047964606229 7238.33348487522
745.086058582563 7237.85264237408
745.550824865128 7237.2805419994
745.569913570936 7235.93338506141
744.538348706361 7234.57040954965
743.437382466666 7234.39181553462
743.329426818699 7233.46361825522
742.73436751472 7233.32900970158
742.436623642249 7232.53572356529
742.313070539816 7232.20651157083
742.275825232588 7231.50446882313
742.303338696088 7231.46457590469
742.346706302652 7230.96788738094
742.350462413846 7230.79379169779
743.319793882681 7230.70526175981
743.227910056628 7229.60025233255
744.029500280833 7229.01376682374
743.883551283135 7227.16430643032
745.257339564106 7227.17452487724
745.305498148124 7227.08755026258
745.537293700026 7226.57248370972
746.13997961362 7226.05401475729
746.208646421896 7225.8330221468
746.130476739924 7224.19869322424
746.474390036455 7223.49011316997
747.22264383538 7222.74398311369
748.565877436978 7221.81829989993
749.241608373728 7221.61121389273
750.008606922019 7223.24411524615
750.908124071167 7223.46103471059
752.084641226548 7225.85008275464
752.371803374978 7226.17419908888
753.072353586893 7226.81231744332
753.909336950834 7226.80113372346
753.84736071231 7228.19575348467
754.926336390358 7231.28660265274
758.921123867239 7233.53948002766
760.73184525387 7233.74690209821
761.353691358513 7234.75890986969
762.974295071921 7233.52142085353
764.465882303598 7232.95142883862
764.676414977407 7232.17399285749
765.037523840138 7232.01387518791
766.955612402596 7230.23556386448
767.367352423264 7229.30198930636
767.275303980984 7228.39772957719
768.502509453602 7228.42411069289
768.698809001774 7228.01299836476
769.169560616549 7228.39890217799
770.009071769511 7228.31491733139
769.949303472798 7226.36053510667
768.997527074627 7226.02674518813
768.973103859742 7224.58574106271
770.608329747627 7226.10812708259
771.023182610679 7227.38632563432
772.365444101368 7228.8760037978
772.536232940955 7229.63317000667
773.197995078762 7229.61739160701
773.96013665775 7228.38749906067
774.644158988186 7228.62597879521
774.688137576656 7229.95452160212
774.817741058253 7230.11653405443
774.757209176553 7230.52055513692
775.278482127809 7231.49387060924
775.251378568458 7231.76296293363
775.604154149716 7232.55010193969
776.246303019857 7233.06152195234
776.580476810655 7232.51671521337
777.089003056668 7232.63242609424
776.687878670216 7233.68626118528
776.984170560163 7234.07996365901
777.454710303543 7234.59487406082
778.027003242395 7233.40367593132
778.537668737546 7233.10373170649
778.710057892568 7233.00244902669
779.01845945303 7232.31176375875
779.646482532847 7232.04481893112
779.322307626707 7231.43842806611
780.246406608424 7231.17087656093
779.36464252958 7230.49772505224
779.392056764773 7229.89544580122
781.049378937393 7228.87632211394
781.590089949259 7228.96701904022
781.505045466134 7228.12610343112
780.959620510926 7227.43691643955
781.268882610484 7225.60003794494
780.829683518386 7223.67058894001
781.418381512504 7223.26195536025
781.198950154658 7222.69003594298
782.91144997089 7220.32747559372
782.911453858209 7220.15237209004
782.911434886738 7219.54345200154
784.17595240879 7217.77530235141
784.170468935716 7217.26371094566
785.624951101988 7216.12885629685
786.642520521899 7216.01278065576
786.084428689799 7214.9659157641
785.421365089476 7214.71998161086
785.495513453069 7213.45881548653
784.560510185409 7212.11347479105
784.3860631833 7211.91310926747
782.858613474958 7211.07948079824
783.459148159412 7210.06461416923
784.343895252775 7209.17995722278
784.439129161162 7209.19471068935
785.954913172217 7208.81574191007
786.612904625996 7207.4924337147
787.016289152706 7206.7500191667
790.627087494832 7204.17015374638
791.991820812601 7204.99900525565
793.605101743564 7205.25761452248
794.003633162112 7204.83504568895
794.599799017601 7205.16391004727
795.971957183734 7205.23124149597
796.504502744616 7205.9961920755
796.258231161869 7206.40321643573
796.494725062236 7207.63147301323
797.511098772178 7206.67626959239
798.081943650774 7207.37626787888
798.682060410978 7207.46757384876
799.325877872989 7207.35525141668
799.468157789733 7207.23761833561
799.248231726297 7206.69860762114
799.88021311828 7206.15515162861
793.472706212181 7200.29126843048
792.171405725053 7198.71269565336
792.032362566348 7197.30754971967
792.371841825363 7197.66020003712
791.98766774652 7196.86110167953
788.654463441595 7193.93770016304
786.524145319062 7191.68069143254
783.559430441474 7187.65507560071
781.682483955888 7184.44175003808
780.680033640169 7181.09178126216
779.802973308482 7180.27429261973
778.392288225589 7180.19207232357
775.767545293544 7179.7437669023
772.74050786089 7178.10202772027
770.447824850781 7177.69776543764
773.702717253194 7175.32867653313
772.323714595588 7171.77342311349
771.728586108206 7171.41044959735
771.198174807529 7170.3257883289
771.419424643947 7169.44874698871
770.93060728005 7169.59646956003
769.886945816689 7168.47178724614
769.214503342194 7167.38080425404
765.337541477893 7167.52739246358
763.093065644209 7166.47773956414
759.574267630431 7163.41100404973
757.066646853046 7160.05689919963
753.178310465337 7153.57188671651
748.034613179315 7143.9452806338
746.811882664388 7139.6672273732
747.133848690205 7138.71657538611
746.9568756925 7138.49235819948
746.367998328025 7138.86471752565
745.584004739739 7138.4025893696
744.134005778049 7137.88530488385
744.043927652501 7137.27503401564
744.248421375774 7136.31192574053
743.710902309792 7134.69864450265
744.502774090781 7134.12365060054
742.761735478466 7130.84838328931
741.128154589161 7126.36009481727
740.812289115393 7125.29410069181
741.198610469516 7124.64321134269
740.825189107603 7124.63848128882
740.297754185877 7124.63185896844
740.10664959307 7124.24816178059
739.172722455215 7124.40015396889
739.242674948131 7123.87921791199
738.901284727732 7124.22198013598
738.204355826159 7124.13631702289
738.210273255415 7124.97043124835
737.892428098849 7124.65641042333
736.911095333165 7124.64681193014
736.990118607443 7125.45619579193
736.304939410867 7125.83868912176
736.46366609321 7126.29364560191
735.952087609825 7127.07073135405
734.06274802948 7125.70286167227
733.959691961673 7125.09402779814
733.318663368052 7124.53257390068
732.655286950645 7124.72991163237
732.195588179899 7124.3544341367
729.159785400343 7124.16000026842
718.276598490922 7124.44950929817
704.145459161978 7124.82541155602
705.137488696256 7123.79735597033
704.466600200258 7123.50262849468
704.026233056881 7123.72950311664
704.017166048417 7124.47523921453
703.393162666238 7124.18655850368
702.356348555799 7123.93560954458
702.152632102256 7122.99115467114
701.539896313541 7122.68236601783
701.760002484439 7122.25658928091
701.289060934057 7122.25880190054
700.351150881579 7121.47157914214
699.847730504794 7121.56489025699
699.445981359927 7121.0579711565
698.115047942954 7121.10823252549
698.05746808543 7121.1535836623
697.209181916557 7122.39200377494
696.081204361381 7122.39973864164
695.486234453418 7120.73512941292
694.969454933453 7120.94440128448
694.623173333071 7120.59162296783
693.292639780508 7121.83690990762
693.069465886524 7122.92337899339
692.473594457101 7122.19727032782
691.076855627221 7122.55353643254
690.82699986144 7121.83531810426
690.665573329661 7121.82185371972
690.193437480652 7121.94680285429
689.469476399442 7123.04280513298
688.874817687569 7122.3687928079
687.621699350709 7123.38708814424
687.000983046751 7122.946334563
687.257277524062 7122.59772933668
687.202670570816 7122.48835451597
686.019582938453 7121.26954863556
685.864400909362 7121.76230495831
685.472752410248 7121.90295608913
685.348523917921 7121.4681576975
685.028886219093 7121.91346474899
683.942719828895 7122.17160688921
683.447308301299 7122.90123835909
682.635058475017 7122.83662002401
682.032028671486 7122.05293306152
680.953100752687 7122.09420054498
680.966176779618 7121.58243343242
680.57290311515 7121.30813665199
679.378889620805 7121.09061485422
679.004831885949 7120.26478764032
678.365219387914 7120.43625850588
677.571702852831 7119.67711952937
676.658285013913 7119.71576324547
676.311195136643 7119.65446907661
676.406645961112 7118.9853807066
675.825824342239 7118.2467234264
674.76071335786 7117.59015972588
674.541924657023 7116.92763371701
674.710066039485 7116.26038766249
674.328839011544 7116.04568269592
674.454337105973 7115.65673943373
674.404176267475 7115.62438714184
673.363254427136 7115.72650933029
673.545286552981 7115.18527993947
673.146616741503 7114.70403484382
673.442727299559 7114.41098047613
673.065307167565 7114.34745978691
672.527913186917 7114.5105936401
672.622506704438 7114.10032010201
672.323460165783 7113.98301982501
671.759845494675 7114.4418307479
671.337483139013 7114.47462903283
670.577760254617 7113.7834224067
670.506626414986 7113.4638806085
670.448455413388 7113.20239755155
670.483992391656 7113.00231744154
670.841322419961 7112.83525812675
670.510936195097 7112.30749749931
670.776444190992 7112.46959380727
671.026506159321 7111.81936037394
669.927956685144 7111.65183125084
670.185688174911 7111.03820024455
669.650422744453 7110.63777479243
669.517881291703 7111.02746753676
669.239917915596 7111.03644117225
668.190088470624 7111.07061282233
666.504729992497 7109.93324422642
666.544406646251 7109.41933445186
665.748305171021 7108.95408432083
665.238596905968 7109.07961312349
664.867236067881 7108.43896421962
664.442032356606 7108.44465862718
664.568607128974 7108.16915428941
664.0638659257 7108.0811477473
664.243630226367 7107.89283911188
663.853450627018 7108.07072293257
663.921158377776 7107.69948644395
663.274563352542 7107.37349943282
663.356776439951 7106.99303607629
663.061816704959 7107.18736465381
663.06689240149 7106.7442588372
662.762742109206 7106.807901051
662.900531377575 7106.02358708364
662.641065659048 7106.28738358099
661.600096199323 7106.0276189564
661.182923382294 7106.04465259751
660.926473511119 7105.58186793697
660.864969417512 7105.66356864942
660.361684507612 7106.51936921045
659.932106737111 7106.635394531
659.247175947 7105.43931511413
658.270014636025 7106.38481536091
658.193210449242 7105.02791089517
657.878342509302 7105.1923576518
657.744902284331 7104.8999899083
657.061027168733 7104.73302284537
656.252710363759 7104.29184240048
655.938173382339 7105.19820819296
655.523940825775 7105.28405291809
654.007237134403 7105.38137979954
653.452942468167 7104.21096108129
651.945477722103 7102.83886275649
651.209451266145 7103.4395533369
651.306320954912 7102.95333665451
650.898005924334 7102.25716072762
651.190910833949 7101.88289309558
650.496760133904 7100.8799613013
649.876371171886 7100.91475605234
650.368551101276 7100.01581485801
650.75483822122 7100.17476454581
650.765964445713 7099.71641272414
650.0118096198 7099.22663512798
650.193254525908 7098.93661231453
649.536441942271 7098.86900391369
649.406112634384 7098.36049614842
648.665048724453 7098.9411093487
647.848931124502 7098.30753509149
646.941116614778 7099.39321597786
646.906507616967 7098.6132278273
646.240642167655 7099.68644389461
645.845861483224 7099.82121995225
645.771781061731 7099.78968059658
645.565200596632 7098.71759087171
646.182339613355 7098.35299038281
646.007953841668 7098.01088303102
645.281455110759 7098.57666767885
644.661349696295 7098.5819195753
644.644401332792 7098.55798289974
644.733868705998 7098.46475608715
645.046153868279 7098.06222586527
644.326490106763 7097.22872099821
643.115350567102 7097.68995058803
642.074224076547 7099.83726234743
641.966057095217 7098.36434607255
641.828933839585 7098.2741775013
641.185471306185 7098.05438751547
640.764034236565 7098.06214758439
641.102717941466 7099.46587296436
640.592349343721 7098.8158473569
639.98676507347 7099.04474021494
639.677472593683 7098.31046695816
639.625678423115 7098.34856807283
639.256039685924 7100.10764761125
638.656369110475 7099.88787450379
638.400857241689 7100.6042440311
638.14570359668 7099.86803677759
637.708599242022 7099.69701399459
636.353199882977 7100.49409976769
637.285777264881 7101.28906043716
636.856971658959 7102.44354097564
636.209863367626 7102.44660161851
636.477614220149 7101.2453771127
635.307520349647 7100.3979781704
635.179576547285 7100.41316120396
634.974555965854 7100.5462325447
634.871741578062 7101.09036160489
635.021782552152 7101.92723420435
634.522711557455 7102.2391235046
634.582730073581 7102.88614945094
633.84989146252 7102.91505947105
633.515525342801 7102.4065933436
632.696092524229 7103.09683720174
632.470733917591 7102.44149746347
631.844256166833 7103.03062874242
630.920463295813 7102.78492683998
632.241098578947 7104.15238367695
631.034833318999 7104.08640350088
630.036348367794 7105.77691055007
628.87478739053 7106.57945492852
627.259804491009 7104.74533504787
627.041563392237 7104.89846459662
626.239970366785 7106.3052025303
627.465025137545 7107.77215638249
626.372022729216 7107.94167066477
625.9311574545 7108.36279617392
625.099656039145 7108.21386904746
624.866320316341 7110.36091262957
624.746112886157 7110.52170122498
623.52225345374 7111.12241036908
623.192816283926 7112.12835334037
622.389662783429 7112.4623670896
622.117678719969 7111.8466052776
623.156330469528 7111.50807174878
622.602488622108 7110.58620934552
622.138177774307 7110.52076143735
621.230176969637 7112.58041956228
621.175001223391 7111.44067469284
620.691645075899 7111.22590386509
619.539685476855 7111.84038966264
619.170858956307 7113.99937800837
618.398285216458 7113.36774848994
617.540268578597 7113.4893683121
616.942669508971 7114.57181863979
617.017757594057 7115.99014786877
616.965659958159 7116.08993763958
616.003821538102 7115.3397122447
615.665950867397 7115.72412608798
616.652408475826 7116.35535747381
616.790176083236 7117.90225989505
616.482899512687 7117.98322191392
615.840563799165 7116.68640809276
615.777347366668 7116.67456982561
614.515730589687 7117.29397789667
613.819030747091 7117.7012992987
613.585117322182 7118.6602385414
612.978705320941 7118.97774139388
613.511952688733 7119.93087328434
610.888701708059 7120.59145923254
610.203453788426 7120.09368013416
609.654122602288 7120.87652061084
608.53824766102 7121.08749560616
606.530017422809 7120.31973326535
605.999947959855 7121.06114740006
606.634085230324 7121.87175805105
605.931743043204 7122.90372337154
605.861216217352 7122.90463329215
604.753841578661 7121.73417963132
604.118289638228 7121.59837703284
605.262048569411 7120.461826318
602.767791942619 7117.45969678985
602.282326759067 7118.00932662104
603.419827487407 7119.40775156041
603.610323367863 7121.10540049799
603.32563820072 7121.6178397488
602.873826949616 7122.01784209362
600.721108017782 7122.64088100859
600.220299043999 7122.17691968622
598.918296756204 7122.39131925721
598.908179383536 7121.09195640059
599.728890298775 7119.62720407315
599.413466243189 7118.92526090516
597.244974819926 7120.58516618347
596.840650821702 7120.73908229125
596.284583312078 7120.95077752774
596.077379239214 7120.97279433387
594.388174802986 7119.91065441886
593.561251019398 7120.28214456646
592.757239845695 7120.10962179944
592.360001192619 7118.94023927326
592.226530738855 7118.85214546724
592.096157499518 7119.02932704898
591.93547566315 7121.26511070593
591.578252989895 7121.38807050361
590.837725672463 7119.16302934216
588.992419437542 7117.44641113365
588.867257649414 7118.07434060083
588.197417670078 7118.28212831805
587.920207615734 7116.89340352373
586.567317253706 7119.21350416362
585.073431142575 7117.57055912334
584.788014627345 7118.36171521585
585.852644034576 7120.97704650304
584.906292920051 7121.468009775
583.63402832085 7121.0568535442
582.866938729001 7121.26704280985
582.074324868075 7120.87397402249
581.793187453112 7120.24646111503
582.396390373168 7120.27906297429
582.887844862318 7119.33723159832
583.574928671675 7119.26762566322
583.682235432674 7119.9828549364
584.454655157044 7119.38582405295
583.811149939173 7117.99813233303
582.900527465331 7116.80741347008
582.52557028445 7116.74610775815
581.762312765228 7115.31440773189
580.720712358689 7116.13243816713
580.601370527625 7116.83727724709
579.223358890702 7117.26152001758
579.043924732667 7117.7459027369
578.156763070474 7117.77703174381
577.615488131934 7117.35576537382
576.626887795355 7118.86987695939
576.448426197535 7120.07199462172
574.892824083138 7120.75412089863
574.527549227305 7119.93220266094
574.830091275416 7118.4181858574
573.205769549749 7119.39689907137
572.343734181463 7118.38129822154
570.142175183161 7117.99507479046
568.197867466125 7116.54480579682
567.793125844242 7115.18465743116
566.803542856628 7114.8755403687
567.437670242727 7113.22023686368
566.998700900192 7113.14654592566
566.749828723644 7112.15393904055
567.331954112917 7111.37551202301
567.455223848466 7110.42402389593
566.669980972617 7110.56267074488
566.586992986208 7110.22034520998
567.770406842649 7110.18878679693
567.620443751452 7109.19687638396
567.110608510346 7109.84508994261
566.72918689789 7109.24184748181
565.895186606487 7109.6810565678
564.713273802599 7110.94191873028
564.016376703321 7111.16487419683
563.886056263202 7111.92115542689
563.283600765393 7111.71324014497
563.149586851794 7111.80458542936
563.85586916991 7113.67106866355
562.853706827345 7115.28600310017
560.060381308299 7117.15075800735
559.681006411128 7117.78556502065
559.209805908799 7117.60002177839
559.155240088341 7116.89155659865
559.045404069168 7116.8854404043
559.009366975917 7116.90400057033
558.180514851586 7117.33110223901
557.984516747355 7117.35766359507
556.657022051745 7117.42801344491
556.039653987118 7118.49283733466
555.008864169448 7119.33064925814
555.064188218194 7119.78993480072
555.682148221687 7120.22372761617
555.579455642017 7120.3282086012
554.59164933704 7120.66653418327
554.115240735303 7120.08243851808
554.062114634796 7121.20587265029
553.178805095062 7121.15704894904
552.883892723843 7121.84624467253
552.309617214905 7121.52987802732
552.422251392352 7120.39024945076
551.821793413886 7120.74725989469
552.031684082601 7121.25513164684
551.023769719895 7121.22483968838
550.626904833525 7121.21294129136
550.013361325209 7121.58652949631
549.563079945244 7120.67087992573
548.675224768164 7121.32462236592
547.842142124395 7120.81589166851
547.781500641174 7120.77885935032
545.158361926864 7119.83198418634
545.063762459505 7119.87254976095
544.538525419128 7121.68461808629
544.502015040991 7121.8675684605
543.696197559002 7123.51965721497
542.857151738291 7123.82622232962
540.860657342878 7121.80112024292
540.806778501363 7119.54010706048
541.683723896593 7118.93052935595
541.998305259865 7118.91647626992
543.287318577813 7119.6263993207
544.484142446904 7119.59287039985
544.921163277592 7119.29069177894
544.71049137221 7118.10032016899
544.333955959929 7117.61323770666
543.665333949833 7117.24793441417
541.348362670357 7116.5295406244
540.267971623898 7116.45189485534
537.172641859511 7117.27272042651
535.908052552746 7115.5292609884
535.418216374936 7114.21486280412
535.386092283292 7114.12875178087
534.276623896999 7112.85452742393
535.187002507827 7110.25930589235
534.900146736209 7109.75676095826
534.273610846276 7109.23779090298
532.713853438629 7108.39936117013
532.1606877603 7107.90293166234
531.248939227659 7106.07071127331
530.035468959734 7104.20012076617
529.81273320798 7103.85679265946
529.457389961148 7103.60983708418
526.798890449482 7101.76165570263
528.450100934296 7097.86639183348
528.118010317555 7097.17742940098
526.738428818997 7096.62775190013
525.421743579184 7097.00960236156
525.308890143727 7097.15081332968
525.330527858433 7098.8486708618
524.134141464041 7099.74002341177
520.650987541122 7099.07913779068
519.733098524306 7098.57070012402
518.80408823113 7097.91990242534
517.379299428218 7097.01256406814
516.763556240953 7094.75368175648
516.07890239984 7094.26036938191
515.811140102601 7094.41534859314
515.315149024032 7094.7023860119
513.673681214974 7097.44872505386
513.083299091097 7097.47723970319
512.068585123018 7095.62879886363
511.782611620594 7093.51638630826
510.888253591187 7092.66656430872
510.071045480328 7092.30966623837
509.987256675841 7092.29315007283
509.068356021663 7092.76383528466
509.181305627653 7096.45111582004
506.495338353086 7098.41406368619
505.818440070456 7098.36695101036
505.620767739249 7097.49050228375
506.811902986133 7094.5975289091
506.22319476361 7093.37633671098
505.526380255634 7093.02862941593
504.670348359158 7094.45596064477
503.071825041117 7095.03168852751
502.978068924977 7095.12876908555
502.729430526858 7096.67166569489
502.512332179077 7097.08762966993
501.031558252056 7098.17356403304
500.852590541014 7098.27648057952
499.95748735023 7098.79142591199
494.492443465549 7097.18483252885
493.724459724279 7097.38281618164
492.010954962237 7099.03629354509
491.636279926356 7098.86080023402
491.177623208858 7096.89749418883
490.565017461697 7096.63043849275
490.643049512715 7095.63142513925
489.831340428825 7094.8904639019
489.524473577169 7093.80962456736
489.058878055761 7093.96204226566
487.796328483202 7093.35096903196
486.360025795215 7093.33766269397
486.222423052183 7092.62331184724
485.631611791683 7092.65755595869
485.056768236432 7093.34333186275
483.64515562046 7092.90819954596
483.649742110369 7092.02119984947
483.04791509154 7092.01215045378
481.855444126258 7091.13943146943
480.65634473071 7090.8574374599
479.704963067653 7091.20976209338
479.2020199904 7091.39597567876
478.424059142328 7089.52525171042
477.631813853301 7088.7353983463
475.744998081067 7088.33280238407
475.512547805212 7087.72994554091
474.890930914466 7087.42394305487
474.443131174009 7086.32928303536
474.468419131944 7086.11478512883
474.921642571064 7085.69925263097
474.764963657479 7085.44068345263
473.87697855914 7083.97488579447
474.503542080441 7082.86032670521
474.795271084074 7082.61248037566
472.996583919391 7081.50997144748
472.962309737558 7081.48310393433
472.250017249843 7081.0442755948
472.481597915891 7079.77257853283
471.159523559893 7079.97555872417
470.845178456835 7079.5124320645
471.319685329057 7078.39752199758
470.307508069915 7077.82780684305
470.21167876342 7077.77383979716
470.358625614507 7077.47487235473
470.921149216702 7075.87142226521
472.631436667365 7074.89929960312
472.05612277802 7073.98170988133
472.30059843909 7073.52778615467
472.935585894761 7073.65767441166
473.308793065919 7073.23953541129
474.687165472806 7072.95947823986
474.031212187145 7072.15659870445
474.991348834627 7071.76013579955
473.434661230832 7070.86483473217
473.968495448103 7069.89339861397
473.237843584549 7069.95077794289
472.671772516656 7069.23747422845
473.218274126124 7068.87621986585
472.896648254347 7068.36583425094
473.791921637554 7068.08435377401
473.503734317215 7067.49092502189
473.894082087455 7067.44779445118
474.400313583199 7066.67096089897
474.955539715245 7066.60729897279
475.393376334161 7064.63403501544
476.13543679969 7064.50761266595
476.037121395886 7063.91585273419
477.714485577148 7063.29768177363
477.102124610981 7062.79996391761
477.224829576079 7062.039645477
478.395397811374 7061.22813138371
477.63380870626 7060.46369840751
477.372764026618 7059.44396592817
477.693273177916 7058.58467981456
476.326110759072 7057.34524854247
477.240748042937 7056.07385430867
476.808934444254 7056.20069013783
476.329145260458 7055.72482631074
476.178305456742 7054.70135837824
474.258870189141 7054.98091279262
473.385833389844 7053.62480314991
472.376513189355 7053.81792193892
472.594751574621 7053.3250410233
471.865786052127 7053.11963151928
471.799577355418 7051.8563518948
469.567687054664 7051.72196610368
469.044550390079 7052.07561482876
467.781784999073 7051.522578823
467.281339756029 7052.3346189598
467.027791661667 7052.54237021854
466.650720046427 7052.50425405865
464.860386281574 7052.04201539576
463.670893433986 7051.33266577495
462.036499237794 7051.22544408338
461.06977892846 7050.73288553216
459.617844743052 7049.36823125077
460.913673463612 7048.33605723633
460.905608074921 7046.92470863612
460.344300330884 7045.52130159024
459.073169691611 7044.81161623128
459.502521276586 7046.6585242447
456.692747603629 7048.03344826544
456.265843453596 7050.34820513665
454.654236745986 7051.81323664819
454.744462429373 7053.28444700839
453.793180948307 7054.77785355224
453.396015665246 7055.34025331125
452.683438388794 7055.62365744298
451.612976039682 7055.25527567623
451.810503105744 7056.43808283204
451.131175916483 7057.1410206887
450.789558133851 7058.91997581785
449.062608363886 7059.56503520208
447.211458631217 7058.59354960856
441.809076171965 7058.72867691188
440.461397347281 7059.25763863077
438.754589093204 7058.72185152315
437.214721182622 7058.91320855588
435.655794052602 7060.37796245083
433.767574099114 7061.45209117058
430.790998156565 7059.51416912558
429.852009636703 7059.72560953861
426.894178932405 7060.39182011572
421.319524829646 7058.77302531658
420.597469183005 7058.89672825516
420.071236818057 7059.05327946671
418.480399533982 7059.81680648983
417.985030263498 7059.5687499946
415.987304533992 7058.13641848107
414.859117268415 7058.4145859053
413.167447191686 7057.58021698161
413.022891737004 7057.54434006468
412.412147099074 7057.88021015026
411.936992978699 7059.08139679291
410.409492543401 7059.68105123278
407.567090085543 7059.21056354864
405.708726907885 7060.79706516639
404.411265987396 7060.31812435544
403.234632075225 7061.04666709508
402.207926552061 7060.91428803384
401.880089920679 7061.2663251798
399.289453690279 7061.17448544614
398.869498883649 7062.15498743349
398.372385070852 7062.41550410492
398.278648241494 7063.14316335304
397.395564036963 7063.35588712965
397.117379413963 7063.99568701988
395.650202529427 7064.59705954274
394.875678141247 7065.3455856843
394.372393190895 7065.13161838855
393.93703415318 7065.82651854154
392.652247934098 7065.55588359504
392.510711644621 7065.61324962344
391.58562339331 7067.4498224405
391.054979304272 7067.04078185003
390.88984130874 7067.32439722222
390.664127798629 7067.9412557055
390.550613842292 7070.09898479972
390.399826901117 7070.37616351596
389.139663250968 7071.11392444711
387.70984046097 7071.03605642336
387.457646283282 7071.09655348974
386.963840301728 7071.71225847407
385.928427560419 7071.32174729246
384.598345593817 7071.53741681162
381.792718121106 7074.44405361705
381.308319299242 7074.35250026889
379.964970346848 7072.81290107164
378.349089446231 7072.1363065652
376.15728348355 7072.42226315148
375.49131314598 7073.31092452735
374.93202410029 7073.3173600856
374.05283571507 7073.3275571726
372.943438914279 7072.49651454643
372.121324765364 7072.45673765782
371.959880841292 7072.91153547063
369.883223923099 7074.84573758132
368.042458045126 7074.83254057899
366.750437859655 7074.57147038271
366.196658043024 7075.51620962977
365.089421129915 7074.72927082412
363.661202099228 7075.6713647002
362.732205318266 7074.79298865742
361.676929938703 7075.36176052436
360.951757452648 7075.83306325669
360.283777640249 7076.6909082642
360.095482879394 7076.12844601943
358.230616198756 7075.04497738707
357.83363664343 7074.96042037184
356.029011488151 7074.78498489137
355.130225344242 7074.6976262434
354.303889834699 7074.77643780809
353.923820678157 7075.02175677384
353.871366474213 7075.1004030754
352.740261054477 7076.79757033205
350.787043731424 7076.93215857554
348.108267721799 7079.05157982207
346.502012912851 7078.65750366391
344.881616549687 7077.7913565548
344.467538314693 7078.19446263447
343.919864367128 7077.89843981419
342.519812900393 7078.13870094119
341.020878321932 7077.3346558234
340.984127573019 7077.31490439326
340.280546055881 7077.47138054782
339.575361516789 7077.62813776492
339.037686435868 7077.91510934253
338.860295398934 7078.06738233744
338.563456569163 7078.72451466706
338.300988885746 7079.49819270531
337.038105325887 7079.97156065121
336.794454742955 7080.60338855443
335.891091190427 7081.07554723952
334.586878343193 7081.75716703263
334.536333155328 7081.78360068804
332.505441315246 7084.16925755272
330.347743254304 7083.67089297686
330.105396524715 7083.61494542261
329.496131207453 7083.86529996072
328.493228666554 7083.597667074
327.805811874787 7084.58883027864
326.584054265778 7085.25515570802
326.169073450369 7084.8837988808
325.196037174091 7084.96518353322
324.408362178991 7084.01342715909
323.933399962175 7084.17099134726
322.788073237454 7084.55088015086
321.286003827835 7084.03822207212
320.543959459422 7084.32861386174
319.508453896927 7084.73387951733
318.911043762159 7084.86141649121
317.815844708447 7084.79146545533
316.136453071416 7084.43937262985
315.584232477156 7084.90259333132
313.26282477832 7083.22580165123
312.617257986027 7083.02749264766
311.926230142378 7083.08753405086
311.012531174821 7083.04128029727
309.582911613135 7083.09153399844
308.739008835905 7083.51897784848
307.756735695932 7082.92375546501
307.270410252198 7082.84962697987
306.689129283898 7082.8096066648
305.385987100072 7082.7199744184
301.800521324954 7084.31325943232
301.382030180883 7084.26371802919
297.6813082175 7081.78909568292
295.802715169393 7080.53285326144
292.45492610921 7079.59877701248
291.449246474351 7079.37871070235
291.062600276213 7080.19003820047
290.425228267873 7080.07958640561
289.739899047121 7080.35223462364
289.538665278737 7080.86982137594
288.033976590072 7081.1214727656
287.198650903879 7081.8818072118
286.924216595042 7082.78142795336
286.405836412195 7082.98076146169
285.859280966 7084.25136871904
285.084530471248 7084.41554381864
284.348596913153 7083.64985814179
284.175343315083 7083.59271130727
283.521189099496 7083.94392684528
281.996424381861 7084.39105273575
280.659284344222 7085.92008005414
279.889406863847 7085.9466093218
279.720517215317 7086.04211797788
277.267502411234 7087.77576015142
275.763782528369 7089.40015064369
275.13018011462 7089.23617641601
274.87256463518 7090.2440364558
274.128600157131 7090.4122590215
274.355845426171 7091.33342087423
272.93154926993 7093.44321968733
272.265384479015 7093.53051593316
272.202168581814 7094.94619373436
272.114395554051 7095.01158039778
269.702608368151 7093.49863640988
269.150087185806 7093.53434969256
268.30505003162 7094.08241948556
266.717193960818 7093.97529975363
266.646092798809 7094.58163723615
265.771649487925 7094.83123420242
265.731765189467 7094.76917997724
265.201368708961 7093.9440784089
264.62359494737 7094.57731984499
263.882082634791 7094.2661929862
262.708567542432 7095.33593700875
262.23441826801 7094.54495301993
261.746159403868 7094.8548302032
258.283376062177 7091.57854637899
257.995854731412 7091.45501867414
257.111471369371 7091.17315515011
256.248835736612 7090.89819643801
254.265735836 7089.28499566214
253.060142303409 7089.82644057845
252.591940576725 7089.50770594031
252.50889377278 7089.45124204493
250.686713422066 7088.37073095107
248.171166432918 7089.43641860584
245.222689999396 7089.38182686331
245.109879953332 7089.45643123244
245.03737916004 7089.60524413236
244.82304786212 7090.04527711121
243.306589605859 7091.21047733775
242.316908268832 7091.37083065072
241.616122361087 7093.38144095499
239.348519298601 7093.02929657913
238.2524950685 7093.1865057286
237.757652209042 7092.82328130065
235.927597264771 7093.59334846263
235.728182702014 7094.15743410002
236.51850863581 7093.99090721581
235.852249741884 7094.89242458431
234.937928332157 7095.68160536501
236.093734920921 7097.80086390472
235.037132057569 7098.69289281117
235.072045126236 7100.05236365837
234.346181385685 7100.26484818241
232.910411660529 7102.05358213408
232.176204400922 7103.31183039634
230.062141747441 7104.57097846238
229.352577887807 7106.04523147093
228.383217166164 7107.44982302642
227.673347440326 7107.11782043405
225.85782564582 7108.32689573506
225.713556657706 7109.36199688694
226.185786173885 7110.36234233987
226.007263361182 7111.75120707237
226.467619876232 7113.55010876103
227.251880275892 7114.12681124755
226.9728585907 7114.56534868399
226.91904029511 7115.25183818395
226.357309457033 7116.67772938825
225.485951235023 7116.98964394342
225.205928769938 7116.41583838398
224.596628147593 7117.18544854281
224.189991379617 7116.81181246555
224.264110181331 7117.6797910635
223.85298943322 7117.91893494224
223.453019249366 7117.38523553709
222.683221206213 7117.95909701426
222.596937204139 7118.6166292704
221.76639563861 7118.9630341243
222.121127322987 7119.55357133157
221.514133436677 7119.83286612279
221.75878565484 7120.38290566944
220.488646134486 7120.64497610372
220.473384226231 7121.40045555931
219.858062878303 7121.13501151041
219.231815552019 7121.77215015162
219.62757396809 7122.40767993395
219.482373632262 7122.9339730064
219.10915843638 7122.97342735645
218.800861372325 7122.40779773741
217.954081182208 7122.41137314405
217.812731362941 7123.29285700266
218.269339139658 7123.54554901063
216.045099680624 7124.34552328963
216.142618564371 7125.11631159024
216.846755837809 7125.35377572337
215.650493212809 7126.32017119046
215.259358994847 7128.58524200075
215.50363427341 7128.72227506451
216.317171799204 7128.97881178127
216.145560113503 7130.09602303142
216.939961543253 7129.14620371483
217.49841556714 7129.23016023624
217.195263516229 7130.36206616757
217.64207817834 7130.98471617256
216.796713732632 7131.12641459469
216.049912609159 7130.61357509057
216.1594876429 7131.46250403472
217.170150664717 7131.79911589598
217.488671808875 7132.40942245976
217.065729224809 7132.79297828394
215.925511436536 7132.77298856866
215.975319915545 7133.14674076578
215.681626682243 7133.64254548027
214.720962444449 7133.53027882105
214.41220808403 7134.04596997579
215.477542369242 7134.20786054473
215.462623390759 7134.72845229787
216.323792473966 7134.69621416891
217.025642479153 7135.3937596062
215.731425367524 7135.71504894599
216.124706199298 7136.81116377027
215.185825956601 7136.62667947096
214.847681303851 7136.95762785081
215.654317993664 7137.27011315759
215.895724549504 7137.75733819953
215.084077067295 7138.99078018262
214.396980684769 7138.61316696276
214.374815527148 7139.38194083378
214.85752090235 7140.23267490969
215.696469487888 7140.6089403641
215.400331566056 7141.56010054765
216.485912275789 7141.89043755342
217.240412988452 7141.52892433404
217.300171765682 7142.00247578122
216.378824186596 7142.3912064012
217.006375394231 7143.37685636788
216.894309967474 7144.2273034008
214.851968325372 7144.39433484834
215.808378018741 7144.85539320222
216.079874566962 7145.39763196846
214.859347610398 7146.62590651796
213.495649807297 7147.07496210793
214.217771325538 7147.97537780473
215.156055598501 7147.77923930009
214.922004983295 7148.69592003843
215.735665506246 7148.74146846241
214.22932320714 7149.88626580323
212.581211725858 7149.47642778509
213.230817655636 7151.66922967015
212.915295666973 7152.52539357258
212.058447462057 7152.21304917482
212.277079426623 7152.81365414764
211.118743171296 7153.48392933004
212.553499285061 7153.86786071711
211.652883346024 7154.95246111794
212.942614552361 7154.40617239021
213.504381330457 7153.59620438173
214.011027148061 7154.07622488523
213.532871480807 7155.3825024328
213.990225186916 7155.47196362512
214.75737974831 7155.80757060995
213.065477995968 7156.61985955321
213.451771721144 7157.31734417128
212.740252615091 7158.60501503882
212.724602695319 7158.93345915908
211.321054614228 7159.432179469
209.925511896485 7158.65175061853
210.58633719907 7160.09710769237
211.223253946924 7160.34677443699
210.99089810592 7160.92281870449
210.194930209164 7160.49660996785
209.325983093468 7160.69008231028
209.973842538651 7162.57555492185
209.524966478255 7162.94579588105
207.546236511452 7161.39349903992
207.39143028304 7162.17781728559
206.931594646174 7161.75390918125
206.696109426428 7162.07495642235
207.313533681236 7162.92070737334
207.153941243144 7163.55880138642
205.409856176825 7162.86856213995
204.599703586752 7163.15148554053
204.47878625076 7163.99984031069
203.935843386397 7164.00526220401
203.927228330081 7163.14906572228
203.475576392927 7162.71754264682
204.294282715704 7161.83714452517
203.674669064823 7160.07235992192
203.254762990031 7160.09486418853
202.533580682832 7160.64314734725
202.74742854775 7161.94232400835
202.254815833874 7163.75988933297
201.275450705338 7163.55862972904
200.999784155218 7163.93863453275
200.948309398025 7164.60721186092
201.617740208508 7164.88162557141
201.617629571868 7165.2440711958
199.55388899727 7166.76306173347
198.567363902356 7167.31918400401
197.565299296274 7168.7739703719
196.588235565442 7169.10150417294
195.636150758987 7168.67768878534
194.500371841939 7166.87930394452
193.626311803056 7166.70997863092
192.583079616902 7167.50918843212
191.44545276868 7169.40655473907
190.566493468108 7169.54131686005
189.666651841998 7166.67842526239
189.708869919198 7163.67442959447
189.401538328944 7163.04683127915
188.829897612054 7162.82364863287
187.562614442261 7164.51343719198
186.072307055255 7168.46415915526
186.364957028465 7169.8081022019
188.684836161413 7173.54162336393
189.041094799769 7175.95889176682
188.39283598986 7176.53436495335
187.449811535057 7176.50517613036
183.983443595371 7173.6377545513
182.335049221821 7171.35486061839
181.072877470019 7171.29631564865
179.30513631356 7172.03924561775
177.759064908538 7171.25637527602
177.5915813395 7169.98913868275
178.05181800087 7169.32979900287
180.458848639222 7168.56722832662
181.120389233175 7167.69522154747
181.174751312508 7166.92059590124
180.69167779683 7166.46184499983
178.556393741644 7166.72216447132
176.096008027288 7168.60668566286
175.393436640368 7168.76912049864
174.716269536858 7167.90469736533
175.019798818726 7165.42461861381
174.457851098657 7164.85926582358
173.529613097433 7164.91432325345
172.105673792443 7166.42086670419
170.383199367933 7169.3244690552
168.910857070013 7169.15469717648
165.581933370603 7167.48969244373
163.948882848623 7163.55082573142
162.992110443126 7163.49207817842
161.410308651622 7164.9372067963
159.873409249577 7164.40366292194
159.553862761424 7163.65449176086
159.744617003416 7161.77632031966
159.185416759454 7160.38481551233
156.08808200837 7157.66702588707
156.426327781469 7154.33428410909
155.761588153752 7153.57393021692
154.878923269492 7154.00995009507
153.834300987491 7157.5687983359
151.77176742805 7159.94638963588
150.294183583872 7161.0659203725
148.402636230603 7162.34930503551
146.325124677422 7160.8360053814
145.778367776795 7160.82680489368
144.75245730567 7161.88004494485
145.062274869408 7163.75973505412
144.287323325276 7164.40276886157
142.745951805639 7165.21544207484
141.739081090341 7164.79258803438
138.973310430136 7164.56430440542
138.826509913196 7169.89625235321
138.094104824176 7172.34780764988
137.920579221446 7176.49000669523
136.225198280586 7178.1263679225
136.0091130246 7179.440492031
136.111708972261 7180.05166797195
137.107060862898 7180.72323870337
