2125 4011.1
4.5 3975.8
3192.8 16.9
3248.2 67.3
3424.5 11.9
3434.5 16.9
3565.5 157.9
3948.3 299
4114.5 293.9
4200.1 263.7
4336.1 606.2
4356.3 777.5
4346.2 842.9
4079.3 913.5
3998.7 1276.1
3746.8 1386.9
3741.8 1336.5
3429.5 1215.7
3142.4 1240.8
3076.9 1633.7
3157.5 1729.4
3535.3 1920.8
3585.7 1920.8
3348.9 2102.1
3263.3 2233.1
3182.7 2253.2
3001.4 2238.1
2966.1 2348.9
3001.4 2525.2
2905.7 2631
2905.7 2751.9
2835.2 2787.1
2810 2751.9
2815 2686.4
2719.3 2666.3
2689.1 2701.5
2618.6 3008.8
2658.9 3134.7
2699.2 3149.8
2679 3240.5
2603.5 3356.3
2517.8 3391.6
2507.8 3436.9
2482.6 3487.3
2225.7 3784.4
