585.6 3553.4
537.6 3497.6
1078.8 3825.8
2414.4 3303.2
1604.4 3957.2
581.4 3515.6
677.4 3312.2
483.6 3516.8
1531.2 3923.6
548.4 3573.2
1647.6 3907.4
1713.6 3915.8
2238 1925
2085 2151.2
1570.8 2448.2
1728 3692
1738.8 3466.4
2865.6 2426
1719.6 3627.2
1587 2704.4
1534.8 2451.2
2777.8 1806.8
583.2 3958.4
2544.6 1349.6
1712.4 3588.2
4298.4 612.8
2284.2 2318.6
1596 2781.2
1306.2 3386.6
1623.6 3410.6
1495.8 2385.2
4058.9 509
1932 1870.4
1297.2 3405.8
2270.4 2327.6
2587.2 2649.2
2566.8 2657
1580.8 2692.4
2491.2 2472.8
1515 3726.8
2736 2351.6
2081.4 2582
1261.6 3393.2
2062.2 2413.4
1686.6 3432.8
2458.2 1904
1918.8 2976.8
1488.6 3501.8
1659 2773.4
1317.5 2700.2
4076.5 523.4
1380 2763.2
1757.4 3353.6
1362 3024.2
2296.8 1787
2180.2 1899.8
1677.6 3554
2169.6 1769.6
2286 2661.2
3407.4 1878.8
710.8 3281
2794.6 2207.6
2880.4 2173.4
739.8 3412.4
2818.8 2520.2
2887.8 2568.8
1482.4 3465.2
1465.2 3548
2848 2375.6
1942.2 2080.4
1499.2 3758.6
1287.6 3303.2
1306.8 3401
1362.6 3504.8
2113.2 2944.4
3032.4 1731.2
2091 2537
1734 3561.2
1776 3593.6
2904 1674.8
2832.5 1795.4
3450 286.4
3933.7 893
3988.9 647
861.6 3521.6
1224.6 3165.2
1915 1836.2
2059.1 1834.4
2375.4 2402
1797 2671.4
2052 2298.8
2462.6 1511
2911.1 2254.4
960 3346.4
2101.3 3887
2707.2 2050.4
1438 3515.6
1573.7 2852
2035.2 3411.2
1338 3224.6
2484 1499.6
2515.9 2502.2
3229.7 452.6
1361.4 2681.6
2949.5 1548.8
1273.9 3192.2
1685.6 2610.8
3282 542
1989.7 2883.8
2350.1 2240.6
1871.8 1999.4
1712.2 3683
684.6 3518.6
2941.1 1647.8
1143.5 3400.4
1509.6 2498.6
1258.8 2713.4
2721 2562.8
4071.7 832.4
2056.1 3882.2
1497.5 3766.4
1705.8 3600.8
1954.9 2547.8
2394 2575.4
3120.4 1890.8
2240.4 2112.8
2001.6 1948.4
2586.6 2112.8
2480.8 2105.6
2505.7 3143
1601 2672
1424.8 3696.2
1147.2 2987
2185.2 2165.6
2311 1974.8
2317.2 1354.4
2886.4 2410.4
2901.5 2025.8
2845.1 2180
3943.8 437
2676 1615.4
1459.6 2360
2424.4 1308.8
1747.2 3545
2118.5 3088.4
2840.4 1728.8
3191.2 554
2998 2014.4
1902.4 3487.4
2365.2 1535
2601.4 1980.8
1795 3699.2
2916.4 1658.6
2883.5 2043.2
1864.6 3645.8
2793.6 2023.4
1471 2848.4
2912.8 2099.6
1801.7 2650.4
2322.4 1935.8
2944.9 2129.6
2815.2 2038.4
2207.3 1916.6
2766.4 2403.8
2998.2 2000
1900.9 2268.2
2912.4 1942.4
1747.2 3466.4
2034.1 3918.2
2102.7 3967.4
2835.5 2518.4
2774.4 1762.4
3777.6 390.2
2137.2 2144
2770.8 1792.4
2505 2253.8
1629.5 2736.2
3119 2052.8
2210.4 1713.2
2689.2 1716.2
2307.4 2630
1454.4 3502.4
2371.2 1477.4
2046 1701.8
3661 409.4
1588.9 2732.6
2838.7 2340.2
2269.8 1316
2114.8 2351.6
3343 2039.6
2217.5 3648.2
1574.4 3269.6
1989.5 3365
2320.9 1289
2007.7 1967
1951.1 3879.2
2785.4 2596.4
1929.4 1888.4
2641 1124
2669.9 2280.2
3036.7 1923.8
2316.6 1208
2301 2304.2
2490 1730.6
2208.4 2561.6
3053.2 1706.6
3913.3 397.4
3784 400.4
2162.9 2979.8
2654.3 1496.6
3966.5 529.4
1882.8 1895
3869.8 627.8
3783.6 335
2446.9 2100.8
2394 2140.4
3079 1889.6
2165.3 2041.4
2439 1343.6
2333.2 1977.2
2250 1539.8
2224.9 3726.2
668.9 3377.6
822.4 3151.4
2710.7 1545.8
3734.3 356
4039.8 629
2765.9 2292.8
1074 3482
2214.2 2283.2
1406.4 2763.2
2624.3 937.4
1884.1 2154.8
1370.8 2855.6
1006.1 3257.6
1425 3576.2
2963.3 2127.8
2579.2 1691
2109.6 3560
2462.8 1693.4
3043.6 1667.6
4000.6 498.2
3714.5 743.6
1331.8 2750.6
2270.6 3576.2
2059.7 3185.6
3326.6 316.4
1515.6 3340.4
1775.2 2725.4
4174.3 551
2164.1 3704.6
1703.2 2655.8
1388.8 3678.8
2022.4 3410
2948.4 1763.6
1536.4 3839
919.6 3373.4
2897.8 1798.4
2516.8 1508
4129.6 767.6
3461.9 168.8
2118 2577.2
1356.5 3514.4
1854.2 3810.2
2476 2601.2
2537.3 1124
1574.4 3428
2011.1 3381.8
1657 2460.8
4127.8 603.8
4174.6 837.2
2031.6 1669.4
3916.8 915.2
1261.6 3355.4
2302.6 2176.4
1467.6 3460.4
1308.5 3203
2499.7 1580.6
2684.6 2132
1281.8 3011.6
2142.1 2961.2
1381.6 2434.4
2137 1472
1972.9 1847
2132.8 1674.8
3378.1 1960.4
1584.7 3335.6
2340.4 1393.4
2013.5 3609.2
2226.4 1861.4
2415.7 2537
4037.2 644
2615.3 2707.4
1512.6 2438.6
2768.4 1874
3006.5 1869.2
2421.4 2788.4
2821.3 1923.8
4233 647.6
2262.8 3432.8
2212.1 2480.6
2733.4 1943
2534.3 1810.4
1906 3963.2
1520.2 3530.6
1921.3 2652.2
4076.2 414.2
4200.2 800.6
2084.6 3776.6
1810 3300.2
2930.2 2535.8
2727.7 1439
3676.3 332.6
3169.8 429.2
1942.7 2294
1643.5 3630.2
3499.8 257.6
3819.7 725
2845.8 1575.2
2421.4 2642.6
4072.8 332.6
2238.2 2743.4
2393.2 2294
2172.5 3435.2
1938.3 3666.8
2906.8 2735.6
2625.4 2798
2470.9 1878.2
2332.9 3506.6
3933.8 828.8
1634.8 3396.8
1973.2 3647.6
2971.4 2507.6
3433.4 466.4
1125.1 3346.4
3568.8 1900.4
1659.7 3358.4
2496.4 2877.8
1903.4 2314.4
1173.6 3812
3244.3 231.8
2585.2 3318.2
2958.2 2316.2
2174.4 1366.4
1455.1 3685.4
728.6 3513.2
4143.4 486.8
882 3317.6
2024.3 3352.4
1978.1 2142.2
2726.4 3171.2
2139.5 3867.2
2395 3086
2748.2 1654.4
2611 2575.4
2089.6 2210
3309.7 162.2
4144.8 701
4301.1 724.4
1878.4 1749.2
637.6 3435.2
2188.8 2035.4
2510.2 3225.2
2603.3 3042.2
3353.2 2193.2
2852.9 2601.8
2041.6 1631.6
2504.2 1590.8
2281.6 1659.8
2579.3 2753.6
1117.2 3467
2410.9 1091
2290.2 1860.2
3258.4 1895.6
1693 3685.4
1980.4 2033.6
2485.2 3396.2
1993 3105.2
2864 1089.8
1837.9 2951.6
424.1 3612.8
2501.9 968
1775.9 2489
2702.3 734
1427.2 3842.6
1692.4 2315
773 3297.2
1615.4 2174
1629.8 2165.6
1879.4 3128
1781.6 3040.4
429.8 3923.6
1376.6 3387.2
2406.2 2919.2
2963 555.2
1697 3021.2
1703 2067.2
473.5 3560.6
1530.1 2862.2
2947.9 384.2
2067.7 1511
1125.7 3768.2
1789.9 3066.2
1098.1 2719.4
1912.9 2519.6
2984.5 1234.4
3297.7 777.8
1735.3 3165.8
2958.1 699.8
1892.5 2798.6
1585.3 3134
3566.5 889.4
998.3 2852
1489.7 2318
1004.3 2927.6
1559.9 2347.4
3475.1 436.4
3241.7 666.2
1663.7 2137.4
2833.7 1386.8
1101.5 2910.2
1943.9 2997.2
1111.7 2823.2
2719.1 937.4
1146.5 2864.6
2823.5 1051.4
1906.1 2670.2
1709.9 2382.8
1316.3 2982.2
1375.7 2565.2
462.5 3855.8
3529.7 1227.8
794.9 3246.2
1799.9 2793.2
1623.5 2964.2
1996.7 3240.8
1662.5 3160.4
1828.7 3408.8
1976.9 3002.6
2797.1 1175
542.9 3932
430 3689
1571.2 2799.8
1504 2843.6
1243.6 2758.4
677.2 3465.2
751.6 3132.8
670 3736.4
1544.8 2379.2
353.2 3633.2
2002.6 2892.8
2060.8 2033
1099.6 2724.2
1542.4 2273
3316.6 551.6
629.2 3941.6
2162.8 1962.8
1729 2842.4
1270.6 2496.8
1066 2774
2512.6 1073.6
1653.4 2506.4
2375.2 3029
1687.6 2994.2
2242.6 2043.8
1853.2 2507
1334.8 2507.6
2627.8 773.6
1744 2369
355 3930.8
1681.6 2921.6
2189.2 3110
1756 2148.8
1783.6 3215.6
2734.6 1276.4
3120.4 990.8
1822.6 1865.6
1213 2924.6
1762 2642
1662.4 3903.2
1945 3296.6
1002.4 2956.4
1988.2 2324
1858 2948
530.8 3756.2
1516.6 3077.6
3299.2 245.6
950.8 3477.8
1462.6 2942
2213.2 3256.4
3005.2 1566.8
1032.6 2807.6
613.2 3639.2
519.6 3682.4
446.4 3708.8
2372.4 3268.4
733.2 3558.8
286.8 3734
1048.8 3287.6
858 3097.4
826.8 3081.2
927.6 2948
954 2954
1033.2 2810.6
1036.8 2806.4
1041.6 3284
1404 3163.4
675 3560
352.8 3682.4
1000.2 3515.6
775.2 3539.6
1332 3305.6
724.2 3469.4
440.4 3704
897.6 3479.6
848.4 3594.8
1059.6 2898.8
2155.2 1958.6
2123.4 2000.6
2149.2 2160.8
709.2 3475.4
544.8 3450.8
250.2 3796.4
642.6 3683.6
1134 3812
1002.6 2863.4
1317.6 3373.4
2153.4 2092.4
532.2 3700.4
676.2 3425.6
723 3424.4
579.6 3642.2
1743.6 2344.4
1818 2006
2119.8 2071.4
2059.8 2171.6
1009.2 2858
2185.2 1726.4
1623.6 2594.6
384 3876.8
1398 3267.2
810.6 3377
2668.8 2364.8
2098.2 2142.2
831.6 3437.6
692.4 3380
569.4 3658.4
883.2 3196.4
1887.6 1967.6
2131.2 2072
2166 1949.6
1121.4 3160.4
976.2 3501.2
1777.2 2800.4
502.8 3682.4
480 3788.6
1251 2542.4
1857 3100.4
838.8 3039.8
1816.8 2089.4
1230 2787.2
1279.2 2697.8
345.6 3707
1026 3159.8
2562 1748.6
1665.6 2960
851.4 3114.2
2665.2 1336.4
1614.6 2891.6
963 3073.4
849.6 3314
1794 2969
974.4 3059.6
1179 3440.6
1517.4 2376.8
1728.6 2874.8
670.8 3430.4
1377 3086
908.4 3670.4
853.8 3945.8
2190 1972.4
2539.2 1504.4
1628.4 2594
592.2 3497
1429.8 2349.8
1304.4 2835.2
1024.8 3182
2742 976.4
2702.4 1252.4
1342.8 2756
1444.8 3112.4
685.2 3819.2
814.8 3906.2
2619.6 1434.8
2600.4 1497.8
1903.2 1974.8
1384.8 2845.4
2070 2092.4
2614.2 1534.4
1212.6 2567
1490.4 2621.6
1514.4 2914.4
987 3149
1015.2 3323.6
2080.2 1829.6
1840.2 2100.8
1276.8 2699.6
2668.8 1390.4
1612.2 3872
491.4 3723.2
2544 2409.2
1605 2550.2
1844.4 2955.2
1471.8 2414.6
1251.6 2576.6
1591.8 2769.2
1671 2692.4
1854 3873.2
1124.4 3313.4
2118 2052.2
2065.8 2093
1648.2 2700.8
1486.8 3740
2054.4 2158.4
1544.4 2303.6
964.2 2874.2
525.6 3717.2
1468.8 2269.4
1296.6 2885
835.2 3045.2
1166.4 3064.4
1455.6 2780
1952.4 2916.8
1837.2 3824.6
3212.4 965.6
1934.4 2126
1315.2 2832.8
276 3826.4
934.8 3825.2
1958.4 2856.8
2600.4 1200.8
2007 2073.2
1797.6 2092.4
1890 3097.4
473.4 3703.4
665.4 3801.2
1734 2018
1842 3063.2
955.2 3083
928.8 3512
1629.6 2387.6
1293 3030.2
1533.6 3275.6
1657.8 2072
1765.2 3734.6
411.6 3848
1374 3476
272.4 3752
652.8 3936.8
1467.6 2285.6
1550.4 3052.4
1820.4 3010.4
1708.2 2553.8
1736.4 3011
1717.8 3103.4
1729.8 3181.4
475.2 3879.8
1884 2186.6
3000 677
1810.2 2544.8
1701.6 2511.8
1410 2625.8
1157.4 2946.8
2064 2078
1250.4 2738.6
1416 2687
1645.8 3116.6
1815.6 2571.2
1411.2 2585
1020 3087.2
912 3005
250.8 3757.4
1726.8 3750.2
1420.8 2357.6
1898.4 2370.8
1512 2625.2
1665 2948.6
1809.6 3011.6
3171.6 534.8
1231.2 2603.6
972.6 3198.8
3404.4 280.4
372 3621.2
1614 3188
1635 2421.2
1314 2795
1759.2 2832.2
1269.6 3549.8
1597.2 2141.6
1171.2 2653.4
1968 3068
1014 3271.4
1394.4 2774
464.4 3882.8
1428 2832.8
1491.6 3252.2
1903.8 2477.6
1138.2 2664.2
1760.4 3839.6
2335.8 2687.6
1094.4 2732
483.6 3845
291 3936.8
1604.4 2324.6
1403.4 2809.4
1475.4 2783
267.6 3723.8
1482 2511.2
230.4 3848
2506.8 1205.6
1034.4 2930.6
1393.2 2723.6
909.6 3212.6
1786.2 2966
925.2 3006.8
1602.6 2903.6
2092.8 2120.6
3068.4 191.6
1373.4 3143.6
2564.4 1208
1347.6 2808.8
1077.6 3119.6
2654.4 1066.4
1677.6 2237
2070.6 2613.8
1508.4 2558.6
1884 3036.8
1542 3195.2
2716.8 824
1148.4 3931.4
2329.2 2612
2163.6 2275.4
2197.2 2058.8
402 3852.8
877.2 3144.2
1380 3042.8
1027.2 3094.4
3270 688.4
1599.6 3784.4
3004.8 603.8
1975.2 2589.2
440.4 3760.4
1028.4 3689
1221.6 2589.2
3310.8 452
747 3627.2
1180.8 3385.4
534 3538.4
1520.4 2949.2
2261.8 3111.8
1430.4 3119
2197.2 2064.8
1246.2 3462.8
1735.2 2396
1419.6 2549.6
1770.6 2822
1163.4 3168.8
1557 3519.2
1529.4 2355.2
1869 1742.6
2504.4 981.2
1426.2 2631.2
1872.4 1832.6
3586.6 862.4
2452.9 1074.2
343.2 3654.8
2733.6 1051.4
1509.6 2355.8
1522.8 2540
1894.2 2208.2
2451.6 1008.8
3625.1 842
1900.8 2549.6
2151 1850.6
1963.8 2370.8
1822.2 2010.8
3097 497.6
1868.4 2030
1721.4 2739.8
1866.6 1932.2
3178.2 1965.2
1501.2 2660
1845.6 1937
3501 990.8
2143.8 1409.6
2457.6 2210
3236.5 685.4
1683.6 2651
3121.6 1235.6
3131.4 1214.6
2995 500
3487.3 962.6
2117.9 1454.6
2928.4 891.2
3521.2 830
3525 930.8
3037.6 1538.6
2527.2 910.4
3426.4 1907.6
3071.4 863.6
1468.2 2657.6
2970.4 456.8
2566 1028.6
3091 767
3041.8 822.2
2470.8 1046
1983.6 1596.2
706.8 3425.6
3475 420.8
3370.7 1194.2
2966.9 453.8
3218.4 493.4
3411.8 1138.4
3399.6 935
2532 881.6
3146.2 194.6
3739.3 1022
2949.6 2406.8
2909.8 1247.6
3130 186.8
3412.8 1158.8
2748 2376.2
3271.6 1094
3771.6 773.6
2998.2 996.8
3123.6 1905.2
2589.6 2201.6
3879.6 604.4
3742.9 1051.4
3238.2 1214
2825.8 2229.2
3652.1 876.8
2847.4 932
3691.6 948.8
2505.6 2340.8
2904.4 2291.6
3133.2 1036.4
2673.4 912.8
3520.9 1056.2
3775.4 989.6
2559.4 1065.2
3068.8 368
3428.3 354.8
2986.8 350
3158.8 698
2793.6 1380.8
3483.5 1103
2718 2180
1623.8 2139.2
3516.4 1067
3181.7 1907.6
3167.2 332.6
3829.7 590.6
2905.4 570.8
2565.7 974.6
2896.2 746
3116.5 2015
2599.4 828.2
1937.4 1940
2772.2 840.8
2988 1119.2
3054 1823.6
3224.7 116.6
3164.8 513.8
3638.3 725
2976.4 1458.2
3866.5 1300.4
3493.7 585.8
3831.7 1127.6
3570.5 773
2762.8 943.4
3403.3 641.6
3101.8 245
3130.1 646.4
2966.5 854.6
3513 1222.4
3432.2 1139.6
3149.4 1242.2
2490.1 2421.8
2983.2 935.6
3255.6 184.4
3124.8 914.6
3469.6 1205
2440.8 2367.2
3350.3 630.2
1652.6 2805.2
2268.1 2973.8
2978.6 365
2785 650.6
3661.3 1160
3859.3 1244
2652 801.2
3175 1834.4
3283 2001.2
3941.4 1078.4
2718.1 2407.4
3639.9 797.6
3944.9 1170.8
3387.1 531.8
3103.8 1478
3017.2 412.4
3376.1 828.2
3655.2 1287.2
3219.4 860
2910.5 402.8
