0 0
1 0
2 0
3 0
4 1
5 0
6 0
7 0
8 0
9 0
10 1
11 0
12 1
13 1
14 0
15 0
16 0
17 1
18 0
19 1
20 1
21 0
22 0
23 1
24 0
25 1
26 0
27 0
28 0
29 0
30 0
31 0
32 0
33 1
34 1
35 0
36 1
37 0
38 0
39 0
40 1
41 0
42 0
43 0
44 0
45 1
46 1
47 0
48 1
49 1
50 0
51 0
52 1
53 0
54 0
55 0
56 1
57 0
58 1
59 0
60 0
61 0
62 1
63 1
64 0
65 0
66 1
67 0
68 0
69 1
70 0
71 1
72 0
73 1
74 0
75 1
76 0
77 0
78 0
79 1
80 0
81 1
82 0
83 0
84 1
85 1
86 0
87 0
88 0
89 1
90 1
91 0
92 0
93 1
94 0
95 0
96 1
97 1
98 0
99 0
100 0
101 1
102 0
103 1
104 1
105 0
106 0
107 0
108 0
109 1
110 0
111 0
112 0
113 0
114 0
115 0
116 1
117 1
118 1
119 0
120 0
121 0
122 0
123 0
124 0
125 1
126 0
127 0
128 1
129 1
130 1
131 0
132 1
133 0
134 0
135 1
136 1
137 0
138 0
139 0
140 0
141 0
142 1
143 0
144 0
145 0
146 0
147 0
148 0
149 0
150 1
151 1
152 0
153 0
154 0
155 0
156 1
157 0
158 0
159 0
160 0
161 1
162 0
163 0
164 0
165 0
166 1
167 0
168 0
169 0
170 0
171 1
172 0
173 0
174 0
175 0
176 1
177 0
178 1
179 0
180 0
181 1
182 1
183 1
184 0
185 0
186 1
187 0
188 1
189 1
190 1
191 1
192 0
193 0
194 1
195 1
196 0
197 0
198 1
199 1
200 1
201 1
202 0
203 0
204 0
205 1
206 1
207 1
208 1
209 0
210 1
211 0
212 0
213 0
214 1
215 0
216 1
217 1
218 1
219 0
220 0
221 0
222 0
223 0
224 1
225 0
226 1
227 0
228 0
229 0
230 1
231 0
232 0
233 0
234 0
235 1
236 0
237 0
238 0
239 1
240 0
241 0
242 0
243 0
244 1
245 0
246 1
247 0
248 1
249 0
250 0
251 1
252 1
253 0
254 0
255 0
256 0
257 1
258 1
259 1
260 1
261 0
262 0
263 0
264 1
265 0
266 0
267 0
268 0
269 0
270 0
271 0
272 0
273 0
274 1
275 1
276 1
277 0
278 0
279 1
280 0
281 0
282 0
283 0
284 0
285 0
286 0
287 0
288 1
289 0
290 0
291 1
292 0
293 0
294 1
295 1
296 1
297 1
298 0
299 0
300 1
301 0
302 1
303 1
304 0
305 1
306 0
307 1
308 0
309 0
310 0
311 0
312 0
313 0
314 1
315 0
316 1
317 0
318 0
319 1
320 0
321 1
322 0
323 0
324 1
325 0
326 1
327 1
328 1
329 0
330 1
331 0
332 1
333 0
334 0
335 0
336 1
337 1
338 1
339 0
340 1
341 0
342 0
343 0
344 0
345 0
346 1
347 1
348 0
349 0
350 0
351 1
352 1
353 0
354 0
355 0
356 0
357 0
358 1
359 0
360 0
361 0
362 0
363 0
364 0
365 0
366 1
367 0
368 0
369 0
370 0
371 0
372 1
373 0
374 0
375 0
376 1
377 0
378 0
379 0
380 1
381 1
382 1
383 1
384 1
385 0
386 0
387 1
388 1
389 0
390 1
391 0
392 0
393 0
394 0
395 1
396 0
397 0
398 0
399 0
400 1
401 0
402 0
403 0
404 0
405 0
406 1
407 0
408 1
409 0
410 0
411 1
412 0
413 0
414 0
415 1
416 1
417 1
418 1
419 0
420 1
421 0
422 0
423 0
424 1
425 0
426 0
427 1
428 1
429 0
430 0
431 1
432 0
433 0
434 1
435 0
436 0
437 1
438 1
439 1
440 1
441 0
442 0
443 1
444 1
445 1
446 1
447 0
448 0
449 0
450 1
451 0
452 1
453 0
454 0
455 0
456 0
457 0
458 1
459 1
460 0
461 1
462 0
463 0
464 0
465 1
466 1
467 0
468 0
469 0
470 0
471 0
472 0
473 1
474 0
475 0
476 0
477 0
478 1
479 1
480 0
481 1
482 1
483 1
484 0
485 0
486 0
487 0
488 0
489 0
490 0
491 0
492 0
493 0
494 0
495 0
496 0
497 1
498 0
499 1
500 1
501 0
502 1
503 1
504 0
505 0
506 1
507 1
508 0
509 0
510 0
511 1
512 0
513 0
514 1
515 0
516 0
517 1
518 1
519 0
520 1
521 0
522 1
523 1
524 1
525 1
526 0
527 1
528 1
529 0
530 0
531 0
532 0
533 0
534 1
535 0
536 0
537 0
538 1
539 1
540 0
541 0
542 0
543 0
544 0
545 1
546 0
547 0
548 0
549 0
550 0
551 0
552 1
553 0
554 1
555 0
556 1
557 0
558 0
559 1
560 0
561 0
562 1
563 1
564 0
565 0
566 1
567 0
568 0
569 0
570 1
571 0
572 1
573 0
574 0
575 1
576 0
577 0
578 0
579 0
580 1
581 1
582 0
583 1
584 1
585 0
586 1
587 0
588 1
589 0
590 0
591 0
592 0
593 0
594 0
595 0
596 0
597 0
598 0
599 0
600 1
601 1
602 1
603 1
604 1
605 0
606 0
607 0
608 0
609 0
610 0
611 0
612 0
613 0
614 0
615 1
616 0
617 1
618 1
619 1
620 0
621 0
622 0
623 1
624 1
625 0
626 0
627 0
628 0
629 0
630 1
631 0
632 1
633 0
634 0
635 0
636 0
637 0
638 0
639 0
640 1
641 0
642 0
643 1
644 0
645 1
646 0
647 1
648 0
649 0
650 1
651 0
652 0
653 0
654 1
655 0
656 0
657 0
658 0
659 1
660 0
661 0
662 0
663 0
664 0
665 0
666 1
667 1
668 0
669 0
670 1
671 1
672 0
673 1
674 0
675 0
676 1
677 0
678 1
679 1
680 0
681 0
682 1
683 1
684 1
685 1
686 1
687 0
688 0
689 0
690 0
691 0
692 1
693 0
694 0
695 0
696 1
697 1
698 0
699 0
700 0
701 0
702 1
703 1
704 0
705 0
706 1
707 1
708 1
709 0
710 0
711 0
712 0
713 0
714 1
715 1
716 1
717 0
718 0
719 0
720 0
721 0
722 0
723 0
724 0
725 1
726 0
727 0
728 0
729 0
730 0
731 0
732 0
733 0
734 0
735 0
736 0
737 0
738 0
739 1
740 1
741 0
742 0
743 1
744 0
745 1
746 1
747 0
748 1
749 0
750 0
751 1
752 0
753 1
754 0
755 0
756 1
757 0
758 0
759 1
760 1
761 0
762 1
763 1
764 0
765 0
766 0
767 1
768 1
769 1
770 1
771 1
772 0
773 0
774 0
775 0
776 1
777 1
778 0
779 0
780 0
781 0
782 0
783 1
784 1
785 0
786 0
787 0
788 0
789 0
790 1
791 1
792 1
793 0
794 0
795 0
796 1
797 1
798 0
799 0
800 1
801 0
802 1
803 0
804 0
805 0
806 0
807 1
808 0
809 0
810 1
811 0
812 0
813 0
814 0
815 0
816 0
817 1
818 0
819 0
820 0
821 1
822 0
823 0
824 1
825 0
826 0
827 1
828 0
829 0
830 1
831 0
832 1
833 1
834 1
835 0
836 1
837 1
838 0
839 1
840 0
841 1
842 0
843 0
844 0
845 1
846 0
847 0
848 1
849 0
850 0
851 0
852 0
853 0
854 1
855 1
856 1
857 0
858 0
859 0
860 0
861 0
862 1
863 0
864 0
865 0
866 0
867 0
868 0
869 1
870 1
871 0
872 0
873 0
874 0
875 0
876 1
877 1
878 1
879 1
880 1
881 0
882 0
883 0
884 1
885 0
886 1
887 1
888 0
889 0
890 0
891 0
892 0
893 0
894 0
895 0
896 1
897 1
898 1
899 0
900 0
901 0
902 0
903 1
904 0
905 0
906 0
907 0
908 0
909 0
910 1
911 0
912 0
913 0
914 1
915 0
916 0
917 0
918 0
919 0
920 0
921 0
922 0
923 0
924 1
925 1
926 0
927 0
928 1
929 1
930 0
931 0
932 1
933 0
934 0
935 1
936 0
937 0
938 0
939 0
940 1
941 0
942 1
943 0
944 0
945 1
946 0
947 1
948 0
949 1
950 1
951 1
952 1
953 1
954 1
955 0
956 0
957 0
958 1
959 1
960 1
961 0
962 1
963 0
964 0
965 0
966 0
967 0
968 0
969 1
970 1
971 0
972 0
973 1
974 0
975 0
976 0
977 0
978 0
979 1
980 0
981 0
982 1
983 0
984 1
985 1
986 0
987 0
988 1
989 0
990 1
991 1
992 0
993 1
994 0
995 1
996 0
997 0
998 0
999 0
1000 0
1001 0
1002 0
1003 0
1004 0
1005 0
1006 1
1007 0
1008 1
1009 1
1010 0
1011 0
1012 1
1013 1
1014 1
1015 0
1016 0
1017 0
1018 0
1019 1
1020 0
1021 0
1022 1
1023 0
1024 1
1025 0
1026 0
1027 0
1028 1
1029 0
1030 0
1031 1
1032 1
1033 1
1034 0
1035 1
1036 0
1037 0
1038 1
1039 1
1040 0
1041 0
1042 0
1043 0
1044 0
1045 0
1046 1
1047 0
1048 1
1049 1
1050 1
1051 0
1052 0
1053 0
1054 0
1055 0
1056 1
1057 1
1058 0
1059 0
1060 0
1061 1
1062 0
1063 0
1064 0
1065 1
1066 1
1067 1
1068 0
1069 0
1070 1
1071 1
1072 0
1073 0
1074 0
1075 0
1076 0
1077 0
1078 0
1079 0
1080 1
1081 0
1082 1
1083 0
1084 0
1085 0
1086 1
1087 0
1088 1
1089 1
1090 0
1091 0
1092 0
1093 0
1094 1
1095 0
1096 1
1097 0
1098 1
1099 0
1100 1
1101 0
1102 0
1103 0
1104 0
1105 0
1106 1
1107 1
1108 0
1109 1
1110 1
1111 1
1112 1
1113 0
1114 0
1115 0
1116 1
1117 1
1118 0
1119 1
1120 0
1121 0
1122 0
1123 0
1124 1
1125 0
1126 0
1127 0
1128 1
1129 0
1130 0
1131 1
1132 1
1133 0
1134 0
1135 0
1136 1
1137 1
1138 1
1139 0
1140 1
1141 1
1142 0
1143 0
1144 0
1145 0
1146 1
1147 1
1148 1
1149 1
1150 1
1151 0
1152 1
1153 0
1154 0
1155 0
1156 1
1157 0
1158 0
1159 0
1160 0
1161 1
1162 0
1163 0
1164 1
1165 0
1166 0
1167 0
1168 1
1169 0
1170 0
1171 0
1172 1
1173 0
1174 1
1175 1
1176 0
1177 1
1178 1
1179 0
1180 0
1181 1
1182 0
1183 1
1184 0
1185 1
1186 1
1187 0
1188 0
1189 0
1190 0
1191 0
1192 1
1193 0
1194 0
1195 0
1196 0
1197 1
1198 1
1199 0
1200 0
1201 0
1202 0
1203 0
1204 0
1205 1
1206 1
1207 1
1208 0
1209 0
1210 0
1211 0
1212 1
1213 0
1214 0
1215 1
1216 0
1217 0
1218 0
1219 0
1220 0
1221 1
1222 1
1223 0
1224 0
1225 0
1226 0
1227 0
1228 1
1229 0
1230 0
1231 1
1232 0
1233 1
1234 1
1235 1
1236 1
1237 0
1238 1
1239 1
1240 1
1241 0
1242 0
1243 0
1244 1
1245 0
1246 1
1247 1
1248 1
1249 0
1250 0
1251 0
1252 1
1253 0
1254 1
1255 0
1256 0
1257 0
1258 0
1259 0
1260 0
1261 0
1262 0
1263 0
1264 1
1265 1
1266 0
1267 1
1268 0
1269 1
1270 0
1271 1
1272 1
1273 0
1274 0
1275 0
1276 0
1277 0
1278 1
1279 0
1280 0
1281 0
1282 1
1283 1
1284 1
1285 1
1286 0
1287 0
1288 0
1289 0
1290 1
1291 0
1292 0
1293 1
1294 0
1295 0
1296 0
1297 1
1298 1
1299 0
1300 1
1301 1
1302 1
1303 0
1304 0
1305 1
1306 0
1307 1
1308 1
1309 0
1310 0
1311 1
1312 1
1313 0
1314 0
1315 1
1316 0
1317 1
1318 1
1319 1
1320 1
1321 1
1322 1
1323 1
1324 0
1325 1
1326 0
1327 0
1328 0
1329 1
1330 0
1331 1
1332 1
1333 0
1334 0
1335 0
1336 1
1337 1
1338 1
1339 0
1340 0
1341 0
1342 1
1343 1
1344 0
1345 0
1346 1
1347 0
1348 1
1349 1
1350 1
1351 0
1352 0
1353 1
1354 0
1355 0
1356 0
1357 1
1358 0
1359 1
1360 0
1361 0
1362 1
1363 1
1364 1
1365 1
1366 1
1367 1
1368 1
1369 0
1370 0
1371 0
1372 0
1373 1
1374 0
1375 1
1376 1
1377 1
1378 0
1379 0
1380 0
1381 0
1382 1
1383 0
1384 1
1385 0
1386 0
1387 1
1388 1
1389 0
1390 1
1391 0
1392 0
1393 0
1394 0
1395 1
1396 0
1397 1
1398 0
1399 1
1400 0
1401 0
1402 1
1403 1
1404 0
1405 0
1406 0
1407 0
1408 0
1409 0
1410 1
1411 0
1412 0
1413 1
1414 1
1415 0
1416 0
1417 0
1418 1
1419 0
1420 0
1421 1
1422 1
1423 0
1424 0
1425 0
1426 0
1427 0
1428 0
1429 0
1430 1
1431 0
1432 1
1433 0
1434 1
1435 0
1436 1
1437 0
1438 0
1439 1
1440 1
1441 1
1442 0
1443 0
1444 0
1445 0
1446 0
1447 1
1448 0
1449 0
1450 1
1451 0
1452 1
1453 1
1454 0
1455 0
1456 1
1457 1
1458 0
1459 0
1460 1
1461 0
1462 1
1463 1
1464 1
1465 1
1466 1
1467 0
1468 0
1469 0
1470 0
1471 0
1472 0
1473 0
1474 0
1475 1
1476 0
1477 0
1478 0
1479 0
1480 1
1481 1
1482 0
1483 1
1484 1
1485 0
1486 0
1487 1
1488 1
1489 1
1490 1
1491 0
1492 1
1493 0
1494 1
1495 0
1496 1
1497 1
1498 1
1499 1
1500 0
1501 1
1502 0
1503 0
1504 1
1505 1
1506 0
1507 0
1508 0
1509 1
1510 0
1511 0
1512 0
1513 0
1514 1
1515 0
1516 0
1517 1
1518 0
1519 1
1520 0
1521 0
1522 0
1523 0
1524 0
1525 0
1526 1
1527 0
1528 0
1529 0
1530 1
1531 0
1532 1
1533 0
1534 1
1535 0
1536 1
1537 0
1538 1
1539 1
1540 0
1541 0
1542 0
1543 0
1544 0
1545 0
1546 0
1547 0
1548 1
1549 0
1550 0
1551 1
1552 0
1553 0
1554 0
1555 0
1556 1
1557 0
1558 1
1559 0
1560 1
1561 0
1562 1
1563 1
1564 0
1565 0
1566 0
1567 1
1568 1
1569 1
1570 0
1571 1
1572 0
1573 0
1574 1
1575 0
1576 0
1577 0
1578 1
1579 0
1580 0
1581 0
1582 0
1583 0
1584 1
1585 0
1586 0
1587 1
1588 1
1589 0
1590 0
1591 0
1592 1
1593 0
1594 1
1595 0
1596 1
1597 0
1598 0
1599 0
1600 0
1601 0
1602 0
1603 1
1604 0
1605 0
1606 0
1607 0
1608 0
1609 1
1610 0
1611 0
1612 0
1613 0
1614 1
1615 1
1616 0
1617 0
1618 0
1619 0
1620 1
1621 0
1622 0
1623 0
1624 0
1625 0
1626 1
1627 0
1628 0
1629 0
1630 0
1631 1
1632 1
1633 1
1634 1
1635 0
1636 1
1637 1
1638 1
1639 0
1640 0
1641 1
1642 0
1643 1
1644 0
1645 1
1646 0
1647 0
1648 1
1649 0
1650 0
1651 1
1652 0
1653 0
1654 1
1655 0
1656 0
1657 1
1658 0
1659 0
1660 0
1661 1
1662 1
1663 1
1664 1
1665 0
1666 0
1667 1
1668 0
1669 0
1670 1
1671 0
1672 0
1673 0
1674 0
1675 1
1676 0
1677 0
1678 0
1679 1
1680 0
1681 1
1682 0
1683 1
1684 0
1685 0
1686 0
1687 1
1688 1
1689 0
1690 0
1691 0
1692 0
1693 0
1694 1
1695 0
1696 0
1697 1
1698 0
1699 0
1700 1
1701 1
1702 1
1703 0
1704 0
1705 0
1706 1
1707 1
1708 1
1709 0
1710 1
1711 0
1712 1
1713 1
1714 0
1715 0
1716 0
1717 0
1718 0
1719 1
1720 0
1721 0
1722 0
1723 1
1724 0
1725 1
1726 0
1727 0
1728 1
1729 0
1730 0
1731 0
1732 1
1733 1
1734 0
1735 0
1736 0
1737 0
1738 1
1739 0
1740 1
1741 0
1742 0
1743 0
1744 0
1745 0
1746 0
1747 1
1748 0
1749 0
1750 0
1751 0
1752 0
1753 1
1754 0
1755 1
1756 1
1757 0
1758 0
1759 0
1760 0
1761 0
1762 0
1763 0
1764 0
1765 1
1766 0
1767 0
1768 1
1769 1
1770 1
1771 1
1772 0
1773 0
1774 0
1775 1
1776 1
1777 0
1778 0
1779 0
1780 1
1781 1
1782 1
1783 1
1784 0
1785 0
1786 0
1787 0
1788 0
1789 1
1790 1
1791 1
1792 0
1793 0
1794 1
1795 0
1796 0
1797 0
1798 1
1799 1
1800 0
1801 1
1802 1
1803 1
1804 1
1805 0
1806 0
1807 1
1808 1
1809 0
1810 0
1811 1
1812 0
1813 0
1814 0
1815 0
1816 1
1817 0
1818 0
1819 0
1820 1
1821 0
1822 1
1823 0
1824 0
1825 1
1826 0
1827 0
1828 0
1829 1
1830 0
1831 1
1832 1
1833 0
1834 0
1835 0
1836 0
1837 0
1838 0
1839 0
1840 0
1841 0
1842 0
1843 0
1844 0
1845 1
1846 0
1847 0
1848 0
1849 0
1850 0
1851 1
1852 0
1853 0
1854 0
1855 1
1856 0
1857 0
1858 0
1859 0
1860 0
1861 1
1862 1
1863 1
1864 0
1865 0
1866 1
1867 0
1868 0
1869 0
1870 1
1871 0
1872 0
1873 1
1874 0
1875 1
1876 1
1877 1
1878 0
1879 0
1880 0
1881 0
1882 1
1883 1
1884 0
1885 0
1886 0
1887 1
1888 0
1889 0
1890 0
1891 1
1892 1
1893 1
1894 0
1895 0
1896 0
1897 0
1898 0
1899 1
1900 0
1901 1
1902 0
1903 0
1904 0
1905 0
1906 0
1907 1
1908 0
1909 0
1910 1
1911 0
1912 0
1913 0
1914 0
1915 0
1916 1
1917 1
1918 1
1919 0
1920 0
1921 1
1922 0
1923 0
1924 0
1925 0
1926 0
1927 0
1928 1
1929 0
1930 1
1931 1
1932 0
1933 0
1934 1
1935 1
1936 0
1937 0
1938 1
1939 1
1940 0
1941 0
1942 0
1943 1
1944 1
1945 0
1946 0
1947 0
1948 1
1949 0
1950 0
1951 1
1952 0
1953 1
1954 0
1955 1
1956 1
1957 1
1958 0
1959 1
1960 0
1961 0
1962 0
1963 1
1964 1
1965 1
1966 0
1967 0
1968 1
1969 0
1970 0
1971 0
1972 1
1973 1
1974 0
1975 1
1976 0
1977 0
1978 0
1979 0
1980 1
1981 0
1982 0
1983 1
1984 0
1985 0
1986 1
1987 0
1988 0
1989 0
1990 0
1991 1
1992 1
1993 0
1994 0
1995 0
1996 0
1997 0
1998 1
1999 1
2000 0
2001 0
2002 0
2003 0
2004 0
2005 0
2006 0
2007 0
2008 1
2009 0
2010 0
2011 1
2012 1
2013 0
2014 0
2015 1
2016 0
2017 0
2018 0
2019 0
2020 0
2021 1
2022 0
2023 1
2024 1
2025 0
2026 1
2027 1
2028 1
2029 0
2030 0
2031 0
2032 0
2033 1
2034 1
