0 12
1 19
2 14
3 29
4 59
5 92
6 70
7 107
8 46
9 41
10 44
11 133
12 62
13 59
14 13
15 110
16 8
17 66
18 64
19 77
20 61
21 72
22 20
23 64
24 19
25 47
26 17
27 53
28 70
29 98
30 42
31 34
32 31
33 59
34 62
35 39
36 61
37 46
38 80
39 10
40 52
41 87
42 16
43 38
44 7
45 77
46 50
47 59
48 66
49 52
50 106
51 54
52 61
53 52
54 50
55 26
56 55
57 25
58 42
59 18
60 18
61 49
62 58
63 41
64 42
65 24
66 32
67 49
68 44
69 55
70 43
71 54
72 82
73 57
74 38
75 87
76 35
77 48
78 16
79 54
80 87
81 59
82 38
83 74
84 42
85 69
86 121
87 101
88 37
89 59
90 74
91 28
92 70
93 74
94 33
95 20
96 62
97 60
98 34
99 25
100 15
101 61
102 38
103 64
104 58
105 31
106 97
107 49
108 14
109 102
110 17
111 30
112 82
113 53
114 42
115 10
116 61
117 88
118 56
119 41
120 34
121 35
122 25
123 37
124 71
125 57
126 51
127 22
128 46
129 44
130 57
131 87
132 51
133 42
134 36
135 71
136 98
137 46
138 35
139 47
140 30
141 29
142 68
143 62
144 35
145 85
146 12
147 97
148 41
149 25
150 52
151 47
152 36
153 39
154 44
155 17
156 47
157 72
158 24
159 34
160 34
161 57
162 33
163 38
164 93
165 10
166 50
167 72
168 76
169 32
170 100
171 101
172 34
173 34
174 54
175 16
176 74
177 84
178 52
179 56
180 37
181 47
182 64
183 76
184 12
185 129
186 58
187 34
188 63
189 62
190 84
191 84
192 53
193 106
194 84
195 50
196 46
197 19
198 61
199 57
200 73
201 69
202 37
203 46
204 30
205 58
206 55
207 38
208 44
209 51
210 59
211 16
212 43
213 32
214 70
215 42
216 106
217 47
218 62
219 12
220 39
221 26
222 16
223 33
224 50
225 32
226 82
227 120
228 68
229 31
230 57
231 67
232 21
233 17
234 37
235 47
236 28
237 30
238 57
239 54
240 38
241 41
242 5
243 35
244 65
245 42
246 44
247 91
248 48
249 68
250 47
251 60
252 45
253 62
254 45
255 39
256 11
257 74
258 51
259 54
260 58
261 82
262 52
263 17
264 84
265 43
266 12
267 24
268 29
269 50
270 44
271 44
272 91
273 32
274 69
275 53
276 62
277 101
278 93
279 41
280 28
281 47
282 25
283 37
284 22
285 82
286 69
287 126
288 44
289 92
290 67
291 43
292 48
293 57
294 57
295 59
296 52
297 61
298 23
299 36
300 72
301 10
302 61
303 70
304 40
305 72
306 14
307 53
308 25
309 24
310 94
311 44
312 39
313 39
314 55
315 17
316 49
317 35
318 67
319 56
320 18
321 47
322 14
323 54
324 62
325 18
326 65
327 43
328 58
329 12
330 55
331 54
332 69
333 84
334 37
335 9
336 62
337 53
338 67
339 32
340 48
341 65
342 7
343 70
344 42
345 82
346 64
347 75
348 35
349 36
350 78
351 60
352 56
353 35
354 31
355 32
356 87
357 14
358 82
359 39
360 54
361 29
362 47
363 38
364 128
365 27
366 50
367 38
368 102
369 14
370 8
371 119
372 67
373 43
374 119
375 48
376 47
377 42
378 106
379 34
380 48
381 51
382 64
383 74
384 56
385 14
386 19
387 50
388 97
389 47
390 48
391 18
392 82
393 30
394 32
395 62
396 12
397 58
398 43
399 7
400 67
401 41
402 30
403 74
404 52
405 32
406 64
407 13
408 71
409 32
410 25
411 103
412 47
413 32
414 47
415 69
416 66
417 55
418 62
419 47
420 71
421 34
422 36
423 49
424 52
425 65
426 124
427 53
428 51
429 106
430 72
431 62
432 44
433 28
434 54
435 29
436 32
437 52
438 55
439 47
440 62
441 71
442 39
443 52
444 47
445 49
446 42
447 47
448 34
449 38
450 67
451 7
452 65
453 82
454 87
455 40
456 37
457 36
458 49
459 64
460 33
461 59
462 47
463 39
464 22
465 71
466 54
467 36
468 44
469 28
470 67
471 34
472 17
473 60
474 132
475 42
476 28
477 116
478 54
479 62
480 12
481 54
482 64
483 48
484 33
485 22
486 11
487 75
488 25
489 37
490 69
491 20
492 30
493 62
494 82
495 72
496 68
497 57
498 43
499 52
500 116
501 35
502 66
503 56
504 46
505 67
506 47
507 56
508 72
509 22
510 45
511 59
512 28
513 14
514 48
515 36
516 27
517 58
518 82
519 26
520 55
521 106
522 49
523 87
524 63
525 63
526 35
527 62
528 62
529 24
530 35
531 47
532 26
533 79
534 47
535 39
536 52
537 24
538 53
539 64
540 32
541 45
542 70
543 106
544 56
545 40
546 44
547 118
548 31
549 106
550 30
551 40
552 63
553 19
554 42
555 79
556 75
557 3
558 37
559 72
560 68
561 33
562 51
563 59
564 25
565 40
566 45
567 13
568 21
569 49
570 42
571 27
572 44
573 61
574 40
575 85
576 83
577 48
578 64
579 18
580 57
581 51
582 82
583 37
584 54
585 93
586 50
587 83
588 62
589 69
590 22
591 73
592 47
593 17
594 35
595 43
596 47
597 37
598 42
599 45
600 59
601 62
602 47
603 84
604 62
605 75
606 2
607 37
608 35
609 62
610 28
611 29
612 41
613 68
614 116
615 47
616 55
617 49
618 56
619 53
620 28
621 131
622 22
623 51
624 69
625 27
626 117
627 34
628 110
629 15
630 43
631 45
632 49
633 33
634 42
635 27
636 41
637 25
638 24
639 59
640 45
641 47
642 45
643 55
644 32
645 58
646 36
647 52
648 26
649 20
650 62
651 20
652 33
653 52
654 39
655 73
656 14
657 34
658 30
659 65
660 67
661 85
662 67
663 42
664 45
665 104
666 57
667 58
668 47
669 95
670 55
671 58
672 34
673 42
674 36
675 25
676 73
677 68
678 41
679 59
680 38
681 46
682 78
683 52
684 61
685 48
686 57
687 37
688 22
689 17
690 10
691 26
692 67
693 27
694 25
695 17
696 61
697 67
698 64
699 12
700 17
701 54
702 52
703 92
704 55
705 85
706 63
707 58
708 87
709 46
710 33
711 33
712 32
713 66
714 50
715 47
716 50
717 115
718 35
719 51
720 44
721 45
722 73
723 42
724 41
725 54
726 14
727 24
728 29
729 46
730 18
731 37
732 73
733 37
734 8
735 20
736 34
737 58
738 35
739 67
740 68
741 75
742 22
743 53
744 35
745 47
746 62
747 13
748 50
749 84
750 36
751 89
752 22
753 57
754 59
755 56
756 54
757 29
758 28
759 52
760 62
761 42
762 82
763 60
764 21
765 37
766 12
767 74
768 42
769 60
770 69
771 64
772 41
773 61
774 104
775 18
776 79
777 74
778 37
779 102
780 13
781 42
782 62
783 67
784 35
785 64
786 10
787 52
788 71
789 68
790 69
791 59
792 50
793 17
794 67
795 29
796 47
797 61
798 18
799 36
800 52
801 86
802 52
803 82
804 80
805 52
806 52
807 50
808 82
809 11
810 62
811 52
812 18
813 8
814 20
815 96
816 36
817 51
818 44
819 82
820 45
821 60
822 10
823 16
824 50
825 65
826 25
827 76
828 68
829 29
830 57
831 87
832 54
833 65
834 57
835 34
836 64
837 75
838 27
839 31
840 22
841 62
842 52
843 34
844 71
845 52
846 17
847 25
848 72
849 2
850 20
851 52
852 10
853 92
854 69
855 66
856 49
857 53
858 19
859 15
860 22
861 38
862 53
863 95
864 17
865 22
866 78
867 39
868 15
869 45
870 71
871 37
872 18
873 37
874 15
875 78
876 86
877 54
878 38
879 63
880 49
881 92
882 84
883 21
884 39
885 40
886 53
887 60
888 15
889 55
890 37
891 41
892 43
893 90
894 29
895 120
896 80
897 64
898 77
899 9
900 14
901 47
902 31
903 46
904 85
905 38
906 45
907 36
908 49
909 110
910 59
911 42
912 19
913 87
914 76
915 82
916 36
917 39
918 32
919 36
920 87
921 27
922 12
923 10
924 57
925 42
926 24
927 32
928 57
929 43
930 58
931 78
932 46
933 128
934 32
935 77
936 15
937 35
938 2
939 47
940 67
941 77
942 69
943 44
944 31
945 121
946 1
947 57
948 37
949 82
950 54
951 55
952 82
953 56
954 66
955 43
956 8
957 2
958 65
959 49
960 80
961 33
962 73
963 26
964 38
965 49
966 40
967 57
968 18
969 50
970 32
971 9
972 57
973 48
974 42
975 36
976 71
977 38
978 50
979 104
980 49
981 88
982 61
983 89
984 91
985 39
986 37
987 13
988 30
989 50
990 62
991 68
992 40
993 79
994 34
995 60
996 44
997 27
998 37
999 40
1000 39
1001 30
1002 27
1003 35
1004 52
1005 55
1006 80
1007 27
1008 60
1009 60
1010 127
1011 45
1012 65
1013 49
1014 53
1015 14
1016 38
1017 39
1018 90
1019 40
1020 22
1021 52
1022 49
1023 30
1024 72
1025 25
1026 38
1027 47
1028 30
1029 55
1030 72
1031 62
1032 48
1033 61
1034 29
1035 77
1036 34
1037 42
1038 48
1039 56
1040 51
1041 49
1042 44
1043 45
1044 17
1045 35
1046 55
1047 39
1048 60
1049 39
1050 77
1051 91
1052 27
1053 37
1054 21
1055 16
1056 60
1057 75
1058 72
1059 90
1060 40
1061 45
1062 33
1063 35
1064 114
1065 49
1066 64
1067 53
1068 101
1069 32
1070 84
1071 66
1072 69
1073 12
1074 73
1075 76
1076 37
1077 42
1078 108
1079 45
1080 58
1081 41
1082 38
1083 37
1084 31
1085 101
1086 73
1087 35
1088 56
1089 52
1090 39
1091 93
1092 82
1093 19
1094 58
1095 35
1096 92
1097 35
1098 54
1099 40
1100 67
1101 70
1102 42
1103 37
1104 16
1105 34
1106 84
1107 58
1108 28
1109 84
1110 62
1111 53
1112 46
1113 36
1114 22
1115 46
1116 62
1117 56
1118 42
1119 64
1120 60
1121 25
1122 28
1123 16
1124 58
1125 37
1126 50
1127 22
1128 41
1129 50
1130 36
1131 51
1132 92
1133 37
1134 92
1135 24
1136 77
1137 57
1138 69
1139 39
1140 64
1141 86
1142 84
1143 76
1144 41
1145 47
1146 45
1147 47
1148 45
1149 49
1150 53
1151 37
1152 78
1153 30
1154 46
1155 72
1156 81
1157 14
1158 111
1159 77
1160 32
1161 65
1162 101
1163 22
1164 65
1165 32
1166 44
1167 42
1168 47
1169 34
1170 44
1171 46
1172 69
1173 36
1174 67
1175 46
1176 22
1177 63
1178 58
1179 33
1180 12
1181 59
1182 24
1183 65
1184 41
1185 57
1186 54
1187 106
1188 50
1189 16
1190 26
1191 37
1192 58
1193 5
1194 44
1195 51
1196 18
1197 66
1198 50
1199 18
1200 23
1201 104
1202 40
1203 9
1204 101
1205 63
1206 77
1207 55
1208 37
1209 15
1210 25
1211 33
1212 54
1213 22
1214 52
1215 60
1216 75
1217 30
1218 116
1219 68
1220 52
1221 57
1222 62
1223 29
1224 75
1225 101
1226 87
1227 45
1228 51
1229 40
1230 18
1231 69
1232 116
1233 78
1234 49
1235 43
1236 75
1237 28
1238 62
1239 57
1240 60
1241 32
1242 18
1243 42
1244 66
1245 83
1246 62
1247 71
1248 54
1249 46
1250 35
1251 105
1252 44
1253 24
1254 68
1255 36
1256 14
1257 40
1258 79
1259 38
1260 32
1261 19
1262 38
1263 23
1264 77
1265 41
1266 125
1267 57
1268 38
1269 59
1270 53
1271 61
1272 71
1273 40
1274 40
1275 32
1276 41
1277 52
1278 60
1279 29
1280 47
1281 39
1282 55
1283 44
1284 50
1285 44
1286 52
1287 55
1288 92
1289 63
1290 58
1291 27
1292 42
1293 65
1294 51
1295 18
1296 22
1297 47
1298 88
1299 38
1300 57
1301 49
1302 62
1303 36
1304 43
1305 40
1306 34
1307 101
1308 60
1309 80
1310 42
1311 59
1312 69
1313 17
1314 39
1315 48
1316 65
1317 73
1318 58
1319 52
1320 51
1321 92
1322 86
1323 46
1324 36
1325 62
1326 13
1327 82
1328 69
1329 52
1330 33
1331 63
1332 45
1333 34
1334 15
1335 37
1336 62
1337 54
1338 64
1339 39
1340 32
1341 29
1342 56
1343 39
1344 40
1345 24
1346 58
1347 47
1348 58
1349 64
1350 57
1351 76
1352 57
1353 53
1354 63
1355 33
1356 82
1357 44
1358 67
1359 50
1360 45
1361 55
1362 45
1363 73
1364 68
1365 74
1366 56
1367 54
1368 48
1369 90
1370 69
1371 48
1372 38
1373 76
1374 76
1375 57
1376 41
1377 50
1378 46
1379 56
1380 109
1381 72
1382 61
1383 95
1384 52
1385 14
1386 34
1387 74
1388 68
1389 39
1390 59
1391 68
1392 16
1393 50
1394 100
1395 72
1396 34
1397 31
1398 92
1399 64
1400 17
1401 23
1402 52
1403 62
1404 48
1405 14
1406 16
1407 24
1408 54
1409 19
1410 82
1411 87
1412 32
1413 62
1414 56
1415 102
1416 101
1417 13
1418 60
1419 17
1420 30
1421 51
1422 62
1423 7
1424 24
1425 38
1426 72
1427 33
1428 128
1429 75
1430 70
1431 8
1432 53
1433 34
1434 73
1435 43
1436 55
1437 70
1438 84
1439 45
1440 68
1441 62
1442 37
1443 107
1444 38
1445 44
1446 34
1447 67
1448 107
1449 32
1450 40
1451 37
1452 44
1453 57
1454 27
1455 46
1456 59
1457 36
1458 16
1459 26
1460 47
1461 92
1462 52
1463 50
1464 51
1465 61
1466 79
1467 43
1468 29
1469 96
1470 40
1471 34
1472 40
1473 89
1474 123
1475 43
1476 101
1477 43
1478 43
1479 28
1480 67
1481 61
1482 74
1483 102
1484 49
1485 6
1486 35
1487 67
1488 44
1489 69
1490 59
1491 87
1492 72
1493 33
1494 65
1495 39
1496 67
1497 52
1498 64
1499 53
1500 47
1501 59
1502 28
1503 92
1504 47
1505 75
1506 56
1507 10
1508 42
1509 67
1510 66
1511 36
1512 47
1513 23
1514 44
1515 98
1516 22
1517 85
1518 34
1519 73
1520 33
1521 61
1522 67
1523 70
1524 72
1525 41
1526 62
1527 28
1528 52
1529 71
1530 51
1531 24
1532 70
1533 82
1534 72
1535 29
1536 44
1537 33
1538 61
1539 64
1540 32
1541 19
1542 69
1543 36
1544 22
1545 22
1546 25
1547 56
1548 64
1549 14
1550 114
1551 54
1552 34
1553 48
1554 86
1555 33
1556 65
1557 38
1558 59
1559 15
1560 77
1561 32
1562 69
1563 56
1564 57
1565 59
1566 42
1567 78
1568 55
1569 61
1570 45
1571 38
1572 92
1573 22
1574 52
1575 29
1576 31
1577 4
1578 44
1579 89
1580 71
1581 68
1582 10
1583 27
1584 69
1585 46
1586 92
1587 52
1588 53
1589 32
1590 17
1591 19
1592 63
1593 52
1594 43
1595 46
1596 78
1597 72
1598 34
1599 101
1600 50
1601 16
1602 40
1603 80
1604 66
1605 43
1606 30
1607 82
1608 27
1609 48
1610 45
1611 27
1612 20
1613 106
1614 47
1615 51
1616 13
1617 65
1618 32
1619 95
1620 68
1621 30
1622 9
1623 86
1624 30
1625 39
1626 55
1627 47
1628 35
1629 37
1630 108
1631 64
1632 47
1633 62
1634 82
1635 70
1636 55
1637 52
1638 55
1639 40
1640 22
1641 68
1642 113
1643 82
1644 52
1645 63
1646 15
1647 20
1648 59
1649 62
1650 16
1651 56
1652 16
1653 12
1654 61
1655 22
1656 38
1657 65
1658 116
1659 37
1660 75
1661 69
1662 54
1663 67
1664 72
1665 57
1666 76
1667 84
1668 47
1669 26
1670 49
1671 83
1672 52
1673 31
1674 22
1675 75
1676 31
1677 38
1678 49
1679 72
1680 37
1681 64
1682 37
1683 59
1684 28
1685 30
1686 49
1687 74
1688 57
1689 41
1690 42
1691 57
1692 37
1693 92
1694 57
1695 121
1696 42
1697 62
1698 38
1699 46
1700 35
1701 51
1702 39
1703 32
1704 28
1705 68
1706 53
1707 60
1708 60
1709 20
1710 47
1711 37
1712 56
1713 52
1714 12
1715 40
1716 72
1717 4
1718 57
1719 55
1720 36
1721 106
1722 52
1723 48
1724 43
1725 60
1726 37
1727 47
1728 59
1729 24
1730 32
1731 76
1732 53
1733 62
1734 45
1735 25
1736 41
1737 116
1738 45
1739 48
1740 65
1741 52
1742 40
1743 68
1744 112
1745 62
1746 60
1747 52
1748 72
1749 46
1750 14
1751 82
1752 53
1753 56
1754 39
1755 61
1756 78
1757 8
1758 18
1759 39
1760 72
1761 82
1762 47
1763 38
1764 108
1765 69
1766 14
1767 42
1768 80
1769 59
1770 108
1771 99
1772 38
1773 33
1774 40
1775 84
1776 90
1777 21
1778 34
1779 79
1780 62
1781 43
1782 49
1783 70
1784 26
1785 61
1786 36
1787 32
1788 70
1789 54
1790 57
1791 36
1792 84
1793 26
1794 60
1795 33
1796 43
1797 18
1798 54
1799 75
1800 74
1801 44
1802 37
1803 130
1804 62
1805 131
1806 24
1807 46
1808 59
1809 89
1810 98
1811 42
1812 79
1813 0
1814 72
1815 36
1816 63
1817 38
1818 19
1819 38
1820 61
1821 25
1822 54
1823 16
1824 16
1825 60
1826 49
1827 48
1828 21
1829 73
1830 22
1831 59
1832 63
1833 46
1834 31
1835 69
1836 17
1837 87
1838 47
1839 12
1840 101
1841 32
1842 79
1843 32
1844 116
1845 49
1846 33
1847 41
1848 42
1849 52
1850 2
1851 59
1852 19
1853 72
1854 60
1855 62
1856 35
1857 21
1858 74
1859 42
1860 29
1861 68
1862 74
1863 82
1864 42
1865 5
1866 70
1867 78
1868 41
1869 49
1870 51
1871 46
1872 14
1873 47
1874 31
1875 78
1876 92
1877 47
1878 62
1879 22
1880 9
1881 24
1882 32
1883 92
1884 34
1885 22
1886 6
1887 52
1888 122
1889 10
1890 12
1891 44
1892 63
1893 56
1894 34
1895 18
1896 101
1897 57
1898 47
1899 67
1900 62
1901 57
1902 15
1903 20
1904 92
1905 19
1906 42
1907 56
1908 85
1909 37
1910 65
1911 35
1912 69
1913 80
1914 31
1915 30
1916 65
1917 54
1918 44
1919 24
1920 11
1921 51
1922 50
1923 39
1924 38
1925 57
1926 44
1927 65
1928 83
1929 27
1930 54
1931 64
1932 8
1933 74
1934 82
1935 40
1936 43
1937 55
1938 42
1939 55
1940 9
1941 38
1942 124
1943 44
1944 37
1945 110
1946 32
1947 20
1948 96
1949 116
1950 31
1951 70
1952 25
1953 81
1954 26
1955 63
1956 52
1957 56
1958 36
1959 61
1960 76
1961 29
1962 67
1963 67
1964 39
1965 72
1966 47
1967 60
1968 78
1969 131
1970 76
1971 44
1972 79
1973 56
1974 22
1975 62
1976 14
1977 22
1978 52
1979 101
1980 57
1981 52
1982 44
1983 69
1984 34
1985 76
1986 59
1987 17
1988 12
1989 32
1990 33
1991 56
1992 36
1993 13
1994 49
1995 45
1996 45
1997 53
1998 69
1999 73
2000 70
2001 97
2002 81
2003 22
2004 12
2005 12
2006 84
2007 42
2008 61
2009 22
2010 10
2011 80
2012 46
2013 27
2014 32
2015 77
2016 21
2017 75
2018 30
2019 27
2020 44
2021 65
2022 68
2023 55
2024 66
2025 44
2026 61
2027 60
2028 56
2029 30
2030 27
2031 23
2032 54
2033 55
2034 55
