0 366
1 52
2 140
3 122
4 172
5 375
6 248
7 126
8 145
9 124
10 77
11 39
12 310
13 190
14 366
15 323
16 29
17 336
18 276
19 65
20 31
21 161
22 54
23 169
24 75
25 122
26 131
27 366
28 221
29 80
30 299
31 144
32 48
33 174
34 29
35 255
36 264
37 178
38 110
39 79
40 148
41 209
42 28
43 128
44 20
45 306
46 371
47 96
48 377
49 20
50 363
51 134
52 277
53 176
54 183
55 231
56 151
57 54
58 72
59 30
60 277
61 8
62 39
63 358
64 338
65 298
66 86
67 310
68 139
69 207
70 30
71 127
72 289
73 198
74 218
75 21
76 316
77 361
78 145
79 326
80 375
81 172
82 105
83 272
84 51
85 108
86 310
87 46
88 223
89 54
90 289
91 134
92 120
93 131
94 275
95 136
96 300
97 316
98 84
99 293
100 371
101 145
102 270
103 75
104 151
105 255
106 101
107 358
108 144
109 35
110 289
111 299
112 121
113 255
114 325
115 219
116 207
117 329
118 41
119 287
120 172
121 317
122 125
123 157
124 363
125 120
126 90
127 298
128 126
129 71
130 93
131 240
132 120
133 52
134 171
135 293
136 168
137 105
138 218
139 375
140 229
141 68
142 344
143 371
144 371
145 21
146 20
147 91
148 248
149 133
150 138
151 140
152 20
153 183
154 69
155 231
156 276
157 26
158 349
159 102
160 123
161 292
162 20
163 202
164 145
165 336
166 228
167 167
168 154
169 64
170 131
171 101
172 189
173 94
174 248
175 129
176 366
177 311
178 197
179 69
180 61
181 89
182 81
183 28
184 202
185 35
186 30
187 209
188 96
189 60
190 345
191 133
192 15
193 101
194 14
195 21
196 248
197 76
198 255
199 131
200 52
201 58
202 21
203 30
204 185
205 268
206 310
207 125
208 54
209 8
210 96
211 66
212 26
213 74
214 134
215 326
216 78
217 169
218 176
219 344
220 325
221 369
222 72
223 167
224 349
225 49
226 36
227 34
228 243
229 152
230 320
231 49
232 65
233 187
234 230
235 316
236 21
237 267
238 93
239 146
240 207
241 71
242 101
243 305
244 64
245 178
246 205
247 217
248 292
249 72
250 327
251 123
252 69
253 110
254 21
255 361
256 134
257 177
258 316
259 102
260 84
261 83
262 21
263 345
264 362
265 41
266 133
267 53
268 212
269 30
270 40
271 123
272 97
273 17
274 129
275 328
276 60
277 72
278 133
279 192
280 94
281 339
282 77
283 41
284 65
285 200
286 187
287 104
288 371
289 57
290 255
291 316
292 223
293 10
294 123
295 209
296 69
297 167
298 243
299 286
300 8
301 8
302 295
303 350
304 193
305 65
306 209
307 127
308 53
309 246
310 49
311 123
312 289
313 248
314 288
315 191
316 296
317 277
318 29
319 53
320 21
321 49
322 295
323 224
324 274
325 151
326 334
327 290
328 55
329 316
330 144
331 111
332 289
333 42
334 43
335 290
336 105
337 290
338 99
339 101
340 122
341 361
342 255
343 322
344 250
345 192
346 120
347 30
348 28
349 172
350 131
351 133
352 103
353 84
354 81
355 316
356 179
357 152
358 81
359 129
360 346
361 286
362 89
363 127
364 34
365 357
366 234
367 49
368 289
369 316
370 21
371 266
372 132
373 207
374 34
375 158
376 185
377 371
378 363
379 232
380 96
381 208
382 289
383 229
384 182
385 367
386 140
387 101
388 307
389 147
390 171
391 275
392 126
393 127
394 94
395 133
396 306
397 213
398 207
399 131
400 30
401 207
402 345
403 55
404 120
405 80
406 76
407 76
408 165
409 307
410 81
411 262
412 232
413 20
414 25
415 289
416 182
417 126
418 366
419 81
420 223
421 189
422 354
423 246
424 129
425 101
426 108
427 89
428 133
429 131
430 34
431 225
432 345
433 153
434 83
435 53
436 192
437 202
438 286
439 110
440 125
441 52
442 248
443 123
444 20
445 42
446 64
447 20
448 41
449 26
450 132
451 145
452 267
453 76
454 69
455 255
456 80
457 210
458 218
459 320
460 54
461 218
462 229
463 61
464 102
465 64
466 124
467 131
468 207
469 63
470 248
471 199
472 217
473 349
474 38
475 161
476 131
477 131
478 349
479 288
480 97
481 53
482 46
483 243
484 192
485 80
486 300
487 125
488 131
489 54
490 209
491 109
492 41
493 116
494 127
495 206
496 230
497 213
498 124
499 198
500 328
501 124
502 26
503 148
504 41
505 182
506 210
507 17
508 43
509 46
510 262
511 72
512 172
513 54
514 140
515 209
516 107
517 96
518 233
519 29
520 54
521 76
522 16
523 14
524 366
525 144
526 207
527 357
528 86
529 371
530 125
531 336
532 73
533 147
534 24
535 69
536 268
537 65
538 65
539 29
540 290
541 336
542 123
543 42
544 173
545 172
546 80
547 123
548 53
549 101
550 84
551 177
552 228
553 42
554 140
555 288
556 159
557 20
558 8
559 43
560 223
561 54
562 140
563 304
564 95
565 84
566 291
567 131
568 248
569 298
570 292
571 89
572 132
573 243
574 30
575 134
576 371
577 130
578 152
579 223
580 218
581 259
582 54
583 84
584 42
585 40
586 20
587 66
588 29
589 47
590 42
591 130
592 131
593 280
594 148
595 45
596 30
597 139
598 298
599 84
600 290
601 40
602 87
603 80
604 277
605 55
606 20
607 165
608 76
609 239
610 119
611 317
612 189
613 182
614 134
615 229
616 361
617 329
618 351
619 202
620 66
621 2
622 299
623 277
624 135
625 84
626 104
627 182
628 35
629 292
630 292
631 8
632 243
633 41
634 195
635 83
636 205
637 171
638 49
639 131
640 102
641 61
642 165
643 349
644 32
645 49
646 316
647 339
648 371
649 209
650 126
651 28
652 101
653 20
654 76
655 59
656 265
657 289
658 165
659 345
660 305
661 145
662 120
663 20
664 209
665 168
666 325
667 62
668 235
669 65
670 239
671 255
672 14
673 369
674 53
675 73
676 378
677 102
678 29
679 173
680 149
681 114
682 73
683 123
684 120
685 34
686 73
687 49
688 123
689 127
690 87
691 295
692 102
693 216
694 183
695 366
696 189
697 349
698 118
699 362
700 214
701 298
702 120
703 8
704 76
705 358
706 183
707 20
708 49
709 23
710 250
711 123
712 42
713 292
714 289
715 321
716 345
717 16
718 154
719 286
720 337
721 64
722 49
723 72
724 181
725 29
726 291
727 58
728 289
729 344
730 207
731 317
732 336
733 181
734 28
735 190
736 275
737 279
738 289
739 97
740 144
741 292
742 198
743 55
744 53
745 110
746 126
747 90
748 17
749 132
750 139
751 42
752 154
753 182
754 183
755 192
756 209
757 145
758 152
759 229
760 329
761 296
762 121
763 118
764 292
765 228
766 154
767 30
768 289
769 229
770 14
771 340
772 310
773 371
774 299
775 205
776 165
777 296
778 371
779 30
780 139
781 233
782 320
783 82
784 326
785 315
786 17
787 334
788 103
789 183
790 65
791 124
792 139
793 145
794 127
795 299
796 68
797 20
798 53
799 133
800 102
801 316
802 8
803 293
804 288
805 76
806 158
807 49
808 287
809 45
810 88
811 64
812 73
813 165
814 120
815 209
816 202
817 102
818 101
819 191
820 316
821 176
822 71
823 73
824 302
825 353
826 130
827 361
828 121
829 84
830 306
831 172
832 305
833 54
834 145
835 60
836 49
837 43
838 76
839 140
840 345
841 265
842 295
843 84
844 81
845 182
846 272
847 269
848 375
849 8
850 289
851 175
852 255
853 39
854 181
855 287
856 229
857 312
858 145
859 84
860 290
861 255
862 59
863 96
864 72
865 72
866 366
867 38
868 41
869 250
870 134
871 105
872 15
873 267
874 94
875 93
876 30
877 154
878 269
879 72
880 163
881 62
882 327
883 290
884 127
885 277
886 167
887 41
888 272
889 131
890 72
891 65
892 209
893 167
894 126
895 315
896 106
897 343
898 28
899 30
900 365
901 65
902 118
903 117
904 366
905 65
906 337
907 26
908 372
909 39
910 8
911 198
912 207
913 17
914 108
915 349
916 167
917 280
918 79
919 23
920 29
921 172
922 144
923 131
924 116
925 320
926 264
927 146
928 21
929 30
930 182
931 46
932 16
933 168
934 255
935 363
936 94
937 290
938 39
939 107
940 263
941 123
942 321
943 28
944 8
945 114
946 361
947 33
948 182
949 289
950 57
951 152
952 147
953 101
954 76
955 28
956 84
957 277
958 87
959 122
960 132
961 325
962 209
963 94
964 358
965 30
966 43
967 93
968 326
969 202
970 189
971 255
972 20
973 46
974 89
975 25
976 281
977 297
978 329
979 128
980 20
981 209
982 133
983 201
984 145
985 72
986 289
987 108
988 84
989 29
990 39
991 266
992 209
993 139
994 182
995 26
996 366
997 286
998 89
999 128
1000 186
1001 290
1002 53
1003 53
1004 49
1005 192
1006 134
1007 94
1008 209
1009 363
1010 98
1011 255
1012 183
1013 84
1014 303
1015 49
1016 240
1017 207
1018 136
1019 292
1020 171
1021 76
1022 316
1023 209
1024 266
1025 289
1026 72
1027 182
1028 84
1029 178
1030 118
1031 41
1032 87
1033 72
1034 129
1035 25
1036 126
1037 28
1038 49
1039 217
1040 303
1041 84
1042 105
1043 29
1044 214
1045 28
1046 361
1047 310
1048 12
1049 76
1050 58
1051 288
1052 277
1053 190
1054 43
1055 133
1056 311
1057 76
1058 147
1059 254
1060 361
1061 145
1062 55
1063 265
1064 35
1065 16
1066 32
1067 277
1068 134
1069 189
1070 340
1071 155
1072 288
1073 49
1074 120
1075 153
1076 104
1077 209
1078 150
1079 65
1080 243
1081 354
1082 125
1083 369
1084 70
1085 198
1086 26
1087 69
1088 333
1089 42
1090 255
1091 226
1092 151
1093 182
1094 21
1095 102
1096 89
1097 315
1098 223
1099 214
1100 315
1101 123
1102 20
1103 138
1104 289
1105 159
1106 80
1107 55
1108 255
1109 28
1110 374
1111 299
1112 275
1113 371
1114 31
1115 87
1116 268
1117 195
1118 64
1119 363
1120 43
1121 290
1122 26
1123 47
1124 140
1125 190
1126 72
1127 116
1128 295
1129 181
1130 21
1131 202
1132 147
1133 20
1134 281
1135 14
1136 49
1137 132
1138 199
1139 30
1140 277
1141 338
1142 89
1143 209
1144 151
1145 88
1146 117
1147 290
1148 241
1149 290
1150 353
1151 20
1152 288
1153 125
1154 159
1155 152
1156 43
1157 46
1158 23
1159 66
1160 15
1161 277
1162 329
1163 49
1164 29
1165 181
1166 43
1167 5
1168 125
1169 72
1170 65
1171 14
1172 120
1173 53
1174 134
1175 40
1176 136
1177 192
1178 171
1179 275
1180 77
1181 182
1182 129
1183 295
1184 167
1185 340
1186 316
1187 89
1188 76
1189 30
1190 357
1191 132
1192 154
1193 131
1194 30
1195 83
1196 152
1197 265
1198 139
1199 55
1200 280
1201 80
1202 54
1203 8
1204 133
1205 249
1206 23
1207 188
1208 40
1209 133
1210 320
1211 21
1212 130
1213 14
1214 30
1215 345
1216 269
1217 95
1218 134
1219 141
1220 37
1221 84
1222 29
1223 109
1224 57
1225 268
1226 152
1227 54
1228 49
1229 277
1230 277
1231 146
1232 366
1233 325
1234 30
1235 167
1236 363
1237 229
1238 126
1239 138
1240 179
1241 21
1242 173
1243 230
1244 15
1245 371
1246 189
1247 58
1248 16
1249 292
1250 20
1251 245
1252 20
1253 361
1254 349
1255 371
1256 272
1257 292
1258 152
1259 272
1260 23
1261 280
1262 239
1263 189
1264 63
1265 47
1266 88
1267 269
1268 191
1269 209
1270 46
1271 129
1272 147
1273 229
1274 64
1275 209
1276 336
1277 126
1278 54
1279 90
1280 154
1281 73
1282 39
1283 172
1284 76
1285 222
1286 198
1287 20
1288 340
1289 328
1290 176
1291 43
1292 55
1293 65
1294 139
1295 144
1296 182
1297 207
1298 363
1299 276
1300 289
1301 30
1302 41
1303 148
1304 372
1305 125
1306 255
1307 29
1308 39
1309 209
1310 310
1311 146
1312 28
1313 277
1314 181
1315 336
1316 84
1317 293
1318 295
1319 168
1320 182
1321 157
1322 88
1323 229
1324 290
1325 20
1326 367
1327 180
1328 42
1329 307
1330 8
1331 76
1332 128
1333 21
1334 207
1335 340
1336 277
1337 39
1338 345
1339 69
1340 177
1341 87
1342 124
1343 127
1344 172
1345 209
1346 76
1347 205
1348 275
1349 128
1350 76
1351 121
1352 268
1353 277
1354 179
1355 102
1356 131
1357 181
1358 76
1359 224
1360 305
1361 289
1362 344
1363 363
1364 83
1365 366
1366 123
1367 322
1368 290
1369 241
1370 102
1371 316
1372 30
1373 198
1374 209
1375 346
1376 316
1377 173
1378 363
1379 64
1380 363
1381 248
1382 43
1383 281
1384 69
1385 49
1386 25
1387 41
1388 131
1389 241
1390 248
1391 243
1392 195
1393 55
1394 40
1395 241
1396 72
1397 247
1398 41
1399 198
1400 29
1401 184
1402 108
1403 325
1404 146
1405 141
1406 96
1407 235
1408 207
1409 266
1410 26
1411 345
1412 172
1413 49
1414 289
1415 102
1416 62
1417 290
1418 212
1419 147
1420 276
1421 207
1422 359
1423 289
1424 286
1425 49
1426 131
1427 289
1428 350
1429 264
1430 262
1431 92
1432 281
1433 61
1434 28
1435 320
1436 280
1437 182
1438 295
1439 366
1440 120
1441 269
1442 349
1443 23
1444 127
1445 363
1446 93
1447 154
1448 307
1449 104
1450 326
1451 306
1452 52
1453 369
1454 270
1455 281
1456 164
1457 209
1458 146
1459 49
1460 52
1461 65
1462 305
1463 289
1464 8
1465 16
1466 349
1467 334
1468 232
1469 151
1470 49
1471 172
1472 302
1473 168
1474 366
1475 336
1476 40
1477 289
1478 8
1479 30
1480 121
1481 210
1482 54
1483 96
1484 371
1485 105
1486 127
1487 102
1488 65
1489 300
1490 322
1491 25
1492 72
1493 276
1494 65
1495 289
1496 363
1497 376
1498 371
1499 223
1500 28
1501 52
1502 89
1503 20
1504 25
1505 43
1506 183
1507 255
1508 286
1509 84
1510 20
1511 89
1512 152
1513 146
1514 209
1515 201
1516 165
1517 43
1518 144
1519 102
1520 73
1521 133
1522 173
1523 303
1524 146
1525 281
1526 282
1527 275
1528 325
1529 192
1530 30
1531 223
1532 295
1533 30
1534 293
1535 340
1536 40
1537 20
1538 325
1539 28
1540 361
1541 54
1542 102
1543 127
1544 336
1545 181
1546 167
1547 362
1548 20
1549 47
1550 40
1551 277
1552 126
1553 126
1554 250
1555 148
1556 144
1557 49
1558 29
1559 144
1560 84
1561 64
1562 298
1563 248
1564 84
1565 110
1566 181
1567 43
1568 293
1569 28
1570 35
1571 207
1572 101
1573 29
1574 242
1575 108
1576 21
1577 320
1578 105
1579 61
1580 289
1581 276
1582 269
1583 49
1584 38
1585 40
1586 40
1587 213
1588 123
1589 293
1590 207
1591 80
1592 46
1593 8
1594 292
1595 340
1596 249
1597 276
1598 355
1599 286
1600 123
1601 118
1602 81
1603 79
1604 276
1605 25
1606 185
1607 126
1608 255
1609 53
1610 248
1611 235
1612 120
1613 366
1614 243
1615 181
1616 144
1617 302
1618 214
1619 133
1620 20
1621 127
1622 322
1623 319
1624 290
1625 316
1626 29
1627 71
1628 145
1629 177
1630 289
1631 167
1632 223
1633 80
1634 46
1635 275
1636 123
1637 243
1638 72
1639 179
1640 148
1641 246
1642 363
1643 362
1644 295
1645 118
1646 223
1647 290
1648 121
1649 292
1650 145
1651 46
1652 102
1653 251
1654 171
1655 46
1656 6
1657 340
1658 15
1659 40
1660 65
1661 39
1662 125
1663 8
1664 45
1665 363
1666 248
1667 28
1668 54
1669 277
1670 289
1671 153
1672 14
1673 152
1674 329
1675 304
1676 174
1677 160
1678 151
1679 157
1680 147
1681 84
1682 349
1683 125
1684 72
1685 189
1686 276
1687 168
1688 322
1689 276
1690 159
1691 204
1692 148
1693 230
1694 174
1695 306
1696 151
1697 315
1698 363
1699 363
1700 172
1701 26
1702 80
1703 133
1704 102
1705 248
1706 349
1707 141
1708 8
1709 268
1710 209
1711 89
1712 65
1713 280
1714 59
1715 290
1716 255
1717 174
1718 171
1719 144
1720 17
1721 37
1722 363
1723 243
1724 68
1725 255
1726 127
1727 290
1728 232
1729 33
1730 181
1731 199
1732 154
1733 153
1734 357
1735 290
1736 293
1737 320
1738 123
1739 325
1740 153
1741 20
1742 64
1743 72
1744 23
1745 88
1746 179
1747 144
1748 363
1749 21
1750 8
1751 84
1752 366
1753 322
1754 252
1755 161
1756 42
1757 108
1758 319
1759 319
1760 144
1761 296
1762 223
1763 306
1764 84
1765 131
1766 154
1767 54
1768 97
1769 290
1770 101
1771 76
1772 354
1773 80
1774 76
1775 40
1776 133
1777 118
1778 292
1779 132
1780 123
1781 277
1782 202
1783 20
1784 131
1785 96
1786 23
1787 277
1788 124
1789 132
1790 153
1791 127
1792 95
1793 303
1794 127
1795 189
1796 129
1797 113
1798 43
1799 41
1800 39
1801 66
1802 84
1803 134
1804 84
1805 329
1806 246
1807 124
1808 286
1809 102
1810 98
1811 54
1812 8
1813 64
1814 54
1815 290
1816 49
1817 358
1818 120
1819 198
1820 83
1821 248
1822 243
1823 49
1824 363
1825 181
1826 89
1827 246
1828 327
1829 305
1830 336
1831 114
1832 248
1833 147
1834 62
1835 29
1836 110
1837 61
1838 154
1839 261
1840 72
1841 375
1842 102
1843 277
1844 49
1845 308
1846 121
1847 129
1848 370
1849 363
1850 98
1851 158
1852 277
1853 277
1854 144
1855 255
1856 125
1857 14
1858 96
1859 61
1860 172
1861 349
1862 105
1863 46
1864 55
1865 54
1866 87
1867 120
1868 20
1869 30
1870 189
1871 178
1872 133
1873 207
1874 20
1875 81
1876 299
1877 139
1878 76
1879 223
1880 98
1881 133
1882 204
1883 329
1884 76
1885 344
1886 127
1887 303
1888 270
1889 126
1890 8
1891 89
1892 248
1893 189
1894 82
1895 124
1896 340
1897 343
1898 21
1899 185
1900 49
1901 123
1902 269
1903 295
1904 230
1905 52
1906 248
1907 72
1908 69
1909 72
1910 28
1911 198
1912 218
1913 305
1914 88
1915 53
1916 101
1917 182
1918 292
1919 89
1920 128
1921 54
1922 363
1923 132
1924 77
1925 173
1926 190
1927 272
1928 363
1929 147
1930 372
1931 179
1932 29
1933 161
1934 40
1935 140
1936 21
1937 316
1938 123
1939 54
1940 53
1941 269
1942 147
1943 122
1944 49
1945 48
1946 54
1947 178
1948 97
1949 43
1950 140
1951 29
1952 84
1953 223
1954 76
1955 363
1956 7
1957 34
1958 21
1959 101
1960 290
1961 39
1962 378
1963 225
1964 189
1965 106
1966 336
1967 319
1968 366
1969 95
1970 154
1971 357
1972 39
1973 168
1974 48
1975 41
1976 8
1977 173
1978 88
1979 299
1980 214
1981 73
1982 71
1983 40
1984 69
1985 41
1986 375
1987 266
1988 46
1989 30
1990 26
1991 53
1992 21
1993 151
1994 94
1995 49
1996 192
1997 83
1998 42
1999 100
2000 182
2001 21
2002 81
2003 324
2004 202
2005 242
2006 336
2007 182
2008 243
2009 158
2010 52
2011 221
2012 171
2013 102
2014 229
2015 88
2016 136
2017 76
2018 8
2019 65
2020 322
2021 106
2022 77
2023 55
2024 20
2025 178
2026 29
2027 126
2028 378
2029 357
2030 84
2031 30
2032 288
2033 233
2034 276
