0 42
1 39
2 39
3 48
4 39
5 0
6 66
7 0
8 0
9 49
10 39
11 0
12 73
13 80
14 42
15 82
16 48
17 54
18 42
19 42
20 30
21 68
22 0
23 67
24 74
25 48
26 39
27 39
28 48
29 0
30 0
31 42
32 39
33 50
34 80
35 39
36 39
37 48
38 48
39 42
40 48
41 52
42 39
43 51
44 39
45 48
46 0
47 80
48 56
49 39
50 0
51 0
52 0
53 78
54 55
55 6
56 70
57 66
58 48
59 0
60 39
61 42
62 30
63 48
64 53
65 81
66 30
67 73
68 56
69 39
70 39
71 39
72 42
73 74
74 0
75 0
76 55
77 66
78 48
79 54
80 30
81 0
82 39
83 74
84 42
85 6
86 62
87 0
88 77
89 51
90 48
91 39
92 51
93 0
94 39
95 53
96 0
97 67
98 0
99 49
100 48
101 30
102 77
103 0
104 48
105 75
106 0
107 39
108 39
109 79
110 54
111 72
112 48
113 39
114 74
115 54
116 56
117 68
118 0
119 82
120 30
121 80
122 39
123 42
124 0
125 51
126 39
127 48
128 42
129 30
130 53
131 51
132 53
133 0
134 75
135 63
136 53
137 6
138 54
139 55
140 48
141 78
142 52
143 0
144 0
145 0
146 39
147 82
148 65
149 39
150 55
151 48
152 39
153 67
154 30
155 52
156 39
157 0
158 42
159 0
160 78
161 80
162 6
163 49
164 42
165 49
166 6
167 48
168 50
169 39
170 0
171 0
172 6
173 30
174 56
175 52
176 30
177 56
178 80
179 49
180 68
181 75
182 69
183 0
184 48
185 0
186 0
187 42
188 30
189 58
190 39
191 0
192 76
193 6
194 62
195 0
196 55
197 48
198 30
199 0
200 0
201 74
202 39
203 0
204 65
205 60
206 49
207 39
208 42
209 39
210 62
211 48
212 39
213 80
214 0
215 39
216 0
217 42
218 71
219 52
220 73
221 39
222 39
223 30
224 53
225 0
226 80
227 0
228 48
229 48
230 65
231 0
232 48
233 48
234 79
235 48
236 61
237 30
238 67
239 72
240 39
241 30
242 42
243 80
244 39
245 51
246 48
247 65
248 48
249 48
250 63
251 6
252 39
253 82
254 39
255 48
256 54
257 48
258 67
259 30
260 0
261 0
262 39
263 0
264 0
265 0
266 39
267 30
268 63
269 39
270 0
271 0
272 54
273 50
274 54
275 48
276 58
277 0
278 39
279 69
280 39
281 65
282 39
283 0
284 30
285 52
286 48
287 0
288 0
289 39
290 39
291 6
292 70
293 6
294 6
295 54
296 48
297 39
298 51
299 54
300 0
301 54
302 68
303 62
304 54
305 61
306 52
307 6
308 42
309 30
310 0
311 56
312 70
313 63
314 54
315 65
316 39
317 62
318 0
319 53
320 30
321 39
322 51
323 70
324 39
325 81
326 0
327 42
328 30
329 53
330 54
331 75
332 48
333 0
334 42
335 67
336 59
337 42
338 0
339 42
340 48
341 42
342 42
343 51
344 48
345 30
346 52
347 21
348 0
349 0
350 6
351 42
352 49
353 55
354 48
355 67
356 80
357 55
358 0
359 0
360 0
361 42
362 39
363 30
364 0
365 6
366 53
367 39
368 6
369 57
370 42
371 55
372 39
373 42
374 0
375 62
376 65
377 0
378 0
379 49
380 0
381 42
382 0
383 53
384 51
385 0
386 30
387 0
388 52
389 0
390 52
391 39
392 0
393 42
394 30
395 0
396 50
397 57
398 48
399 30
400 0
401 80
402 69
403 21
404 51
405 0
406 0
407 0
408 54
409 55
410 0
411 0
412 68
413 39
414 39
415 30
416 55
417 80
418 0
419 0
420 55
421 39
422 74
423 75
424 48
425 0
426 0
427 0
428 48
429 0
430 0
431 78
432 0
433 54
434 6
435 42
436 75
437 48
438 48
439 42
440 48
441 0
442 56
443 56
444 6
445 0
446 0
447 39
448 48
449 39
450 39
451 53
452 0
453 0
454 48
455 48
456 0
457 68
458 48
459 76
460 30
461 39
462 48
463 53
464 54
465 75
466 55
467 55
468 65
469 76
470 57
471 51
472 48
473 42
474 6
475 72
476 57
477 0
478 51
479 54
480 50
481 39
482 80
483 48
484 75
485 0
486 48
487 39
488 30
489 39
490 54
491 50
492 42
493 39
494 49
495 30
496 39
497 30
498 48
499 75
500 0
501 30
502 65
503 69
504 0
505 51
506 0
507 39
508 0
509 54
510 0
511 30
512 0
513 55
514 52
515 42
516 42
517 39
518 77
519 21
520 71
521 0
522 39
523 0
524 0
525 42
526 78
527 0
528 48
529 6
530 39
531 63
532 39
533 0
534 39
535 0
536 65
537 39
538 39
539 0
540 67
541 78
542 6
543 0
544 66
545 0
546 0
547 78
548 39
549 6
550 54
551 48
552 54
553 0
554 42
555 6
556 52
557 48
558 48
559 0
560 48
561 48
562 42
563 72
564 39
565 54
566 48
567 48
568 57
569 21
570 48
571 39
572 39
573 48
574 42
575 0
576 6
577 6
578 48
579 39
580 0
581 39
582 59
583 39
584 0
585 0
586 39
587 42
588 0
589 48
590 0
591 60
592 0
593 48
594 42
595 6
596 77
597 55
598 39
599 54
600 52
601 0
602 42
603 0
604 39
605 54
606 54
607 78
608 74
609 70
610 53
611 61
612 30
613 52
614 6
615 48
616 62
617 0
618 48
619 48
620 39
621 65
622 39
623 0
624 55
625 39
626 0
627 51
628 0
629 54
630 52
631 75
632 52
633 42
634 81
635 21
636 39
637 74
638 42
639 65
640 0
641 64
642 65
643 48
644 82
645 0
646 57
647 0
648 21
649 48
650 39
651 0
652 75
653 39
654 48
655 50
656 48
657 75
658 65
659 0
660 48
661 0
662 53
663 39
664 52
665 0
666 80
667 79
668 52
669 48
670 6
671 39
672 39
673 42
674 73
675 0
676 80
677 0
678 0
679 39
680 48
681 54
682 0
683 56
684 55
685 62
686 49
687 64
688 0
689 49
690 42
691 55
692 62
693 48
694 55
695 39
696 54
697 65
698 54
699 52
700 56
701 72
702 53
703 54
704 80
705 49
706 55
707 42
708 0
709 39
710 65
711 39
712 0
713 48
714 62
715 54
716 0
717 0
718 83
719 48
720 30
721 39
722 42
723 6
724 74
725 39
726 54
727 39
728 65
729 71
730 48
731 53
732 63
733 71
734 55
735 49
736 39
737 63
738 48
739 48
740 42
741 59
742 70
743 48
744 48
745 42
746 80
747 54
748 39
749 39
750 76
751 0
752 51
753 51
754 56
755 75
756 42
757 75
758 78
759 49
760 39
761 0
762 55
763 69
764 39
765 65
766 54
767 0
768 48
769 50
770 0
771 82
772 80
773 0
774 0
775 70
776 65
777 0
778 0
779 0
780 55
781 30
782 78
783 77
784 48
785 0
786 39
787 0
788 0
789 59
790 6
791 49
792 48
793 42
794 30
795 39
796 39
797 48
798 48
799 48
800 30
801 80
802 39
803 72
804 6
805 48
806 42
807 39
808 80
809 62
810 70
811 39
812 80
813 54
814 54
815 56
816 48
817 30
818 0
819 59
820 48
821 74
822 50
823 39
824 48
825 55
826 6
827 76
828 56
829 0
830 75
831 39
832 74
833 30
834 30
835 21
836 0
837 0
838 74
839 42
840 0
841 0
842 0
843 0
844 0
845 55
846 49
847 30
848 67
849 48
850 51
851 66
852 42
853 64
854 75
855 80
856 50
857 65
858 49
859 39
860 30
861 42
862 54
863 0
864 39
865 0
866 0
867 65
868 42
869 30
870 75
871 6
872 42
873 30
874 39
875 67
876 0
877 51
878 42
879 54
880 49
881 39
882 62
883 30
884 30
885 42
886 54
887 42
888 55
889 0
890 39
891 39
892 56
893 6
894 0
895 0
896 0
897 49
898 0
899 42
900 39
901 42
902 48
903 48
904 39
905 30
906 74
907 69
908 75
909 80
910 39
911 80
912 49
913 0
914 75
915 49
916 48
917 42
918 82
919 39
920 39
921 6
922 42
923 57
924 52
925 80
926 42
927 71
928 0
929 0
930 54
931 6
932 39
933 0
934 39
935 0
936 30
937 48
938 54
939 63
940 39
941 6
942 30
943 0
944 42
945 51
946 48
947 49
948 52
949 60
950 39
951 51
952 82
953 30
954 63
955 0
956 0
957 0
958 51
959 48
960 0
961 42
962 54
963 39
964 48
965 0
966 0
967 67
968 48
969 48
970 30
971 39
972 39
973 0
974 61
975 0
976 54
977 80
978 0
979 76
980 0
981 55
982 39
983 39
984 6
985 48
986 30
987 30
988 0
989 0
990 0
991 54
992 39
993 0
994 55
995 69
996 39
997 42
998 0
999 30
1000 68
1001 48
1002 48
1003 58
1004 0
1005 42
1006 54
1007 6
1008 42
1009 80
1010 0
1011 39
1012 55
1013 55
1014 49
1015 0
1016 51
1017 75
1018 39
1019 30
1020 54
1021 48
1022 48
1023 48
1024 71
1025 54
1026 48
1027 51
1028 0
1029 48
1030 54
1031 0
1032 42
1033 6
1034 50
1035 0
1036 80
1037 39
1038 0
1039 54
1040 48
1041 0
1042 48
1043 39
1044 78
1045 39
1046 39
1047 49
1048 48
1049 0
1050 42
1051 6
1052 60
1053 80
1054 39
1055 65
1056 69
1057 0
1058 49
1059 30
1060 0
1061 0
1062 30
1063 39
1064 0
1065 39
1066 0
1067 0
1068 54
1069 48
1070 0
1071 52
1072 6
1073 52
1074 51
1075 54
1076 56
1077 66
1078 73
1079 78
1080 56
1081 74
1082 39
1083 54
1084 42
1085 39
1086 69
1087 0
1088 42
1089 39
1090 39
1091 62
1092 0
1093 52
1094 0
1095 0
1096 0
1097 0
1098 65
1099 74
1100 0
1101 0
1102 39
1103 30
1104 42
1105 0
1106 0
1107 30
1108 0
1109 0
1110 0
1111 39
1112 39
1113 0
1114 42
1115 54
1116 64
1117 65
1118 0
1119 80
1120 0
1121 42
1122 75
1123 48
1124 48
1125 75
1126 67
1127 39
1128 42
1129 75
1130 39
1131 48
1132 0
1133 0
1134 48
1135 39
1136 0
1137 39
1138 48
1139 0
1140 52
1141 65
1142 0
1143 48
1144 57
1145 0
1146 48
1147 42
1148 30
1149 48
1150 75
1151 50
1152 6
1153 39
1154 67
1155 82
1156 65
1157 57
1158 6
1159 48
1160 69
1161 42
1162 0
1163 52
1164 67
1165 69
1166 0
1167 48
1168 30
1169 39
1170 54
1171 48
1172 54
1173 53
1174 0
1175 39
1176 39
1177 49
1178 54
1179 39
1180 30
1181 55
1182 69
1183 0
1184 42
1185 63
1186 55
1187 75
1188 74
1189 42
1190 30
1191 39
1192 71
1193 39
1194 39
1195 6
1196 54
1197 39
1198 53
1199 30
1200 39
1201 0
1202 39
1203 54
1204 0
1205 48
1206 0
1207 54
1208 0
1209 39
1210 78
1211 42
1212 42
1213 57
1214 0
1215 74
1216 39
1217 0
1218 39
1219 54
1220 56
1221 0
1222 0
1223 50
1224 39
1225 39
1226 52
1227 39
1228 42
1229 0
1230 39
1231 66
1232 0
1233 53
1234 54
1235 39
1236 0
1237 48
1238 48
1239 51
1240 58
1241 39
1242 65
1243 79
1244 0
1245 0
1246 30
1247 76
1248 39
1249 48
1250 0
1251 53
1252 39
1253 42
1254 42
1255 0
1256 42
1257 48
1258 48
1259 42
1260 50
1261 48
1262 30
1263 39
1264 68
1265 39
1266 0
1267 48
1268 56
1269 48
1270 30
1271 48
1272 0
1273 67
1274 69
1275 48
1276 55
1277 80
1278 52
1279 76
1280 74
1281 39
1282 0
1283 0
1284 0
1285 39
1286 74
1287 0
1288 0
1289 48
1290 66
1291 0
1292 68
1293 39
1294 42
1295 54
1296 51
1297 48
1298 0
1299 48
1300 48
1301 39
1302 39
1303 81
1304 42
1305 39
1306 39
1307 0
1308 0
1309 48
1310 71
1311 53
1312 0
1313 48
1314 77
1315 51
1316 42
1317 48
1318 0
1319 0
1320 55
1321 69
1322 0
1323 39
1324 42
1325 39
1326 39
1327 77
1328 0
1329 49
1330 48
1331 39
1332 30
1333 39
1334 48
1335 30
1336 0
1337 39
1338 0
1339 30
1340 39
1341 42
1342 48
1343 30
1344 30
1345 21
1346 6
1347 80
1348 39
1349 80
1350 0
1351 74
1352 73
1353 48
1354 62
1355 6
1356 0
1357 74
1358 42
1359 64
1360 73
1361 48
1362 52
1363 0
1364 0
1365 0
1366 6
1367 52
1368 42
1369 51
1370 6
1371 42
1372 0
1373 75
1374 57
1375 48
1376 48
1377 53
1378 0
1379 0
1380 0
1381 58
1382 0
1383 83
1384 42
1385 39
1386 73
1387 0
1388 65
1389 80
1390 56
1391 56
1392 55
1393 30
1394 80
1395 75
1396 54
1397 30
1398 0
1399 75
1400 39
1401 65
1402 0
1403 83
1404 6
1405 54
1406 65
1407 80
1408 52
1409 55
1410 0
1411 0
1412 39
1413 0
1414 6
1415 6
1416 30
1417 67
1418 48
1419 48
1420 39
1421 48
1422 53
1423 48
1424 66
1425 39
1426 42
1427 70
1428 48
1429 39
1430 39
1431 49
1432 52
1433 82
1434 0
1435 69
1436 42
1437 52
1438 6
1439 0
1440 54
1441 69
1442 53
1443 0
1444 49
1445 0
1446 66
1447 81
1448 55
1449 39
1450 51
1451 78
1452 0
1453 0
1454 48
1455 78
1456 54
1457 55
1458 39
1459 39
1460 0
1461 0
1462 74
1463 49
1464 65
1465 39
1466 78
1467 0
1468 49
1469 51
1470 0
1471 6
1472 39
1473 48
1474 0
1475 48
1476 0
1477 39
1478 39
1479 0
1480 51
1481 67
1482 42
1483 42
1484 0
1485 0
1486 30
1487 48
1488 30
1489 0
1490 53
1491 48
1492 48
1493 21
1494 48
1495 48
1496 0
1497 30
1498 0
1499 42
1500 39
1501 65
1502 39
1503 39
1504 39
1505 80
1506 56
1507 0
1508 56
1509 39
1510 42
1511 76
1512 48
1513 0
1514 42
1515 83
1516 51
1517 30
1518 39
1519 6
1520 39
1521 39
1522 6
1523 54
1524 42
1525 75
1526 48
1527 39
1528 74
1529 70
1530 21
1531 48
1532 42
1533 0
1534 72
1535 39
1536 63
1537 0
1538 39
1539 39
1540 48
1541 0
1542 30
1543 42
1544 50
1545 75
1546 30
1547 65
1548 39
1549 0
1550 0
1551 0
1552 39
1553 48
1554 42
1555 82
1556 30
1557 39
1558 67
1559 39
1560 39
1561 39
1562 39
1563 56
1564 0
1565 42
1566 70
1567 55
1568 48
1569 39
1570 79
1571 42
1572 0
1573 54
1574 79
1575 56
1576 39
1577 54
1578 48
1579 48
1580 42
1581 51
1582 50
1583 48
1584 56
1585 0
1586 0
1587 50
1588 39
1589 71
1590 48
1591 0
1592 0
1593 21
1594 48
1595 0
1596 79
1597 59
1598 48
1599 72
1600 75
1601 52
1602 0
1603 0
1604 39
1605 65
1606 66
1607 48
1608 66
1609 48
1610 56
1611 50
1612 51
1613 39
1614 48
1615 75
1616 54
1617 48
1618 64
1619 0
1620 0
1621 39
1622 53
1623 0
1624 42
1625 57
1626 0
1627 73
1628 0
1629 75
1630 54
1631 54
1632 52
1633 0
1634 0
1635 52
1636 56
1637 48
1638 39
1639 64
1640 79
1641 48
1642 77
1643 79
1644 0
1645 82
1646 52
1647 30
1648 80
1649 48
1650 69
1651 76
1652 48
1653 51
1654 30
1655 57
1656 39
1657 82
1658 0
1659 0
1660 6
1661 39
1662 30
1663 0
1664 6
1665 0
1666 56
1667 0
1668 52
1669 0
1670 42
1671 54
1672 78
1673 48
1674 0
1675 82
1676 42
1677 79
1678 72
1679 55
1680 0
1681 39
1682 48
1683 42
1684 0
1685 48
1686 39
1687 30
1688 53
1689 54
1690 39
1691 78
1692 68
1693 39
1694 72
1695 48
1696 48
1697 39
1698 0
1699 54
1700 39
1701 75
1702 39
1703 42
1704 6
1705 57
1706 51
1707 54
1708 54
1709 65
1710 48
1711 55
1712 48
1713 48
1714 53
1715 67
1716 63
1717 55
1718 6
1719 42
1720 62
1721 0
1722 0
1723 48
1724 79
1725 39
1726 80
1727 42
1728 80
1729 39
1730 69
1731 70
1732 71
1733 54
1734 0
1735 82
1736 71
1737 48
1738 39
1739 73
1740 54
1741 39
1742 51
1743 50
1744 39
1745 6
1746 66
1747 6
1748 0
1749 21
1750 54
1751 0
1752 39
1753 77
1754 76
1755 68
1756 0
1757 39
1758 30
1759 0
1760 0
1761 0
1762 73
1763 48
1764 0
1765 48
1766 51
1767 48
1768 42
1769 52
1770 0
1771 0
1772 75
1773 39
1774 80
1775 0
1776 0
1777 52
1778 48
1779 48
1780 76
1781 48
1782 42
1783 48
1784 6
1785 0
1786 62
1787 0
1788 65
1789 39
1790 63
1791 30
1792 0
1793 81
1794 30
1795 39
1796 0
1797 42
1798 0
1799 0
1800 30
1801 39
1802 55
1803 0
1804 0
1805 0
1806 52
1807 48
1808 48
1809 0
1810 0
1811 39
1812 0
1813 51
1814 30
1815 42
1816 0
1817 48
1818 51
1819 73
1820 39
1821 58
1822 48
1823 48
1824 0
1825 71
1826 30
1827 70
1828 39
1829 80
1830 49
1831 55
1832 57
1833 0
1834 66
1835 0
1836 48
1837 56
1838 74
1839 39
1840 48
1841 58
1842 39
1843 39
1844 0
1845 39
1846 55
1847 55
1848 75
1849 0
1850 39
1851 30
1852 55
1853 0
1854 39
1855 39
1856 30
1857 42
1858 30
1859 80
1860 30
1861 48
1862 65
1863 39
1864 54
1865 50
1866 42
1867 55
1868 39
1869 0
1870 48
1871 48
1872 39
1873 50
1874 83
1875 0
1876 0
1877 53
1878 0
1879 75
1880 54
1881 42
1882 42
1883 42
1884 0
1885 55
1886 42
1887 49
1888 82
1889 54
1890 60
1891 39
1892 63
1893 80
1894 69
1895 49
1896 0
1897 54
1898 0
1899 65
1900 39
1901 30
1902 57
1903 55
1904 42
1905 39
1906 65
1907 6
1908 64
1909 6
1910 0
1911 80
1912 49
1913 73
1914 0
1915 52
1916 42
1917 55
1918 48
1919 39
1920 48
1921 39
1922 82
1923 39
1924 0
1925 52
1926 66
1927 30
1928 0
1929 39
1930 53
1931 0
1932 42
1933 67
1934 0
1935 42
1936 39
1937 42
1938 39
1939 81
1940 53
1941 55
1942 0
1943 48
1944 42
1945 0
1946 0
1947 51
1948 50
1949 0
1950 53
1951 80
1952 21
1953 71
1954 42
1955 82
1956 39
1957 39
1958 42
1959 39
1960 79
1961 54
1962 75
1963 55
1964 39
1965 42
1966 51
1967 42
1968 0
1969 0
1970 71
1971 0
1972 6
1973 39
1974 39
1975 0
1976 48
1977 66
1978 48
1979 0
1980 75
1981 62
1982 39
1983 0
1984 69
1985 0
1986 53
1987 0
1988 54
1989 39
1990 65
1991 42
1992 30
1993 54
1994 30
1995 63
1996 61
1997 0
1998 0
1999 48
2000 50
2001 0
2002 0
2003 73
2004 39
2005 48
2006 78
2007 52
2008 48
2009 61
2010 0
2011 76
2012 39
2013 39
2014 48
2015 0
2016 30
2017 0
2018 30
2019 30
2020 55
2021 42
2022 52
2023 39
2024 0
2025 51
2026 0
2027 48
2028 48
2029 6
2030 39
2031 39
2032 6
2033 56
2034 52
