0 1960
1 1957
2 1957
3 1966
4 1957
5 1918
6 1984
7 1918
8 1918
9 1967
10 1957
11 1918
12 1991
13 1998
14 1960
15 2000
16 1966
17 1972
18 1960
19 1960
20 1948
21 1986
22 1918
23 1985
24 1992
25 1966
26 1957
27 1957
28 1966
29 1918
30 1918
31 1960
32 1957
33 1968
34 1998
35 1957
36 1957
37 1966
38 1966
39 1960
40 1966
41 1970
42 1957
43 1969
44 1957
45 1966
46 1918
47 1998
48 1974
49 1957
50 1918
51 1918
52 1918
53 1996
54 1973
55 1924
56 1988
57 1984
58 1966
59 1918
60 1957
61 1960
62 1948
63 1966
64 1971
65 1999
66 1948
67 1991
68 1974
69 1957
70 1957
71 1957
72 1960
73 1992
74 1918
75 1918
76 1973
77 1984
78 1966
79 1972
80 1948
81 1918
82 1957
83 1992
84 1960
85 1924
86 1980
87 1918
88 1995
89 1969
90 1966
91 1957
92 1969
93 1918
94 1957
95 1971
96 1918
97 1985
98 1918
99 1967
100 1966
101 1948
102 1995
103 1918
104 1966
105 1993
106 1918
107 1957
108 1957
109 1997
110 1972
111 1990
112 1966
113 1957
114 1992
115 1972
116 1974
117 1986
118 1918
119 2000
120 1948
121 1998
122 1957
123 1960
124 1918
125 1969
126 1957
127 1966
128 1960
129 1948
130 1971
131 1969
132 1971
133 1918
134 1993
135 1981
136 1971
137 1924
138 1972
139 1973
140 1966
141 1996
142 1970
143 1918
144 1918
145 1918
146 1957
147 2000
148 1983
149 1957
150 1973
151 1966
152 1957
153 1985
154 1948
155 1970
156 1957
157 1918
158 1960
159 1918
160 1996
161 1998
162 1924
163 1967
164 1960
165 1967
166 1924
167 1966
168 1968
169 1957
170 1918
171 1918
172 1924
173 1948
174 1974
175 1970
176 1948
177 1974
178 1998
179 1967
180 1986
181 1993
182 1987
183 1918
184 1966
185 1918
186 1918
187 1960
188 1948
189 1976
190 1957
191 1918
192 1994
193 1924
194 1980
195 1918
196 1973
197 1966
198 1948
199 1918
200 1918
201 1992
202 1957
203 1918
204 1983
205 1978
206 1967
207 1957
208 1960
209 1957
210 1980
211 1966
212 1957
213 1998
214 1918
215 1957
216 1918
217 1960
218 1989
219 1970
220 1991
221 1957
222 1957
223 1948
224 1971
225 1918
226 1998
227 1918
228 1966
229 1966
230 1983
231 1918
232 1966
233 1966
234 1997
235 1966
236 1979
237 1948
238 1985
239 1990
240 1957
241 1948
242 1960
243 1998
244 1957
245 1969
246 1966
247 1983
248 1966
249 1966
250 1981
251 1924
252 1957
253 2000
254 1957
255 1966
256 1972
257 1966
258 1985
259 1948
260 1918
261 1918
262 1957
263 1918
264 1918
265 1918
266 1957
267 1948
268 1981
269 1957
270 1918
271 1918
272 1972
273 1968
274 1972
275 1966
276 1976
277 1918
278 1957
279 1987
280 1957
281 1983
282 1957
283 1918
284 1948
285 1970
286 1966
287 1918
288 1918
289 1957
290 1957
291 1924
292 1988
293 1924
294 1924
295 1972
296 1966
297 1957
298 1969
299 1972
300 1918
301 1972
302 1986
303 1980
304 1972
305 1979
306 1970
307 1924
308 1960
309 1948
310 1918
311 1974
312 1988
313 1981
314 1972
315 1983
316 1957
317 1980
318 1918
319 1971
320 1948
321 1957
322 1969
323 1988
324 1957
325 1999
326 1918
327 1960
328 1948
329 1971
330 1972
331 1993
332 1966
333 1918
334 1960
335 1985
336 1977
337 1960
338 1918
339 1960
340 1966
341 1960
342 1960
343 1969
344 1966
345 1948
346 1970
347 1939
348 1918
349 1918
350 1924
351 1960
352 1967
353 1973
354 1966
355 1985
356 1998
357 1973
358 1918
359 1918
360 1918
361 1960
362 1957
363 1948
364 1918
365 1924
366 1971
367 1957
368 1924
369 1975
370 1960
371 1973
372 1957
373 1960
374 1918
375 1980
376 1983
377 1918
378 1918
379 1967
380 1918
381 1960
382 1918
383 1971
384 1969
385 1918
386 1948
387 1918
388 1970
389 1918
390 1970
391 1957
392 1918
393 1960
394 1948
395 1918
396 1968
397 1975
398 1966
399 1948
400 1918
401 1998
402 1987
403 1939
404 1969
405 1918
406 1918
407 1918
408 1972
409 1973
410 1918
411 1918
412 1986
413 1957
414 1957
415 1948
416 1973
417 1998
418 1918
419 1918
420 1973
421 1957
422 1992
423 1993
424 1966
425 1918
426 1918
427 1918
428 1966
429 1918
430 1918
431 1996
432 1918
433 1972
434 1924
435 1960
436 1993
437 1966
438 1966
439 1960
440 1966
441 1918
442 1974
443 1974
444 1924
445 1918
446 1918
447 1957
448 1966
449 1957
450 1957
451 1971
452 1918
453 1918
454 1966
455 1966
456 1918
457 1986
458 1966
459 1994
460 1948
461 1957
462 1966
463 1971
464 1972
465 1993
466 1973
467 1973
468 1983
469 1994
470 1975
471 1969
472 1966
473 1960
474 1924
475 1990
476 1975
477 1918
478 1969
479 1972
480 1968
481 1957
482 1998
483 1966
484 1993
485 1918
486 1966
487 1957
488 1948
489 1957
490 1972
491 1968
492 1960
493 1957
494 1967
495 1948
496 1957
497 1948
498 1966
499 1993
500 1918
501 1948
502 1983
503 1987
504 1918
505 1969
506 1918
507 1957
508 1918
509 1972
510 1918
511 1948
512 1918
513 1973
514 1970
515 1960
516 1960
517 1957
518 1995
519 1939
520 1989
521 1918
522 1957
523 1918
524 1918
525 1960
526 1996
527 1918
528 1966
529 1924
530 1957
531 1981
532 1957
533 1918
534 1957
535 1918
536 1983
537 1957
538 1957
539 1918
540 1985
541 1996
542 1924
543 1918
544 1984
545 1918
546 1918
547 1996
548 1957
549 1924
550 1972
551 1966
552 1972
553 1918
554 1960
555 1924
556 1970
557 1966
558 1966
559 1918
560 1966
561 1966
562 1960
563 1990
564 1957
565 1972
566 1966
567 1966
568 1975
569 1939
570 1966
571 1957
572 1957
573 1966
574 1960
575 1918
576 1924
577 1924
578 1966
579 1957
580 1918
581 1957
582 1977
583 1957
584 1918
585 1918
586 1957
587 1960
588 1918
589 1966
590 1918
591 1978
592 1918
593 1966
594 1960
595 1924
596 1995
597 1973
598 1957
599 1972
600 1970
601 1918
602 1960
603 1918
604 1957
605 1972
606 1972
607 1996
608 1992
609 1988
610 1971
611 1979
612 1948
613 1970
614 1924
615 1966
616 1980
617 1918
618 1966
619 1966
620 1957
621 1983
622 1957
623 1918
624 1973
625 1957
626 1918
627 1969
628 1918
629 1972
630 1970
631 1993
632 1970
633 1960
634 1999
635 1939
636 1957
637 1992
638 1960
639 1983
640 1918
641 1982
642 1983
643 1966
644 2000
645 1918
646 1975
647 1918
648 1939
649 1966
650 1957
651 1918
652 1993
653 1957
654 1966
655 1968
656 1966
657 1993
658 1983
659 1918
660 1966
661 1918
662 1971
663 1957
664 1970
665 1918
666 1998
667 1997
668 1970
669 1966
670 1924
671 1957
672 1957
673 1960
674 1991
675 1918
676 1998
677 1918
678 1918
679 1957
680 1966
681 1972
682 1918
683 1974
684 1973
685 1980
686 1967
687 1982
688 1918
689 1967
690 1960
691 1973
692 1980
693 1966
694 1973
695 1957
696 1972
697 1983
698 1972
699 1970
700 1974
701 1990
702 1971
703 1972
704 1998
705 1967
706 1973
707 1960
708 1918
709 1957
710 1983
711 1957
712 1918
713 1966
714 1980
715 1972
716 1918
717 1918
718 2001
719 1966
720 1948
721 1957
722 1960
723 1924
724 1992
725 1957
726 1972
727 1957
728 1983
729 1989
730 1966
731 1971
732 1981
733 1989
734 1973
735 1967
736 1957
737 1981
738 1966
739 1966
740 1960
741 1977
742 1988
743 1966
744 1966
745 1960
746 1998
747 1972
748 1957
749 1957
750 1994
751 1918
752 1969
753 1969
754 1974
755 1993
756 1960
757 1993
758 1996
759 1967
760 1957
761 1918
762 1973
763 1987
764 1957
765 1983
766 1972
767 1918
768 1966
769 1968
770 1918
771 2000
772 1998
773 1918
774 1918
775 1988
776 1983
777 1918
778 1918
779 1918
780 1973
781 1948
782 1996
783 1995
784 1966
785 1918
786 1957
787 1918
788 1918
789 1977
790 1924
791 1967
792 1966
793 1960
794 1948
795 1957
796 1957
797 1966
798 1966
799 1966
800 1948
801 1998
802 1957
803 1990
804 1924
805 1966
806 1960
807 1957
808 1998
809 1980
810 1988
811 1957
812 1998
813 1972
814 1972
815 1974
816 1966
817 1948
818 1918
819 1977
820 1966
821 1992
822 1968
823 1957
824 1966
825 1973
826 1924
827 1994
828 1974
829 1918
830 1993
831 1957
832 1992
833 1948
834 1948
835 1939
836 1918
837 1918
838 1992
839 1960
840 1918
841 1918
842 1918
843 1918
844 1918
845 1973
846 1967
847 1948
848 1985
849 1966
850 1969
851 1984
852 1960
853 1982
854 1993
855 1998
856 1968
857 1983
858 1967
859 1957
860 1948
861 1960
862 1972
863 1918
864 1957
865 1918
866 1918
867 1983
868 1960
869 1948
870 1993
871 1924
872 1960
873 1948
874 1957
875 1985
876 1918
877 1969
878 1960
879 1972
880 1967
881 1957
882 1980
883 1948
884 1948
885 1960
886 1972
887 1960
888 1973
889 1918
890 1957
891 1957
892 1974
893 1924
894 1918
895 1918
896 1918
897 1967
898 1918
899 1960
900 1957
901 1960
902 1966
903 1966
904 1957
905 1948
906 1992
907 1987
908 1993
909 1998
910 1957
911 1998
912 1967
913 1918
914 1993
915 1967
916 1966
917 1960
918 2000
919 1957
920 1957
921 1924
922 1960
923 1975
924 1970
925 1998
926 1960
927 1989
928 1918
929 1918
930 1972
931 1924
932 1957
933 1918
934 1957
935 1918
936 1948
937 1966
938 1972
939 1981
940 1957
941 1924
942 1948
943 1918
944 1960
945 1969
946 1966
947 1967
948 1970
949 1978
950 1957
951 1969
952 2000
953 1948
954 1981
955 1918
956 1918
957 1918
958 1969
959 1966
960 1918
961 1960
962 1972
963 1957
964 1966
965 1918
966 1918
967 1985
968 1966
969 1966
970 1948
971 1957
972 1957
973 1918
974 1979
975 1918
976 1972
977 1998
978 1918
979 1994
980 1918
981 1973
982 1957
983 1957
984 1924
985 1966
986 1948
987 1948
988 1918
989 1918
990 1918
991 1972
992 1957
993 1918
994 1973
995 1987
996 1957
997 1960
998 1918
999 1948
1000 1986
1001 1966
1002 1966
1003 1976
1004 1918
1005 1960
1006 1972
1007 1924
1008 1960
1009 1998
1010 1918
1011 1957
1012 1973
1013 1973
1014 1967
1015 1918
1016 1969
1017 1993
1018 1957
1019 1948
1020 1972
1021 1966
1022 1966
1023 1966
1024 1989
1025 1972
1026 1966
1027 1969
1028 1918
1029 1966
1030 1972
1031 1918
1032 1960
1033 1924
1034 1968
1035 1918
1036 1998
1037 1957
1038 1918
1039 1972
1040 1966
1041 1918
1042 1966
1043 1957
1044 1996
1045 1957
1046 1957
1047 1967
1048 1966
1049 1918
1050 1960
1051 1924
1052 1978
1053 1998
1054 1957
1055 1983
1056 1987
1057 1918
1058 1967
1059 1948
1060 1918
1061 1918
1062 1948
1063 1957
1064 1918
1065 1957
1066 1918
1067 1918
1068 1972
1069 1966
1070 1918
1071 1970
1072 1924
1073 1970
1074 1969
1075 1972
1076 1974
1077 1984
1078 1991
1079 1996
1080 1974
1081 1992
1082 1957
1083 1972
1084 1960
1085 1957
1086 1987
1087 1918
1088 1960
1089 1957
1090 1957
1091 1980
1092 1918
1093 1970
1094 1918
1095 1918
1096 1918
1097 1918
1098 1983
1099 1992
1100 1918
1101 1918
1102 1957
1103 1948
1104 1960
1105 1918
1106 1918
1107 1948
1108 1918
1109 1918
1110 1918
1111 1957
1112 1957
1113 1918
1114 1960
1115 1972
1116 1982
1117 1983
1118 1918
1119 1998
1120 1918
1121 1960
1122 1993
1123 1966
1124 1966
1125 1993
1126 1985
1127 1957
1128 1960
1129 1993
1130 1957
1131 1966
1132 1918
1133 1918
1134 1966
1135 1957
1136 1918
1137 1957
1138 1966
1139 1918
1140 1970
1141 1983
1142 1918
1143 1966
1144 1975
1145 1918
1146 1966
1147 1960
1148 1948
1149 1966
1150 1993
1151 1968
1152 1924
1153 1957
1154 1985
1155 2000
1156 1983
1157 1975
1158 1924
1159 1966
1160 1987
1161 1960
1162 1918
1163 1970
1164 1985
1165 1987
1166 1918
1167 1966
1168 1948
1169 1957
1170 1972
1171 1966
1172 1972
1173 1971
1174 1918
1175 1957
1176 1957
1177 1967
1178 1972
1179 1957
1180 1948
1181 1973
1182 1987
1183 1918
1184 1960
1185 1981
1186 1973
1187 1993
1188 1992
1189 1960
1190 1948
1191 1957
1192 1989
1193 1957
1194 1957
1195 1924
1196 1972
1197 1957
1198 1971
1199 1948
1200 1957
1201 1918
1202 1957
1203 1972
1204 1918
1205 1966
1206 1918
1207 1972
1208 1918
1209 1957
1210 1996
1211 1960
1212 1960
1213 1975
1214 1918
1215 1992
1216 1957
1217 1918
1218 1957
1219 1972
1220 1974
1221 1918
1222 1918
1223 1968
1224 1957
1225 1957
1226 1970
1227 1957
1228 1960
1229 1918
1230 1957
1231 1984
1232 1918
1233 1971
1234 1972
1235 1957
1236 1918
1237 1966
1238 1966
1239 1969
1240 1976
1241 1957
1242 1983
1243 1997
1244 1918
1245 1918
1246 1948
1247 1994
1248 1957
1249 1966
1250 1918
1251 1971
1252 1957
1253 1960
1254 1960
1255 1918
1256 1960
1257 1966
1258 1966
1259 1960
1260 1968
1261 1966
1262 1948
1263 1957
1264 1986
1265 1957
1266 1918
1267 1966
1268 1974
1269 1966
1270 1948
1271 1966
1272 1918
1273 1985
1274 1987
1275 1966
1276 1973
1277 1998
1278 1970
1279 1994
1280 1992
1281 1957
1282 1918
1283 1918
1284 1918
1285 1957
1286 1992
1287 1918
1288 1918
1289 1966
1290 1984
1291 1918
1292 1986
1293 1957
1294 1960
1295 1972
1296 1969
1297 1966
1298 1918
1299 1966
1300 1966
1301 1957
1302 1957
1303 1999
1304 1960
1305 1957
1306 1957
1307 1918
1308 1918
1309 1966
1310 1989
1311 1971
1312 1918
1313 1966
1314 1995
1315 1969
1316 1960
1317 1966
1318 1918
1319 1918
1320 1973
1321 1987
1322 1918
1323 1957
1324 1960
1325 1957
1326 1957
1327 1995
1328 1918
1329 1967
1330 1966
1331 1957
1332 1948
1333 1957
1334 1966
1335 1948
1336 1918
1337 1957
1338 1918
1339 1948
1340 1957
1341 1960
1342 1966
1343 1948
1344 1948
1345 1939
1346 1924
1347 1998
1348 1957
1349 1998
1350 1918
1351 1992
1352 1991
1353 1966
1354 1980
1355 1924
1356 1918
1357 1992
1358 1960
1359 1982
1360 1991
1361 1966
1362 1970
1363 1918
1364 1918
1365 1918
1366 1924
1367 1970
1368 1960
1369 1969
1370 1924
1371 1960
1372 1918
1373 1993
1374 1975
1375 1966
1376 1966
1377 1971
1378 1918
1379 1918
1380 1918
1381 1976
1382 1918
1383 2001
1384 1960
1385 1957
1386 1991
1387 1918
1388 1983
1389 1998
1390 1974
1391 1974
1392 1973
1393 1948
1394 1998
1395 1993
1396 1972
1397 1948
1398 1918
1399 1993
1400 1957
1401 1983
1402 1918
1403 2001
1404 1924
1405 1972
1406 1983
1407 1998
1408 1970
1409 1973
1410 1918
1411 1918
1412 1957
1413 1918
1414 1924
1415 1924
1416 1948
1417 1985
1418 1966
1419 1966
1420 1957
1421 1966
1422 1971
1423 1966
1424 1984
1425 1957
1426 1960
1427 1988
1428 1966
1429 1957
1430 1957
1431 1967
1432 1970
1433 2000
1434 1918
1435 1987
1436 1960
1437 1970
1438 1924
1439 1918
1440 1972
1441 1987
1442 1971
1443 1918
1444 1967
1445 1918
1446 1984
1447 1999
1448 1973
1449 1957
1450 1969
1451 1996
1452 1918
1453 1918
1454 1966
1455 1996
1456 1972
1457 1973
1458 1957
1459 1957
1460 1918
1461 1918
1462 1992
1463 1967
1464 1983
1465 1957
1466 1996
1467 1918
1468 1967
1469 1969
1470 1918
1471 1924
1472 1957
1473 1966
1474 1918
1475 1966
1476 1918
1477 1957
1478 1957
1479 1918
1480 1969
1481 1985
1482 1960
1483 1960
1484 1918
1485 1918
1486 1948
1487 1966
1488 1948
1489 1918
1490 1971
1491 1966
1492 1966
1493 1939
1494 1966
1495 1966
1496 1918
1497 1948
1498 1918
1499 1960
1500 1957
1501 1983
1502 1957
1503 1957
1504 1957
1505 1998
1506 1974
1507 1918
1508 1974
1509 1957
1510 1960
1511 1994
1512 1966
1513 1918
1514 1960
1515 2001
1516 1969
1517 1948
1518 1957
1519 1924
1520 1957
1521 1957
1522 1924
1523 1972
1524 1960
1525 1993
1526 1966
1527 1957
1528 1992
1529 1988
1530 1939
1531 1966
1532 1960
1533 1918
1534 1990
1535 1957
1536 1981
1537 1918
1538 1957
1539 1957
1540 1966
1541 1918
1542 1948
1543 1960
1544 1968
1545 1993
1546 1948
1547 1983
1548 1957
1549 1918
1550 1918
1551 1918
1552 1957
1553 1966
1554 1960
1555 2000
1556 1948
1557 1957
1558 1985
1559 1957
1560 1957
1561 1957
1562 1957
1563 1974
1564 1918
1565 1960
1566 1988
1567 1973
1568 1966
1569 1957
1570 1997
1571 1960
1572 1918
1573 1972
1574 1997
1575 1974
1576 1957
1577 1972
1578 1966
1579 1966
1580 1960
1581 1969
1582 1968
1583 1966
1584 1974
1585 1918
1586 1918
1587 1968
1588 1957
1589 1989
1590 1966
1591 1918
1592 1918
1593 1939
1594 1966
1595 1918
1596 1997
1597 1977
1598 1966
1599 1990
1600 1993
1601 1970
1602 1918
1603 1918
1604 1957
1605 1983
1606 1984
1607 1966
1608 1984
1609 1966
1610 1974
1611 1968
1612 1969
1613 1957
1614 1966
1615 1993
1616 1972
1617 1966
1618 1982
1619 1918
1620 1918
1621 1957
1622 1971
1623 1918
1624 1960
1625 1975
1626 1918
1627 1991
1628 1918
1629 1993
1630 1972
1631 1972
1632 1970
1633 1918
1634 1918
1635 1970
1636 1974
1637 1966
1638 1957
1639 1982
1640 1997
1641 1966
1642 1995
1643 1997
1644 1918
1645 2000
1646 1970
1647 1948
1648 1998
1649 1966
1650 1987
1651 1994
1652 1966
1653 1969
1654 1948
1655 1975
1656 1957
1657 2000
1658 1918
1659 1918
1660 1924
1661 1957
1662 1948
1663 1918
1664 1924
1665 1918
1666 1974
1667 1918
1668 1970
1669 1918
1670 1960
1671 1972
1672 1996
1673 1966
1674 1918
1675 2000
1676 1960
1677 1997
1678 1990
1679 1973
1680 1918
1681 1957
1682 1966
1683 1960
1684 1918
1685 1966
1686 1957
1687 1948
1688 1971
1689 1972
1690 1957
1691 1996
1692 1986
1693 1957
1694 1990
1695 1966
1696 1966
1697 1957
1698 1918
1699 1972
1700 1957
1701 1993
1702 1957
1703 1960
1704 1924
1705 1975
1706 1969
1707 1972
1708 1972
1709 1983
1710 1966
1711 1973
1712 1966
1713 1966
1714 1971
1715 1985
1716 1981
1717 1973
1718 1924
1719 1960
1720 1980
1721 1918
1722 1918
1723 1966
1724 1997
1725 1957
1726 1998
1727 1960
1728 1998
1729 1957
1730 1987
1731 1988
1732 1989
1733 1972
1734 1918
1735 2000
1736 1989
1737 1966
1738 1957
1739 1991
1740 1972
1741 1957
1742 1969
1743 1968
1744 1957
1745 1924
1746 1984
1747 1924
1748 1918
1749 1939
1750 1972
1751 1918
1752 1957
1753 1995
1754 1994
1755 1986
1756 1918
1757 1957
1758 1948
1759 1918
1760 1918
1761 1918
1762 1991
1763 1966
1764 1918
1765 1966
1766 1969
1767 1966
1768 1960
1769 1970
1770 1918
1771 1918
1772 1993
1773 1957
1774 1998
1775 1918
1776 1918
1777 1970
1778 1966
1779 1966
1780 1994
1781 1966
1782 1960
1783 1966
1784 1924
1785 1918
1786 1980
1787 1918
1788 1983
1789 1957
1790 1981
1791 1948
1792 1918
1793 1999
1794 1948
1795 1957
1796 1918
1797 1960
1798 1918
1799 1918
1800 1948
1801 1957
1802 1973
1803 1918
1804 1918
1805 1918
1806 1970
1807 1966
1808 1966
1809 1918
1810 1918
1811 1957
1812 1918
1813 1969
1814 1948
1815 1960
1816 1918
1817 1966
1818 1969
1819 1991
1820 1957
1821 1976
1822 1966
1823 1966
1824 1918
1825 1989
1826 1948
1827 1988
1828 1957
1829 1998
1830 1967
1831 1973
1832 1975
1833 1918
1834 1984
1835 1918
1836 1966
1837 1974
1838 1992
1839 1957
1840 1966
1841 1976
1842 1957
1843 1957
1844 1918
1845 1957
1846 1973
1847 1973
1848 1993
1849 1918
1850 1957
1851 1948
1852 1973
1853 1918
1854 1957
1855 1957
1856 1948
1857 1960
1858 1948
1859 1998
1860 1948
1861 1966
1862 1983
1863 1957
1864 1972
1865 1968
1866 1960
1867 1973
1868 1957
1869 1918
1870 1966
1871 1966
1872 1957
1873 1968
1874 2001
1875 1918
1876 1918
1877 1971
1878 1918
1879 1993
1880 1972
1881 1960
1882 1960
1883 1960
1884 1918
1885 1973
1886 1960
1887 1967
1888 2000
1889 1972
1890 1978
1891 1957
1892 1981
1893 1998
1894 1987
1895 1967
1896 1918
1897 1972
1898 1918
1899 1983
1900 1957
1901 1948
1902 1975
1903 1973
1904 1960
1905 1957
1906 1983
1907 1924
1908 1982
1909 1924
1910 1918
1911 1998
1912 1967
1913 1991
1914 1918
1915 1970
1916 1960
1917 1973
1918 1966
1919 1957
1920 1966
1921 1957
1922 2000
1923 1957
1924 1918
1925 1970
1926 1984
1927 1948
1928 1918
1929 1957
1930 1971
1931 1918
1932 1960
1933 1985
1934 1918
1935 1960
1936 1957
1937 1960
1938 1957
1939 1999
1940 1971
1941 1973
1942 1918
1943 1966
1944 1960
1945 1918
1946 1918
1947 1969
1948 1968
1949 1918
1950 1971
1951 1998
1952 1939
1953 1989
1954 1960
1955 2000
1956 1957
1957 1957
1958 1960
1959 1957
1960 1997
1961 1972
1962 1993
1963 1973
1964 1957
1965 1960
1966 1969
1967 1960
1968 1918
1969 1918
1970 1989
1971 1918
1972 1924
1973 1957
1974 1957
1975 1918
1976 1966
1977 1984
1978 1966
1979 1918
1980 1993
1981 1980
1982 1957
1983 1918
1984 1987
1985 1918
1986 1971
1987 1918
1988 1972
1989 1957
1990 1983
1991 1960
1992 1948
1993 1972
1994 1948
1995 1981
1996 1979
1997 1918
1998 1918
1999 1966
2000 1968
2001 1918
2002 1918
2003 1991
2004 1957
2005 1966
2006 1996
2007 1970
2008 1966
2009 1979
2010 1918
2011 1994
2012 1957
2013 1957
2014 1966
2015 1918
2016 1948
2017 1918
2018 1948
2019 1948
2020 1973
2021 1960
2022 1970
2023 1957
2024 1918
2025 1969
2026 1918
2027 1966
2028 1966
2029 1924
2030 1957
2031 1957
2032 1924
2033 1974
2034 1970
