0 26
1 56
2 6
3 54
4 1
5 2
6 2
7 29
8 14
9 38
10 1
11 36
12 7
13 51
14 41
15 54
16 59
17 53
18 1
19 19
20 50
21 30
22 56
23 10
24 15
25 43
26 32
27 21
28 23
29 26
30 6
31 56
32 20
33 8
34 35
35 19
36 45
37 23
38 53
39 26
40 31
41 23
42 51
43 39
44 3
45 27
46 59
47 1
48 11
49 4
50 44
51 3
52 14
53 18
54 51
55 9
56 44
57 6
58 29
59 11
60 6
61 29
62 2
63 38
64 57
65 38
66 33
67 21
68 53
69 10
70 40
71 57
72 10
73 35
74 8
75 22
76 45
77 14
78 40
79 45
80 11
81 46
82 28
83 56
84 7
85 40
86 19
87 23
88 51
89 1
90 28
91 54
92 30
93 52
94 47
95 5
96 54
97 8
98 27
99 16
100 9
101 49
102 24
103 44
104 55
105 19
106 52
107 20
108 51
109 18
110 46
111 8
112 8
113 55
114 12
115 8
116 39
117 3
118 35
119 59
120 18
121 49
122 21
123 8
124 27
125 19
126 50
127 8
128 49
129 20
130 10
131 55
132 4
133 3
134 27
135 54
136 30
137 30
138 58
139 14
140 44
141 14
142 41
143 35
144 3
145 40
146 18
147 20
148 53
149 19
150 46
151 13
152 9
153 1
154 45
155 11
156 41
157 22
158 13
159 47
160 19
161 12
162 32
163 24
164 56
165 55
166 33
167 3
168 26
169 54
170 14
171 42
172 10
173 30
174 58
175 54
176 4
177 34
178 7
179 7
180 14
181 11
182 24
183 2
184 29
185 12
186 42
187 4
188 15
189 27
190 7
191 39
192 28
193 1
194 3
195 13
196 27
197 57
198 45
199 26
200 10
201 16
202 8
203 33
204 13
205 53
206 45
207 3
208 36
209 52
210 19
211 39
212 24
213 21
214 48
215 5
216 1
217 13
218 15
219 5
220 37
221 16
222 46
223 1
224 20
225 29
226 59
227 6
228 35
229 2
230 35
231 29
232 35
233 29
234 18
235 18
236 19
237 45
238 30
239 13
240 0
241 20
242 6
243 46
244 38
245 33
246 16
247 20
248 7
249 4
250 32
251 22
252 57
253 57
254 57
255 5
256 41
257 44
258 3
259 20
260 9
261 34
262 2
263 32
264 26
265 31
266 22
267 58
268 20
269 7
270 33
271 58
272 32
273 26
274 18
275 15
276 56
277 14
278 29
279 54
280 2
281 6
282 17
283 41
284 14
285 57
286 12
287 9
288 36
289 15
290 40
291 52
292 40
293 15
294 50
295 12
296 40
297 0
298 55
299 37
300 9
301 17
302 53
303 2
304 28
305 50
306 2
307 2
308 33
309 58
310 6
311 47
312 29
313 13
314 6
315 43
316 33
317 16
318 14
319 32
320 13
321 11
322 54
323 10
324 34
325 59
326 7
327 24
328 23
329 53
330 9
331 12
332 3
333 26
334 11
335 15
336 42
337 13
338 14
339 17
340 47
341 23
342 24
343 47
344 19
345 7
346 53
347 14
348 39
349 36
350 30
351 53
352 14
353 48
354 9
355 33
356 43
357 58
358 6
359 18
360 25
361 49
362 22
363 34
364 14
365 36
366 58
367 26
368 46
369 38
370 2
371 22
372 46
373 48
374 5
375 8
376 32
377 23
378 50
379 35
380 46
381 3
382 38
383 19
384 4
385 33
386 56
387 48
388 0
389 48
390 0
391 26
392 58
393 24
394 52
395 10
396 38
397 18
398 59
399 38
400 11
401 49
402 13
403 7
404 27
405 38
406 4
407 23
408 9
409 41
410 50
411 14
412 14
413 47
414 14
415 59
416 18
417 47
418 14
419 45
420 12
421 24
422 54
423 18
424 50
425 28
426 50
427 32
428 56
429 20
430 22
431 54
432 2
433 53
434 25
435 10
436 28
437 6
438 3
439 26
440 31
441 57
442 1
443 35
444 3
445 30
446 29
447 20
448 17
449 52
450 39
451 1
452 3
453 49
454 49
455 10
456 10
457 48
458 8
459 30
460 54
461 26
462 50
463 17
464 35
465 14
466 22
467 26
468 13
469 46
470 14
471 4
472 4
473 39
474 12
475 2
476 26
477 55
478 7
479 18
480 18
481 56
482 10
483 49
484 10
485 8
486 38
487 49
488 13
489 3
490 22
491 58
492 8
493 34
494 53
495 8
496 39
497 32
498 30
499 3
500 41
501 11
502 44
503 58
504 53
505 4
506 18
507 33
508 9
509 37
510 20
511 24
512 58
513 23
514 56
515 16
516 41
517 17
518 28
519 50
520 14
521 31
522 30
523 21
524 8
525 3
526 58
527 18
528 45
529 26
530 2
531 35
532 28
533 23
534 35
535 14
536 43
537 20
538 50
539 57
540 38
541 28
542 54
543 8
544 6
545 48
546 21
547 14
548 48
549 14
550 40
551 2
552 26
553 46
554 31
555 58
556 8
557 55
558 12
559 8
560 20
561 48
562 26
563 56
564 3
565 2
566 39
567 26
568 17
569 30
570 18
571 57
572 7
573 14
574 56
575 45
576 33
577 24
578 28
579 26
580 50
581 38
582 30
583 17
584 51
585 29
586 57
587 2
588 28
589 13
590 55
591 23
592 19
593 47
594 33
595 35
596 2
597 38
598 25
599 25
600 8
601 40
602 12
603 34
604 17
605 32
606 27
607 51
608 5
609 20
610 53
611 23
612 49
613 14
614 27
615 53
616 45
617 45
618 43
619 6
620 3
621 39
622 9
623 53
624 17
625 8
626 10
627 8
628 48
629 19
630 43
631 14
632 34
633 12
634 44
635 5
636 15
637 17
638 40
639 2
640 29
641 20
642 39
643 54
644 8
645 27
646 45
647 25
648 55
649 52
650 53
651 4
652 40
653 6
654 53
655 11
656 39
657 5
658 11
659 10
660 47
661 51
662 30
663 34
664 21
665 56
666 33
667 31
668 6
669 25
670 47
671 7
672 29
673 57
674 23
675 21
676 24
677 52
678 27
679 58
680 14
681 22
682 28
683 22
684 59
685 30
686 18
687 52
688 24
689 54
690 6
691 21
692 29
693 6
694 50
695 58
696 34
697 34
698 6
699 8
700 44
701 22
702 26
703 56
704 52
705 26
706 57
707 2
708 30
709 59
710 2
711 36
712 32
713 0
714 48
715 23
716 52
717 27
718 15
719 42
720 11
721 13
722 41
723 57
724 48
725 18
726 49
727 0
728 27
729 56
730 15
731 37
732 18
733 51
734 6
735 37
736 24
737 13
738 44
739 34
740 42
741 6
742 14
743 45
744 2
745 33
746 8
747 48
748 3
749 34
750 29
751 1
752 32
753 56
754 7
755 32
756 12
757 33
758 6
759 37
760 2
761 32
762 59
763 25
764 53
765 6
766 31
767 43
768 16
769 51
770 52
771 17
772 36
773 3
774 36
775 31
776 25
777 23
778 59
779 14
780 33
781 14
782 19
783 57
784 52
785 0
786 27
787 15
788 24
789 2
790 17
791 14
792 6
793 27
794 25
795 37
796 15
797 47
798 37
799 54
800 4
801 24
802 13
803 32
804 57
805 16
806 5
807 44
808 4
809 33
810 5
811 45
812 18
813 1
814 37
815 35
816 20
817 7
818 36
819 28
820 57
821 17
822 19
823 15
824 4
825 39
826 5
827 20
828 50
829 5
830 8
831 1
832 27
833 55
834 30
835 28
836 20
837 18
838 54
839 14
840 46
841 11
842 36
843 10
844 50
845 16
846 44
847 11
848 12
849 35
850 20
851 4
852 12
853 40
854 14
855 18
856 5
857 22
858 31
859 11
860 53
861 22
862 3
863 4
864 31
865 4
866 20
867 2
868 47
869 49
870 1
871 50
872 10
873 35
874 4
875 32
876 14
877 19
878 44
879 21
880 39
881 7
882 18
883 47
884 1
885 36
886 53
887 4
888 58
889 3
890 28
891 55
892 9
893 42
894 2
895 5
896 48
897 7
898 52
899 46
900 2
901 4
902 18
903 57
904 11
905 34
906 57
907 19
908 25
909 1
910 25
911 47
912 7
913 35
914 2
915 1
916 24
917 36
918 29
919 30
920 47
921 25
922 28
923 57
924 3
925 12
926 49
927 13
928 7
929 33
930 6
931 36
932 51
933 27
934 15
935 25
936 22
937 2
938 29
939 1
940 47
941 13
942 49
943 56
944 8
945 32
946 41
947 6
948 52
949 10
950 37
951 8
952 37
953 11
954 26
955 15
956 28
957 36
958 50
959 4
960 46
961 8
962 13
963 42
964 4
965 12
966 25
967 35
968 27
969 18
970 48
971 11
972 26
973 33
974 47
975 5
976 24
977 55
978 0
979 39
980 8
981 38
982 29
983 44
984 31
985 56
986 16
987 8
988 37
989 27
990 10
991 8
992 13
993 41
994 31
995 16
996 6
997 8
998 28
999 6
1000 37
1001 33
1002 8
1003 32
1004 46
1005 13
1006 46
1007 34
1008 18
1009 46
1010 9
1011 31
1012 14
1013 8
1014 31
1015 54
1016 32
1017 50
1018 24
1019 24
1020 54
1021 4
1022 48
1023 1
1024 7
1025 11
1026 10
1027 36
1028 1
1029 41
1030 27
1031 38
1032 22
1033 37
1034 27
1035 19
1036 34
1037 14
1038 44
1039 22
1040 15
1041 17
1042 50
1043 8
1044 27
1045 35
1046 17
1047 50
1048 17
1049 22
1050 54
1051 11
1052 25
1053 39
1054 1
1055 26
1056 17
1057 3
1058 32
1059 52
1060 38
1061 1
1062 9
1063 1
1064 50
1065 32
1066 36
1067 30
1068 12
1069 37
1070 30
1071 21
1072 7
1073 32
1074 9
1075 21
1076 1
1077 18
1078 6
1079 31
1080 19
1081 47
1082 29
1083 30
1084 14
1085 50
1086 3
1087 48
1088 16
1089 3
1090 59
1091 27
1092 52
1093 29
1094 4
1095 2
1096 30
1097 7
1098 35
1099 26
1100 56
1101 33
1102 10
1103 6
1104 13
1105 59
1106 40
1107 2
1108 35
1109 4
1110 3
1111 28
1112 55
1113 15
1114 27
1115 40
1116 45
1117 41
1118 3
1119 30
1120 20
1121 7
1122 47
1123 23
1124 19
1125 47
1126 8
1127 17
1128 40
1129 25
1130 48
1131 9
1132 44
1133 18
1134 13
1135 45
1136 4
1137 32
1138 53
1139 50
1140 1
1141 0
1142 28
1143 2
1144 32
1145 8
1146 39
1147 30
1148 55
1149 33
1150 3
1151 29
1152 3
1153 48
1154 1
1155 15
1156 15
1157 43
1158 16
1159 52
1160 1
1161 27
1162 56
1163 28
1164 32
1165 42
1166 2
1167 13
1168 17
1169 9
1170 48
1171 36
1172 5
1173 26
1174 6
1175 56
1176 10
1177 49
1178 2
1179 20
1180 7
1181 21
1182 25
1183 41
1184 13
1185 45
1186 1
1187 26
1188 52
1189 2
1190 5
1191 32
1192 4
1193 31
1194 52
1195 8
1196 28
1197 12
1198 9
1199 36
1200 5
1201 20
1202 58
1203 5
1204 36
1205 4
1206 22
1207 49
1208 12
1209 24
1210 55
1211 15
1212 9
1213 30
1214 26
1215 55
1216 26
1217 3
1218 33
1219 22
1220 47
1221 22
1222 52
1223 21
1224 36
1225 14
1226 38
1227 22
1228 51
1229 0
1230 33
1231 9
1232 35
1233 56
1234 23
1235 59
1236 22
1237 2
1238 2
1239 27
1240 51
1241 13
1242 2
1243 34
1244 10
1245 35
1246 11
1247 47
1248 48
1249 18
1250 30
1251 9
1252 3
1253 2
1254 28
1255 44
1256 0
1257 30
1258 59
1259 3
1260 57
1261 39
1262 11
1263 26
1264 26
1265 17
1266 43
1267 23
1268 8
1269 23
1270 43
1271 47
1272 2
1273 15
1274 51
1275 21
1276 4
1277 6
1278 28
1279 18
1280 44
1281 17
1282 7
1283 32
1284 1
1285 37
1286 7
1287 35
1288 21
1289 41
1290 26
1291 50
1292 22
1293 42
1294 18
1295 40
1296 19
1297 10
1298 53
1299 15
1300 3
1301 31
1302 15
1303 16
1304 11
1305 24
1306 17
1307 44
1308 7
1309 9
1310 37
1311 15
1312 56
1313 42
1314 29
1315 10
1316 4
1317 43
1318 6
1319 12
1320 31
1321 51
1322 23
1323 30
1324 35
1325 12
1326 43
1327 5
1328 48
1329 13
1330 16
1331 37
1332 1
1333 9
1334 30
1335 11
1336 38
1337 10
1338 38
1339 52
1340 10
1341 33
1342 22
1343 40
1344 28
1345 13
1346 15
1347 15
1348 50
1349 11
1350 47
1351 30
1352 22
1353 0
1354 27
1355 25
1356 48
1357 0
1358 31
1359 49
1360 45
1361 13
1362 10
1363 37
1364 36
1365 24
1366 33
1367 17
1368 55
1369 18
1370 23
1371 48
1372 24
1373 44
1374 5
1375 33
1376 45
1377 11
1378 23
1379 26
1380 9
1381 28
1382 1
1383 27
1384 29
1385 10
1386 26
1387 58
1388 12
1389 18
1390 42
1391 34
1392 54
1393 2
1394 32
1395 8
1396 32
1397 6
1398 10
1399 7
1400 45
1401 26
1402 20
1403 5
1404 35
1405 52
1406 4
1407 8
1408 5
1409 36
1410 25
1411 21
1412 57
1413 9
1414 49
1415 20
1416 59
1417 2
1418 27
1419 59
1420 25
1421 32
1422 52
1423 17
1424 2
1425 14
1426 50
1427 23
1428 13
1429 54
1430 5
1431 29
1432 53
1433 18
1434 42
1435 55
1436 14
1437 11
1438 42
1439 40
1440 33
1441 10
1442 37
1443 21
1444 54
1445 28
1446 57
1447 10
1448 12
1449 48
1450 5
1451 31
1452 15
1453 42
1454 5
1455 56
1456 2
1457 50
1458 19
1459 51
1460 23
1461 50
1462 43
1463 5
1464 32
1465 59
1466 13
1467 1
1468 32
1469 40
1470 1
1471 29
1472 11
1473 58
1474 8
1475 44
1476 26
1477 18
1478 53
1479 4
1480 15
1481 18
1482 17
1483 27
1484 26
1485 6
1486 26
1487 15
1488 49
1489 2
1490 12
1491 36
1492 29
1493 59
1494 38
1495 10
1496 36
1497 6
1498 2
1499 43
1500 29
1501 51
1502 14
1503 12
1504 50
1505 1
1506 30
1507 54
1508 41
1509 5
1510 8
1511 39
1512 16
1513 44
1514 54
1515 0
1516 26
1517 48
1518 5
1519 24
1520 5
1521 10
1522 38
1523 10
1524 51
1525 23
1526 46
1527 59
1528 6
1529 3
1530 34
1531 36
1532 55
1533 53
1534 35
1535 5
1536 16
1537 44
1538 12
1539 31
1540 5
1541 24
1542 12
1543 7
1544 18
1545 22
1546 55
1547 11
1548 11
1549 17
1550 3
1551 29
1552 29
1553 10
1554 7
1555 14
1556 10
1557 38
1558 20
1559 34
1560 43
1561 43
1562 6
1563 33
1564 46
1565 7
1566 21
1567 53
1568 53
1569 7
1570 8
1571 37
1572 20
1573 4
1574 27
1575 30
1576 3
1577 34
1578 3
1579 45
1580 17
1581 14
1582 1
1583 33
1584 7
1585 9
1586 35
1587 52
1588 46
1589 37
1590 57
1591 26
1592 48
1593 7
1594 45
1595 30
1596 31
1597 20
1598 44
1599 5
1600 18
1601 14
1602 48
1603 8
1604 29
1605 25
1606 15
1607 24
1608 20
1609 33
1610 7
1611 9
1612 5
1613 32
1614 26
1615 58
1616 12
1617 41
1618 19
1619 42
1620 6
1621 14
1622 27
1623 19
1624 30
1625 7
1626 36
1627 5
1628 32
1629 1
1630 21
1631 55
1632 7
1633 55
1634 25
1635 52
1636 5
1637 14
1638 24
1639 7
1640 34
1641 24
1642 20
1643 43
1644 56
1645 11
1646 38
1647 1
1648 35
1649 47
1650 5
1651 59
1652 32
1653 19
1654 10
1655 9
1656 17
1657 11
1658 31
1659 27
1660 50
1661 9
1662 45
1663 25
1664 20
1665 3
1666 32
1667 32
1668 10
1669 7
1670 59
1671 9
1672 27
1673 22
1674 14
1675 51
1676 26
1677 53
1678 26
1679 43
1680 6
1681 11
1682 34
1683 29
1684 57
1685 1
1686 53
1687 6
1688 11
1689 35
1690 54
1691 22
1692 22
1693 33
1694 9
1695 41
1696 6
1697 32
1698 21
1699 47
1700 26
1701 8
1702 9
1703 51
1704 44
1705 37
1706 16
1707 29
1708 27
1709 43
1710 25
1711 15
1712 15
1713 4
1714 36
1715 55
1716 22
1717 56
1718 9
1719 26
1720 51
1721 13
1722 46
1723 7
1724 5
1725 21
1726 50
1727 15
1728 44
1729 26
1730 1
1731 32
1732 11
1733 35
1734 54
1735 2
1736 16
1737 19
1738 47
1739 23
1740 36
1741 5
1742 40
1743 8
1744 4
1745 37
1746 4
1747 30
1748 56
1749 15
1750 51
1751 25
1752 56
1753 47
1754 24
1755 3
1756 11
1757 25
1758 14
1759 25
1760 51
1761 6
1762 26
1763 57
1764 47
1765 11
1766 34
1767 8
1768 51
1769 15
1770 31
1771 19
1772 4
1773 4
1774 48
1775 12
1776 42
1777 7
1778 35
1779 20
1780 11
1781 12
1782 35
1783 25
1784 9
1785 37
1786 6
1787 56
1788 22
1789 59
1790 4
1791 50
1792 25
1793 15
1794 45
1795 4
1796 33
1797 34
1798 39
1799 6
1800 13
1801 30
1802 56
1803 3
1804 41
1805 45
1806 13
1807 1
1808 34
1809 20
1810 10
1811 39
1812 30
1813 14
1814 10
1815 36
1816 42
1817 9
1818 10
1819 31
1820 31
1821 2
1822 24
1823 10
1824 28
1825 17
1826 2
1827 28
1828 22
1829 7
1830 35
1831 16
1832 40
1833 22
1834 37
1835 33
1836 33
1837 48
1838 34
1839 32
1840 21
1841 54
1842 34
1843 47
1844 20
1845 58
1846 19
1847 50
1848 29
1849 20
1850 20
1851 51
1852 28
1853 10
1854 48
1855 10
1856 59
1857 9
1858 0
1859 47
1860 8
1861 30
1862 13
1863 28
1864 56
1865 4
1866 43
1867 9
1868 17
1869 56
1870 53
1871 2
1872 27
1873 49
1874 28
1875 27
1876 56
1877 1
1878 29
1879 58
1880 50
1881 1
1882 35
1883 5
1884 57
1885 37
1886 3
1887 29
1888 50
1889 7
1890 44
1891 29
1892 57
1893 16
1894 46
1895 28
1896 9
1897 5
1898 30
1899 56
1900 25
1901 13
1902 16
1903 46
1904 16
1905 51
1906 29
1907 11
1908 36
1909 6
1910 38
1911 5
1912 50
1913 44
1914 17
1915 21
1916 43
1917 15
1918 58
1919 3
1920 52
1921 29
1922 1
1923 34
1924 13
1925 43
1926 4
1927 5
1928 23
1929 54
1930 3
1931 13
1932 7
1933 36
1934 12
1935 24
1936 23
1937 55
1938 55
1939 15
1940 47
1941 19
1942 14
1943 50
1944 4
1945 30
1946 21
1947 8
1948 31
1949 15
1950 29
1951 26
1952 3
1953 32
1954 50
1955 10
1956 37
1957 52
1958 11
1959 52
1960 7
1961 23
1962 11
1963 29
1964 13
1965 40
1966 14
1967 23
1968 46
1969 33
1970 50
1971 31
1972 38
1973 42
1974 7
1975 44
1976 47
1977 1
1978 45
1979 48
1980 37
1981 3
1982 5
1983 47
1984 1
1985 18
1986 58
1987 20
1988 45
1989 23
1990 22
1991 26
1992 9
1993 27
1994 8
1995 30
1996 57
1997 26
1998 21
1999 24
2000 17
2001 45
2002 26
2003 48
2004 42
2005 1
2006 8
2007 45
2008 21
2009 17
2010 2
2011 21
2012 42
2013 38
2014 1
2015 5
2016 41
2017 48
2018 30
2019 55
2020 3
2021 25
2022 6
2023 44
2024 5
2025 10
2026 33
2027 14
2028 42
2029 1
2030 39
2031 23
2032 5
2033 20
2034 17
2035 12
2036 1
2037 2
2038 35
2039 42
2040 21
2041 16
2042 10
2043 32
2044 59
2045 30
2046 19
2047 4
2048 33
2049 2
2050 20
2051 49
2052 18
2053 20
2054 2
2055 3
2056 32
2057 30
2058 2
2059 22
2060 41
2061 4
2062 2
2063 20
2064 49
2065 13
2066 16
2067 50
2068 14
2069 49
2070 59
2071 15
2072 5
2073 41
2074 21
2075 37
2076 29
2077 51
2078 49
2079 29
2080 57
2081 43
2082 9
2083 46
2084 0
2085 52
2086 48
2087 17
2088 48
2089 20
2090 14
2091 3
2092 35
2093 4
2094 4
2095 6
2096 42
2097 59
2098 28
2099 20
2100 46
2101 11
2102 42
2103 34
2104 2
2105 14
2106 9
2107 15
2108 42
2109 6
2110 39
2111 11
2112 37
2113 5
2114 2
2115 6
2116 25
2117 25
2118 45
2119 12
2120 45
2121 6
2122 32
2123 36
2124 56
2125 5
2126 39
2127 21
2128 8
2129 42
2130 42
2131 3
2132 30
2133 59
2134 16
2135 46
2136 23
2137 9
2138 35
2139 32
2140 2
2141 27
2142 45
2143 36
2144 52
2145 14
2146 23
2147 56
2148 6
2149 43
2150 20
2151 39
2152 54
2153 32
2154 55
2155 2
2156 37
2157 11
2158 5
2159 16
2160 48
2161 11
2162 36
2163 9
2164 34
2165 14
2166 2
2167 2
2168 37
2169 8
2170 19
2171 51
2172 12
2173 38
2174 55
2175 18
2176 39
2177 7
2178 14
2179 39
2180 11
2181 59
2182 2
2183 24
2184 55
2185 9
2186 10
2187 29
2188 8
2189 38
2190 57
2191 14
2192 43
2193 5
2194 55
2195 22
2196 20
2197 12
2198 44
2199 2
2200 21
2201 38
2202 7
2203 6
2204 35
2205 17
2206 12
2207 49
2208 11
2209 33
2210 45
2211 35
2212 23
2213 50
2214 29
2215 57
2216 16
2217 16
2218 13
2219 39
2220 5
2221 33
2222 58
2223 2
2224 44
2225 41
2226 38
2227 21
2228 8
2229 28
2230 33
2231 33
2232 2
2233 28
2234 59
2235 35
2236 25
2237 50
2238 11
2239 35
2240 30
2241 2
2242 7
2243 46
2244 33
2245 7
2246 37
2247 21
2248 51
2249 45
2250 12
2251 44
2252 16
2253 36
2254 11
2255 24
2256 58
2257 14
2258 13
2259 38
2260 13
2261 16
2262 34
2263 58
2264 0
2265 28
2266 59
2267 7
2268 33
2269 29
2270 31
2271 55
2272 11
2273 41
2274 39
2275 1
2276 36
2277 13
2278 12
2279 32
2280 4
2281 26
2282 52
2283 0
2284 28
2285 27
2286 55
2287 24
2288 53
2289 26
2290 39
2291 16
2292 41
2293 51
2294 26
2295 27
2296 50
2297 20
2298 30
2299 2
2300 17
2301 1
2302 31
2303 8
2304 23
2305 46
2306 46
2307 39
2308 18
2309 42
2310 2
2311 21
2312 24
2313 6
2314 58
2315 12
2316 31
2317 13
2318 57
2319 15
2320 37
2321 19
2322 43
2323 5
2324 15
2325 45
2326 25
2327 41
2328 41
2329 26
2330 25
2331 43
2332 2
2333 26
2334 38
2335 42
2336 52
2337 8
2338 33
2339 5
2340 31
2341 1
2342 26
2343 19
2344 31
2345 12
2346 14
2347 58
2348 8
2349 2
2350 10
2351 31
2352 24
2353 20
2354 23
2355 0
2356 28
2357 4
2358 18
2359 38
2360 5
2361 38
2362 20
2363 47
2364 15
2365 22
2366 22
2367 14
2368 15
2369 22
2370 55
2371 6
2372 35
2373 3
2374 48
2375 20
2376 41
2377 13
2378 45
2379 12
2380 46
2381 13
2382 59
2383 51
2384 30
2385 1
2386 28
2387 55
2388 28
2389 2
2390 26
2391 36
2392 10
2393 28
2394 33
2395 1
2396 1
2397 5
2398 38
2399 24
2400 45
2401 3
2402 28
2403 55
2404 18
2405 43
2406 53
2407 27
2408 30
2409 11
2410 20
2411 35
2412 12
2413 57
2414 27
2415 49
2416 20
2417 15
2418 12
2419 43
2420 18
2421 6
2422 9
2423 37
2424 3
2425 35
2426 28
2427 30
2428 9
2429 20
2430 23
2431 18
2432 6
2433 22
2434 23
2435 14
2436 4
2437 35
2438 7
2439 59
2440 18
2441 12
2442 44
2443 16
2444 46
2445 28
2446 41
2447 20
2448 47
2449 10
2450 33
2451 34
2452 33
2453 12
2454 9
2455 24
2456 54
2457 52
2458 9
2459 58
2460 17
2461 44
2462 1
2463 9
2464 25
2465 49
2466 8
2467 1
2468 25
2469 11
2470 11
2471 27
2472 21
2473 20
2474 49
2475 30
2476 57
2477 11
2478 26
2479 10
2480 7
2481 11
2482 46
2483 46
2484 6
2485 5
2486 14
2487 51
2488 8
2489 18
2490 9
2491 41
2492 12
2493 23
2494 53
2495 34
2496 12
2497 2
2498 4
2499 37
2500 37
2501 3
2502 38
2503 10
2504 4
2505 19
2506 50
2507 26
2508 35
2509 24
2510 10
2511 1
2512 7
2513 38
2514 56
2515 3
2516 18
2517 31
2518 22
2519 21
2520 28
2521 12
2522 58
2523 10
2524 14
2525 4
2526 7
2527 24
2528 48
2529 3
2530 40
2531 7
2532 22
2533 2
2534 31
2535 3
2536 11
2537 46
2538 15
2539 46
2540 34
2541 32
2542 59
2543 1
2544 31
2545 56
2546 10
2547 8
2548 28
2549 2
2550 6
2551 42
2552 5
2553 28
2554 18
2555 14
2556 45
2557 28
2558 53
2559 40
2560 5
2561 6
2562 6
2563 42
2564 45
2565 35
2566 30
2567 20
2568 4
2569 51
2570 8
2571 11
2572 8
2573 26
2574 22
2575 10
2576 41
2577 23
2578 59
2579 29
2580 2
2581 0
2582 11
2583 19
2584 37
2585 13
2586 14
2587 47
2588 20
2589 15
2590 19
2591 16
2592 16
2593 43
2594 37
2595 15
2596 59
2597 50
2598 30
2599 43
2600 19
2601 11
2602 5
2603 33
2604 6
2605 29
2606 13
2607 12
2608 44
2609 31
2610 26
2611 22
2612 22
2613 10
2614 38
2615 18
2616 56
2617 43
2618 6
2619 4
2620 17
2621 53
2622 43
2623 43
2624 6
2625 43
2626 20
2627 33
2628 57
2629 10
2630 24
2631 44
2632 11
2633 2
2634 7
2635 36
2636 16
2637 23
2638 28
2639 4
2640 1
2641 26
2642 40
2643 47
2644 13
2645 24
2646 21
2647 50
2648 7
2649 45
2650 25
2651 44
2652 16
2653 31
2654 33
2655 2
2656 2
2657 31
2658 59
2659 31
2660 55
2661 24
2662 49
2663 7
2664 30
2665 4
2666 37
2667 17
2668 42
2669 8
2670 40
2671 30
2672 20
2673 48
2674 24
2675 19
2676 44
2677 28
2678 8
2679 15
2680 12
2681 32
2682 12
2683 33
2684 24
2685 16
2686 7
2687 38
2688 41
2689 40
2690 31
2691 18
2692 7
2693 19
2694 30
2695 6
2696 4
2697 23
2698 32
2699 29
2700 47
2701 4
2702 15
2703 39
2704 7
2705 43
2706 31
2707 4
2708 6
2709 35
2710 27
2711 13
2712 47
2713 10
2714 53
2715 24
2716 12
2717 43
2718 8
2719 39
2720 51
2721 26
2722 57
2723 19
2724 52
2725 9
2726 45
2727 4
2728 38
2729 4
2730 41
2731 2
2732 5
2733 41
2734 41
2735 22
2736 34
2737 55
2738 6
2739 49
2740 25
2741 34
2742 2
2743 5
2744 27
2745 18
2746 38
2747 10
2748 50
2749 30
2750 14
2751 14
2752 49
2753 50
2754 49
2755 24
2756 16
2757 47
2758 59
2759 26
2760 3
2761 46
2762 8
2763 56
2764 17
2765 51
2766 40
2767 6
2768 38
2769 41
2770 15
2771 40
2772 19
2773 24
2774 5
2775 5
2776 36
2777 29
2778 13
2779 29
2780 49
2781 7
2782 42
2783 9
2784 29
2785 28
2786 25
2787 53
2788 8
2789 52
2790 59
2791 53
2792 16
2793 57
2794 3
2795 16
2796 46
2797 6
2798 21
2799 34
2800 17
2801 40
2802 13
2803 41
2804 29
2805 29
2806 34
2807 30
2808 28
2809 1
2810 29
2811 57
2812 23
2813 26
2814 29
2815 29
2816 36
2817 32
2818 17
2819 48
2820 4
2821 6
2822 7
2823 52
2824 8
2825 36
2826 23
2827 51
2828 3
2829 37
2830 30
2831 11
2832 50
2833 46
2834 18
2835 12
2836 44
2837 57
2838 57
2839 5
2840 51
2841 34
2842 9
2843 9
2844 38
2845 37
2846 14
2847 55
2848 33
2849 15
2850 42
2851 6
2852 30
2853 16
2854 52
2855 17
2856 30
2857 41
2858 30
2859 34
2860 4
2861 20
2862 50
2863 38
2864 9
2865 20
2866 16
2867 14
2868 55
2869 20
2870 44
2871 1
2872 30
2873 2
2874 31
2875 59
2876 13
2877 46
2878 15
2879 46
2880 23
2881 55
2882 2
2883 17
2884 35
2885 54
2886 17
2887 1
2888 33
2889 5
2890 21
2891 48
2892 1
2893 27
2894 52
2895 14
2896 50
2897 22
2898 19
2899 12
2900 38
2901 42
2902 5
2903 59
2904 20
2905 54
2906 4
2907 48
2908 33
2909 18
2910 18
2911 8
2912 2
2913 17
2914 11
2915 7
2916 9
2917 20
2918 5
2919 18
2920 9
2921 34
2922 58
2923 7
2924 44
2925 28
2926 57
2927 5
2928 2
2929 34
2930 12
2931 29
2932 55
2933 40
2934 7
2935 7
2936 43
2937 13
2938 44
2939 3
2940 39
2941 20
2942 47
2943 22
2944 7
2945 44
2946 25
2947 57
2948 25
2949 4
2950 45
2951 20
2952 39
2953 5
2954 2
2955 17
2956 28
2957 49
2958 33
2959 5
2960 30
2961 52
2962 13
2963 44
2964 26
2965 19
2966 47
2967 24
2968 24
2969 13
2970 43
2971 23
2972 57
2973 13
2974 33
2975 54
2976 2
2977 14
2978 45
2979 45
2980 7
2981 41
2982 17
2983 15
2984 5
2985 32
2986 5
2987 44
2988 54
2989 28
2990 25
2991 14
2992 55
2993 25
2994 4
2995 36
2996 5
2997 33
2998 57
2999 2
3000 32
3001 20
3002 47
3003 20
3004 11
3005 13
3006 37
3007 58
3008 28
3009 8
3010 18
3011 30
3012 7
3013 36
3014 6
3015 31
3016 3
3017 46
3018 23
3019 29
3020 58
3021 40
3022 24
3023 5
3024 0
3025 14
3026 1
3027 8
3028 19
3029 44
3030 3
3031 35
3032 11
3033 28
3034 36
3035 21
3036 52
3037 39
3038 11
3039 32
3040 4
3041 13
3042 11
3043 38
3044 24
3045 20
3046 11
3047 40
3048 41
3049 16
3050 16
3051 55
3052 41
3053 20
3054 46
3055 27
3056 51
3057 47
3058 39
3059 55
3060 10
3061 38
3062 34
3063 20
3064 44
3065 6
3066 47
3067 20
3068 41
3069 3
3070 6
3071 56
3072 19
3073 8
3074 42
3075 27
3076 32
3077 1
3078 32
3079 9
3080 45
3081 6
3082 40
3083 42
3084 19
3085 22
3086 57
3087 23
3088 7
3089 43
3090 15
3091 12
3092 4
3093 28
3094 33
3095 28
3096 21
3097 18
3098 33
3099 14
3100 26
3101 18
3102 34
3103 56
3104 23
3105 3
3106 1
3107 39
3108 8
3109 18
3110 37
3111 8
3112 44
3113 12
3114 19
3115 25
3116 51
3117 8
3118 44
3119 45
3120 21
3121 18
3122 7
3123 21
3124 57
3125 3
3126 8
3127 45
3128 14
3129 42
3130 41
3131 2
3132 47
3133 32
3134 13
3135 25
3136 12
3137 35
3138 44
3139 3
3140 35
3141 16
3142 49
3143 13
3144 18
3145 30
3146 31
3147 41
3148 31
3149 59
3150 30
3151 10
3152 38
3153 21
3154 58
3155 14
3156 13
3157 41
3158 5
3159 3
3160 43
3161 13
3162 50
3163 22
3164 3
3165 10
3166 28
3167 59
3168 4
3169 25
3170 22
3171 52
3172 35
3173 12
3174 54
3175 27
3176 3
3177 26
3178 9
3179 21
3180 28
3181 23
3182 53
3183 5
3184 6
3185 38
3186 16
3187 24
3188 58
3189 17
3190 51
3191 26
3192 54
3193 2
3194 43
3195 3
3196 50
3197 16
3198 17
3199 46
3200 15
3201 47
3202 5
3203 44
3204 19
3205 21
3206 43
3207 23
3208 7
3209 48
3210 27
3211 21
3212 3
3213 29
3214 15
3215 51
3216 38
3217 32
3218 16
3219 54
3220 55
3221 3
3222 28
3223 46
3224 6
3225 17
3226 44
3227 19
3228 7
3229 10
3230 46
3231 12
3232 39
3233 5
3234 34
3235 57
3236 18
3237 5
3238 32
3239 9
3240 33
3241 4
3242 59
3243 24
3244 20
3245 37
3246 1
3247 29
3248 59
3249 18
3250 44
3251 19
3252 33
3253 17
3254 22
3255 8
3256 8
3257 37
3258 8
3259 5
3260 57
3261 46
3262 44
3263 43
3264 6
3265 6
3266 6
3267 45
3268 11
3269 47
3270 53
3271 24
3272 59
3273 1
3274 30
3275 10
3276 22
3277 55
3278 6
3279 32
3280 58
3281 33
3282 20
3283 40
3284 2
3285 26
3286 2
3287 27
3288 44
3289 19
3290 34
3291 19
3292 24
3293 54
3294 16
3295 42
3296 5
3297 4
3298 54
3299 0
3300 18
3301 33
3302 54
3303 19
3304 21
3305 43
3306 47
3307 40
3308 9
3309 46
3310 8
3311 12
3312 4
3313 43
3314 15
3315 26
3316 11
3317 5
3318 22
3319 9
3320 29
3321 54
3322 3
3323 35
3324 22
3325 45
3326 7
3327 3
3328 1
3329 46
3330 8
3331 39
3332 19
3333 7
3334 14
3335 24
3336 54
3337 2
3338 39
3339 29
3340 37
3341 26
3342 46
3343 7
3344 58
3345 22
3346 7
3347 36
3348 7
3349 38
3350 15
3351 39
3352 59
3353 41
3354 33
3355 58
3356 6
3357 47
3358 16
3359 46
3360 18
3361 51
3362 21
3363 3
3364 21
3365 49
3366 52
3367 3
3368 5
3369 0
3370 8
3371 25
3372 52
3373 9
3374 3
3375 29
3376 15
3377 43
3378 6
3379 21
3380 21
3381 19
3382 10
3383 54
3384 40
3385 3
3386 41
3387 17
3388 1
3389 43
3390 6
3391 2
3392 35
3393 22
3394 56
3395 28
3396 4
3397 40
3398 46
3399 20
3400 56
3401 43
3402 32
3403 54
3404 40
3405 6
3406 15
3407 21
3408 46
3409 43
3410 55
3411 20
3412 40
3413 14
3414 53
3415 6
3416 45
3417 24
3418 45
3419 33
3420 4
3421 13
3422 44
3423 6
3424 44
3425 43
3426 7
3427 30
3428 51
3429 14
3430 1
3431 56
3432 1
3433 25
3434 58
3435 46
3436 19
3437 14
3438 43
3439 5
3440 14
3441 41
3442 29
3443 21
3444 21
3445 27
3446 29
3447 12
3448 13
3449 30
3450 58
3451 14
3452 20
3453 4
3454 59
3455 2
3456 28
3457 26
3458 5
3459 17
3460 17
3461 2
3462 41
3463 1
3464 30
3465 17
3466 49
3467 1
3468 37
3469 37
3470 17
3471 45
3472 8
3473 10
3474 34
3475 41
3476 4
3477 41
3478 13
3479 35
3480 3
3481 32
3482 33
3483 35
3484 6
3485 44
3486 6
3487 47
3488 13
3489 34
3490 1
3491 32
3492 3
3493 48
3494 27
3495 59
3496 7
3497 25
3498 59
3499 37
3500 4
3501 35
3502 35
3503 44
3504 29
3505 12
3506 42
3507 25
3508 56
3509 42
3510 22
3511 26
3512 5
3513 28
3514 28
3515 15
3516 17
3517 5
3518 12
3519 47
3520 6
3521 43
3522 43
3523 18
3524 54
3525 21
3526 58
3527 10
3528 46
3529 51
3530 2
3531 40
3532 12
3533 41
3534 20
3535 50
3536 46
3537 17
3538 45
3539 28
3540 1
3541 20
3542 9
3543 39
3544 14
3545 21
3546 58
3547 48
3548 27
3549 20
3550 47
3551 47
3552 30
3553 34
3554 55
3555 44
3556 34
3557 14
3558 5
3559 32
3560 26
3561 19
3562 57
3563 8
3564 24
3565 25
3566 0
3567 42
3568 12
3569 0
3570 22
3571 47
3572 53
3573 49
3574 11
3575 18
3576 48
3577 29
3578 44
3579 13
3580 28
3581 23
3582 51
3583 19
3584 16
3585 40
3586 19
3587 15
3588 44
3589 18
3590 1
3591 25
3592 52
3593 6
3594 41
3595 12
3596 50
3597 9
3598 45
3599 5
3600 4
3601 24
3602 52
3603 1
3604 36
3605 40
3606 47
3607 48
3608 13
3609 43
3610 12
3611 46
3612 52
3613 3
3614 12
3615 52
3616 7
3617 29
3618 10
3619 53
3620 19
3621 43
3622 14
3623 7
3624 27
3625 11
3626 42
3627 11
3628 13
3629 46
3630 10
3631 1
3632 34
3633 6
3634 35
3635 1
3636 3
3637 29
3638 40
3639 40
3640 57
3641 20
3642 43
3643 11
3644 38
3645 29
3646 11
3647 38
3648 21
3649 12
3650 42
3651 37
3652 28
3653 43
3654 3
3655 18
3656 34
3657 22
3658 16
3659 56
3660 19
3661 49
3662 2
3663 25
3664 38
3665 57
3666 7
3667 45
3668 1
3669 27
3670 5
3671 39
3672 49
3673 5
3674 48
3675 55
3676 16
3677 16
3678 2
3679 33
3680 15
3681 15
3682 40
3683 33
3684 11
3685 36
3686 22
3687 52
3688 53
3689 14
3690 25
3691 58
3692 1
3693 44
3694 24
3695 57
3696 9
3697 3
3698 20
3699 37
3700 2
3701 44
3702 23
3703 48
3704 25
3705 10
3706 29
3707 1
3708 28
3709 5
3710 30
3711 15
3712 16
3713 43
3714 5
3715 38
3716 6
3717 47
3718 53
3719 2
3720 15
3721 11
3722 35
3723 7
3724 49
3725 4
3726 9
3727 7
3728 16
3729 13
3730 6
3731 25
3732 49
3733 23
3734 1
3735 31
3736 8
3737 25
3738 58
3739 10
3740 12
3741 9
3742 49
3743 6
3744 3
3745 29
3746 2
3747 29
3748 52
3749 26
3750 41
3751 6
3752 12
3753 57
3754 29
3755 21
3756 50
3757 8
3758 20
3759 4
3760 43
3761 53
3762 20
3763 29
3764 10
3765 19
3766 19
3767 59
3768 18
3769 48
3770 1
3771 36
3772 19
3773 5
3774 36
3775 55
3776 15
3777 42
3778 27
3779 58
3780 14
3781 29
3782 26
3783 26
3784 17
3785 37
3786 2
3787 17
3788 49
3789 14
3790 28
3791 20
3792 54
3793 8
3794 34
3795 18
3796 49
3797 25
3798 19
3799 11
3800 30
3801 23
3802 5
3803 5
3804 29
3805 31
3806 21
3807 22
3808 19
3809 22
3810 3
3811 0
3812 35
3813 6
3814 39
3815 12
3816 41
3817 29
3818 14
3819 35
3820 32
3821 14
3822 19
3823 45
3824 29
3825 12
3826 48
3827 26
3828 53
3829 10
3830 6
3831 10
3832 22
3833 58
3834 7
3835 48
3836 36
3837 9
3838 15
3839 36
3840 26
3841 59
3842 22
3843 4
3844 40
3845 3
3846 35
3847 59
3848 19
3849 8
3850 39
3851 35
3852 23
3853 34
3854 9
3855 44
3856 22
3857 58
3858 1
3859 50
3860 14
3861 50
3862 11
3863 38
3864 24
3865 48
3866 27
3867 50
3868 43
3869 15
3870 33
3871 5
3872 10
3873 47
3874 7
3875 32
3876 51
3877 29
3878 12
3879 33
3880 0
3881 36
3882 2
3883 9
3884 3
3885 20
3886 13
3887 53
3888 22
3889 53
3890 11
3891 45
3892 55
3893 31
3894 27
3895 19
3896 24
3897 23
3898 18
3899 57
3900 11
3901 41
3902 3
3903 49
3904 12
3905 53
3906 23
3907 20
3908 59
3909 17
3910 18
3911 27
3912 52
3913 28
3914 21
3915 53
3916 21
3917 23
3918 57
3919 8
3920 7
3921 28
3922 27
3923 8
3924 28
3925 59
3926 2
3927 15
3928 14
3929 15
3930 35
3931 46
3932 47
3933 12
3934 7
3935 32
3936 56
3937 56
3938 15
3939 28
3940 20
3941 52
3942 10
3943 40
3944 22
3945 59
3946 8
3947 25
3948 43
3949 21
3950 35
3951 5
3952 8
3953 23
3954 54
3955 45
3956 4
3957 42
3958 17
3959 7
3960 14
3961 34
3962 26
3963 59
3964 20
3965 46
3966 17
3967 45
3968 16
3969 7
3970 8
3971 12
3972 5
3973 41
3974 41
3975 39
3976 31
3977 16
3978 51
3979 18
3980 44
3981 49
3982 40
3983 7
3984 2
3985 29
3986 58
3987 9
3988 7
3989 41
3990 59
3991 35
3992 31
3993 9
3994 17
3995 35
3996 19
3997 53
3998 14
3999 44
4000 7
4001 31
4002 54
4003 3
4004 30
4005 55
4006 0
4007 30
4008 8
4009 28
4010 28
4011 57
4012 5
4013 28
4014 18
4015 52
4016 58
4017 31
4018 29
4019 30
4020 25
4021 52
4022 29
4023 5
4024 37
4025 1
4026 5
4027 27
4028 52
4029 7
4030 7
4031 43
4032 31
4033 2
4034 12
4035 47
4036 7
4037 38
4038 7
4039 53
4040 24
4041 55
4042 29
4043 12
4044 27
4045 16
4046 40
4047 16
4048 15
4049 43
4050 26
4051 49
4052 15
4053 45
4054 30
4055 51
4056 24
4057 21
4058 58
4059 25
4060 27
4061 54
4062 4
4063 28
4064 54
4065 30
4066 17
4067 49
4068 48
4069 27
4070 21
4071 57
4072 26
4073 56
4074 28
4075 11
4076 48
4077 19
4078 1
4079 16
4080 59
4081 58
4082 3
4083 25
4084 19
4085 42
4086 27
4087 20
4088 53
4089 49
4090 2
4091 28
4092 18
4093 5
4094 23
4095 12
4096 22
4097 53
4098 34
4099 1
4100 25
4101 24
4102 51
4103 6
4104 42
4105 20
4106 27
4107 54
4108 3
4109 36
4110 12
4111 45
4112 20
4113 29
4114 2
4115 3
4116 34
4117 18
4118 38
4119 8
4120 51
4121 14
4122 14
4123 20
4124 40
4125 16
4126 12
4127 53
4128 0
4129 5
4130 3
4131 5
4132 31
4133 59
4134 12
4135 42
4136 7
4137 41
4138 18
4139 5
4140 30
4141 58
4142 24
4143 5
4144 36
4145 12
4146 5
4147 26
4148 16
4149 14
4150 44
4151 14
4152 26
4153 41
4154 1
4155 37
4156 15
4157 37
4158 36
4159 7
4160 38
4161 32
4162 19
4163 57
4164 35
4165 3
4166 16
4167 54
4168 2
4169 47
4170 39
4171 7
4172 38
4173 39
4174 23
4175 48
4176 20
4177 4
4178 16
4179 7
4180 16
4181 32
4182 22
4183 2
4184 33
4185 26
4186 6
4187 30
4188 5
4189 12
4190 8
4191 6
4192 26
4193 55
4194 3
4195 28
4196 55
4197 2
4198 57
4199 40
4200 19
4201 10
4202 22
4203 3
4204 51
4205 24
4206 9
4207 25
4208 52
4209 6
4210 38
4211 6
4212 2
4213 21
4214 26
4215 26
4216 48
4217 22
4218 49
4219 15
4220 22
4221 11
4222 43
4223 6
4224 35
4225 9
4226 53
4227 29
4228 57
4229 27
4230 27
4231 22
4232 53
4233 10
4234 6
4235 22
4236 49
4237 17
4238 9
4239 57
4240 13
4241 50
4242 8
4243 16
4244 37
4245 30
4246 31
4247 6
4248 6
4249 44
4250 16
4251 52
4252 19
4253 50
4254 48
4255 26
4256 10
4257 35
4258 1
4259 38
4260 1
4261 33
4262 43
4263 35
4264 11
4265 41
4266 26
4267 5
4268 30
4269 58
4270 9
4271 38
4272 14
4273 40
4274 22
4275 49
4276 7
4277 43
4278 41
4279 10
4280 38
4281 27
4282 55
4283 22
4284 17
4285 43
4286 22
4287 33
4288 7
4289 44
4290 23
4291 53
4292 7
4293 50
4294 19
4295 26
4296 32
4297 52
4298 20
4299 52
4300 1
4301 29
4302 3
4303 33
4304 43
4305 23
4306 4
4307 46
4308 18
4309 31
4310 58
4311 8
4312 39
4313 26
4314 48
4315 17
4316 48
4317 0
4318 11
4319 41
4320 34
4321 29
4322 17
4323 16
4324 0
4325 26
4326 19
4327 19
4328 26
4329 58
4330 21
4331 27
4332 59
4333 3
4334 31
4335 55
4336 4
4337 15
4338 8
4339 48
4340 1
4341 41
4342 28
4343 59
4344 2
4345 34
4346 2
4347 5
4348 16
4349 24
4350 50
4351 1
4352 29
4353 28
4354 58
4355 32
4356 33
4357 32
4358 37
4359 59
4360 50
4361 6
4362 0
4363 30
4364 55
4365 13
4366 40
4367 22
4368 50
4369 24
4370 58
4371 22
4372 22
4373 13
4374 53
4375 27
4376 22
4377 53
4378 2
4379 46
4380 18
4381 38
4382 7
4383 34
4384 18
4385 43
4386 19
4387 40
4388 15
4389 39
4390 28
4391 19
4392 20
4393 25
4394 15
4395 45
4396 16
4397 20
4398 8
4399 10
4400 44
4401 8
4402 38
4403 29
4404 33
4405 37
4406 46
4407 22
4408 9
4409 15
4410 58
4411 14
4412 42
4413 26
4414 43
4415 55
4416 24
4417 54
4418 25
4419 31
4420 13
4421 52
4422 24
4423 50
4424 24
4425 21
4426 7
4427 26
4428 9
4429 28
4430 15
4431 41
4432 12
4433 42
4434 50
4435 20
4436 45
4437 26
4438 50
4439 15
4440 48
4441 32
4442 18
4443 41
4444 30
4445 24
4446 8
4447 55
4448 25
4449 52
4450 42
4451 17
4452 14
4453 7
4454 18
4455 3
4456 39
4457 25
4458 21
4459 47
4460 7
4461 34
4462 30
4463 34
4464 19
4465 26
4466 15
4467 47
4468 6
4469 42
4470 28
4471 28
4472 52
4473 26
4474 22
4475 24
4476 9
4477 25
4478 54
4479 19
4480 6
4481 30
4482 13
4483 39
4484 39
4485 6
4486 27
4487 51
4488 56
4489 45
4490 16
4491 56
4492 20
4493 41
4494 28
4495 23
4496 24
4497 11
4498 31
4499 45
4500 21
4501 11
4502 16
4503 42
4504 39
4505 16
4506 3
4507 29
4508 54
4509 2
4510 40
4511 34
4512 21
4513 39
4514 1
4515 1
4516 29
4517 33
4518 14
4519 37
4520 5
4521 22
4522 30
4523 18
4524 50
4525 7
4526 6
4527 38
4528 25
4529 25
4530 6
4531 6
4532 49
4533 49
4534 5
4535 53
4536 9
4537 48
4538 53
4539 44
4540 8
4541 40
4542 8
4543 3
4544 3
4545 47
4546 19
4547 13
4548 13
4549 15
4550 2
4551 42
4552 8
4553 36
4554 27
4555 57
4556 2
4557 33
4558 24
4559 29
4560 19
4561 6
4562 40
4563 8
4564 35
4565 26
4566 11
4567 9
4568 47
4569 18
4570 54
4571 28
4572 10
4573 38
4574 41
4575 1
4576 26
4577 33
4578 22
4579 31
4580 28
4581 8
4582 42
4583 28
4584 36
4585 55
4586 12
4587 50
4588 4
4589 3
4590 41
4591 29
4592 4
4593 31
4594 33
4595 14
4596 14
4597 34
4598 4
4599 45
4600 42
4601 42
4602 4
4603 10
4604 51
4605 21
4606 24
4607 27
4608 1
4609 37
4610 12
4611 51
4612 19
4613 20
4614 16
4615 58
4616 10
4617 21
4618 8
4619 58
4620 17
4621 29
4622 33
4623 19
4624 45
4625 23
4626 10
4627 48
4628 4
4629 40
4630 27
4631 27
4632 45
4633 3
4634 27
4635 57
4636 32
4637 51
4638 19
4639 19
4640 6
4641 21
4642 54
4643 13
4644 25
4645 15
4646 25
4647 22
4648 33
4649 33
4650 18
4651 58
4652 1
4653 55
4654 49
4655 37
4656 34
4657 2
4658 47
4659 4
4660 56
4661 5
4662 5
4663 26
4664 26
4665 52
4666 59
4667 33
4668 48
4669 6
4670 45
4671 26
4672 1
4673 31
4674 3
4675 55
4676 38
4677 50
4678 34
4679 17
4680 47
4681 4
4682 46
4683 29
4684 23
4685 53
4686 10
4687 47
4688 11
4689 28
4690 6
4691 7
4692 3
4693 30
4694 26
4695 44
4696 58
4697 19
4698 16
4699 54
4700 2
4701 41
4702 2
4703 46
4704 6
4705 47
4706 22
4707 53
4708 56
4709 20
4710 16
4711 21
4712 3
4713 35
4714 19
4715 24
4716 53
4717 5
4718 11
4719 26
4720 13
4721 33
4722 9
4723 52
4724 58
4725 27
4726 40
4727 13
4728 13
4729 43
4730 4
4731 49
4732 6
4733 36
4734 39
4735 58
4736 2
4737 59
4738 34
4739 6
4740 16
4741 39
4742 24
4743 20
4744 3
4745 38
4746 31
4747 28
4748 28
4749 7
4750 32
4751 16
4752 56
4753 36
4754 29
4755 24
4756 54
4757 22
4758 59
4759 35
4760 18
4761 17
4762 50
4763 12
4764 29
4765 29
4766 23
4767 7
4768 51
4769 16
4770 33
4771 50
4772 28
4773 32
4774 48
4775 13
4776 37
4777 3
4778 57
4779 24
4780 15
4781 41
4782 53
4783 17
4784 7
4785 37
4786 30
4787 6
4788 27
4789 37
4790 52
4791 6
4792 53
4793 26
4794 56
4795 11
4796 38
4797 18
4798 54
4799 37
4800 10
4801 53
4802 17
4803 7
4804 44
4805 18
4806 45
4807 7
4808 13
4809 48
4810 15
4811 12
4812 33
4813 10
4814 44
4815 32
4816 4
4817 16
4818 14
4819 48
4820 37
4821 19
4822 48
4823 23
4824 47
4825 11
4826 5
4827 45
4828 13
4829 23
4830 13
4831 50
4832 34
4833 25
4834 57
4835 8
4836 18
4837 6
4838 20
4839 4
4840 34
4841 2
4842 42
4843 13
4844 13
4845 41
