12.8
13.15
14.01
15.06
15.21
15.24
15.34
15.53
15.55
15.57
15.59
15.61
15.68
15.72
15.8
15.86
15.92
15.98
16.07
16.09
16.12
16.13
16.19
16.21
16.25
16.26
16.27
16.28
16.32
16.33
16.39
16.41
16.43
16.44
16.45
16.47
16.49
16.5
16.51
16.54
16.56
16.57
16.6
16.64
16.65
16.68
16.7
16.71
16.72
16.73
16.75
16.76
16.78
16.8
16.81
16.82
16.83
16.84
16.93
16.94
16.95
16.97
17
17.03
17.05
17.06
17.08
17.09
17.1
17.11
17.15
17.16
17.17
17.19
17.21
17.22
17.26
17.29
17.3
17.31
17.34
17.35
17.36
17.37
17.38
17.39
17.4
17.41
17.42
17.43
17.44
17.45
17.46
17.47
17.48
17.49
17.5
17.53
17.54
17.55
17.56
17.58
17.59
17.6
17.61
17.62
17.63
17.64
17.67
17.68
17.69
17.7
17.71
17.72
17.73
17.74
17.75
17.76
17.77
17.78
17.8
17.81
17.82
17.83
17.84
17.85
17.86
17.87
17.88
17.89
17.9
17.91
17.92
17.93
17.95
17.96
17.97
17.98
17.99
18.01
18.02
18.03
18.04
18.05
18.06
18.07
18.08
18.09
18.1
18.11
18.12
18.13
18.14
18.15
18.16
18.17
18.18
18.19
18.2
18.21
18.22
18.23
18.24
18.25
18.26
18.27
18.29
18.3
18.31
18.32
18.33
18.34
18.35
18.36
18.38
18.39
18.4
18.41
18.42
18.43
18.44
18.45
18.46
18.47
18.48
18.49
18.5
18.51
18.52
18.53
18.54
18.55
18.56
18.57
18.58
18.59
18.6
18.61
18.63
18.64
18.65
18.66
18.67
18.68
18.69
18.7
18.71
18.72
18.73
18.74
18.75
18.76
18.77
18.78
18.79
18.8
18.81
18.82
18.83
18.84
18.85
18.86
18.87
18.88
18.89
18.9
18.91
18.92
18.93
18.94
18.96
18.97
18.98
18.99
19
19.01
19.02
19.03
19.04
19.05
19.06
19.07
19.08
19.09
19.1
19.11
19.12
19.13
19.14
19.15
19.16
19.17
19.18
19.19
19.2
19.21
19.22
19.23
19.24
19.25
19.26
19.27
19.28
19.29
19.3
19.31
19.32
19.33
19.34
19.35
19.36
19.37
19.38
19.39
19.4
19.41
19.42
19.43
19.44
19.45
19.46
19.47
19.48
19.49
19.5
19.51
19.52
19.53
19.54
19.55
19.56
19.57
19.58
19.59
19.6
19.61
19.62
19.63
19.64
19.65
19.67
19.68
19.69
19.7
19.71
19.72
19.73
19.74
19.75
19.76
19.77
19.78
19.79
19.8
19.81
19.82
19.83
19.84
19.85
19.86
19.87
19.88
19.89
19.9
19.91
19.92
19.93
19.94
19.95
19.96
19.97
19.98
19.99
20
20.01
20.02
20.03
20.04
20.05
20.06
20.07
20.08
20.09
20.1
20.11
20.12
20.13
20.14
20.15
20.16
20.17
20.18
20.19
20.2
20.21
20.22
20.23
20.24
20.25
20.26
20.27
20.28
20.29
20.3
20.31
20.32
20.33
20.34
20.35
20.36
20.37
20.38
20.39
20.4
20.41
20.42
20.43
20.44
20.45
20.46
20.47
20.48
20.49
20.5
20.51
20.52
20.53
20.54
20.55
20.56
20.57
20.58
20.59
20.6
20.61
20.62
20.63
20.64
20.65
20.66
20.67
20.68
20.69
20.7
20.71
20.72
20.73
20.74
20.75
20.76
20.77
20.78
20.79
20.8
20.81
20.82
20.83
20.84
20.85
20.86
20.87
20.88
20.89
20.9
20.91
20.92
20.93
20.94
20.95
20.96
20.97
20.98
20.99
21
21.01
21.02
21.03
21.04
21.05
21.06
21.07
21.08
21.09
21.1
21.11
21.12
21.13
21.14
21.15
21.16
21.17
21.18
21.19
21.2
21.21
21.22
21.23
21.24
21.25
21.26
21.27
21.28
21.29
21.3
21.31
21.32
21.33
21.34
21.35
21.36
21.37
21.38
21.39
21.4
21.41
21.42
21.43
21.44
21.45
21.46
21.47
21.48
21.49
21.5
21.51
21.52
21.53
21.54
21.55
21.56
21.57
21.58
21.59
21.6
21.61
21.62
21.63
21.64
21.65
21.66
21.67
21.68
21.69
21.7
21.71
21.72
21.73
21.74
21.75
21.76
21.77
21.78
21.79
21.8
21.81
21.82
21.83
21.84
21.85
21.86
21.87
21.88
21.89
21.9
21.91
21.92
21.93
21.94
21.95
21.96
21.97
21.98
21.99
22
22.01
22.02
22.03
22.04
22.05
22.06
22.07
22.09
22.1
22.11
22.12
22.13
22.14
22.15
22.16
22.17
22.18
22.19
22.2
22.21
22.22
22.23
22.24
22.25
22.26
22.27
22.28
22.29
22.3
22.31
22.32
22.33
22.34
22.35
22.36
22.37
22.38
22.39
22.4
22.41
22.42
22.43
22.44
22.45
22.46
22.47
22.48
22.49
22.5
22.51
22.52
22.53
22.54
22.55
22.56
22.57
22.58
22.59
22.6
22.61
22.62
22.63
22.64
22.65
22.66
22.67
22.68
22.69
22.7
22.71
22.73
22.74
22.75
22.76
22.77
22.78
22.79
22.8
22.81
22.82
22.83
22.84
22.85
22.86
22.87
22.88
22.89
22.9
22.91
22.92
22.93
22.94
22.95
22.96
22.97
22.98
22.99
23.01
23.02
23.03
23.04
23.05
23.06
23.07
23.08
23.09
23.1
23.11
23.12
23.13
23.14
23.15
23.16
23.17
23.18
23.19
23.2
23.21
23.22
23.23
23.24
23.25
23.27
23.28
23.29
23.3
23.31
23.32
23.33
23.35
23.36
23.37
23.38
23.4
23.41
23.42
23.43
23.44
23.45
23.46
23.47
23.48
23.49
23.5
23.51
23.52
23.54
23.55
23.56
23.57
23.58
23.59
23.6
23.61
23.62
23.63
23.64
23.65
23.66
23.67
23.68
23.69
23.7
23.71
23.72
23.73
23.74
23.75
23.76
23.78
23.79
23.8
23.81
23.82
23.83
23.84
23.85
23.86
23.87
23.88
23.89
23.9
23.91
23.92
23.93
23.94
23.95
23.96
23.97
23.98
23.99
24
24.01
24.02
24.03
24.04
24.05
24.06
24.08
24.09
24.1
24.11
24.12
24.14
24.15
24.16
24.17
24.18
24.19
24.21
24.22
24.23
24.24
24.25
24.26
24.27
24.28
24.29
24.3
24.31
24.32
24.33
24.34
24.35
24.36
24.37
24.38
24.39
24.4
24.41
24.43
24.44
24.45
24.46
24.47
24.48
24.49
24.5
24.51
24.53
24.54
24.56
24.57
24.58
24.59
24.61
24.62
24.63
24.64
24.65
24.66
24.68
24.69
24.7
24.71
24.72
24.73
24.74
24.75
24.76
24.77
24.78
24.79
24.8
24.81
24.82
24.84
24.86
24.87
24.88
24.89
24.9
24.92
24.93
24.94
24.95
24.96
24.97
24.98
25.01
25.02
25.04
25.05
25.06
25.07
25.08
25.09
25.1
25.11
25.13
25.14
25.15
25.16
25.17
25.19
25.2
25.22
25.24
25.25
25.27
25.28
25.29
25.3
25.31
25.33
25.34
25.35
25.36
25.37
25.38
25.39
25.4
25.42
25.43
25.45
25.46
25.48
25.49
25.5
25.51
25.52
25.53
25.54
25.55
25.56
25.57
25.58
25.6
25.61
25.62
25.63
25.64
25.65
25.67
25.68
25.7
25.71
25.72
25.73
25.74
25.75
25.76
25.78
25.83
25.84
25.86
25.88
25.9
25.91
25.92
25.93
25.94
25.95
25.96
25.97
25.99
26.01
26.02
26.03
26.04
26.08
26.09
26.1
26.11
26.14
26.15
26.17
26.18
26.19
26.24
26.25
26.29
26.3
26.32
26.33
26.34
26.35
26.36
26.37
26.38
26.41
26.44
26.45
26.48
26.49
26.5
26.51
26.52
26.53
26.54
26.57
26.58
26.59
26.6
26.61
26.63
26.65
26.66
26.68
26.7
26.71
26.73
26.74
26.75
26.76
26.77
26.79
26.8
26.81
26.82
26.84
26.85
26.87
26.88
26.9
26.91
26.95
26.97
26.99
27
27.01
27.02
27.05
27.06
27.08
27.11
27.12
27.14
27.18
27.2
27.23
27.26
27.28
27.3
27.34
27.35
27.36
27.38
27.39
27.4
27.41
27.42
27.43
27.44
27.47
27.5
27.52
27.53
27.54
27.59
27.64
27.66
27.69
27.7
27.72
27.73
27.76
27.77
27.82
27.83
27.84
27.85
27.87
27.88
27.9
27.92
27.93
27.95
27.97
27.98
27.99
28
28.01
28.06
28.07
28.09
28.12
28.13
28.15
28.16
28.17
28.19
28.26
28.28
28.31
28.33
28.35
28.4
28.42
28.43
28.44
28.46
28.48
28.49
28.5
28.51
28.53
28.56
28.6
28.62
28.63
28.68
28.7
28.71
28.72
28.73
28.75
28.76
28.77
28.8
28.81
28.82
28.87
28.89
28.92
28.98
29
29.01
29.02
29.03
29.04
29.09
29.1
29.12
29.17
29.18
29.2
29.26
29.27
29.36
29.38
29.39
29.41
29.42
29.51
29.54
29.56
29.62
29.64
29.73
29.76
29.78
29.79
29.9
29.91
29.97
30.1
30.29
30.32
30.39
30.48
30.52
30.57
30.63
30.64
30.67
30.71
30.8
30.85
30.9
30.97
31
31.05
31.06
31.27
31.28
31.36
31.45
31.5
31.52
31.63
31.64
31.93
31.97
32
32.01
32.04
32.08
32.13
32.2
32.28
32.29
32.51
32.54
32.66
32.98
33.11
33.21
33.22
33.35
33.36
33.5
33.51
33.52
33.53
33.79
33.82
33.96
34.03
34.05
34.08
34.31
34.37
34.45
34.65
34.69
35.07
35.22
35.41
35.45
35.64
36.36
36.83
36.96
37.32
37.36
37.43
38.12
38.55
39.29
