0 21.83
1 20.43
2 22.27
3 22.27
4 22.86
5 20.2
6 20.89
7 20.89
8 20.83
9 20.83
10 25.63
11 25.63
12 20.39
13 20.39
14 22.52
15 19.75
16 23.12
17 28.4
18 23.68
19 26.71
20 26.71
21 24.24
22 24.24
23 25.29
24 19.41
25 19.41
26 16.07
27 20.14
28 23.12
29 21.76
30 17.77
31 25.75
32 23.05
33 21.64
34 21.64
35 20.67
36 20.67
37 19.9
38 19.9
39 20.95
40 26.87
41 34.69
42 34.69
43 22.15
44 26.99
45 26.99
46 26.99
47 22.22
48 20.77
49 28.77
50 28.77
51 35.07
52 35.07
53 20.19
54 20.19
55 35.22
56 35.22
57 25.45
58 22.38
59 30.32
60 21.98
61 21.98
62 23.6
63 28.6
64 28.6
65 19.04
66 22.82
67 20.13
68 20.13
69 22.78
70 22.78
71 20.73
72 23.02
73 22.75
74 25.57
75 21.43
76 20.76
77 22.3
78 22.3
79 20.57
80 22.62
81 22.62
82 23.42
83 23.42
84 21.22
85 27.53
86 20.86
87 22.7
88 22.7
89 22.4
90 22.4
91 22.4
92 23.61
93 19.55
94 21.85
95 21.46
96 21.46
97 17.99
98 24.29
99 21.15
100 18.03
101 18.03
102 21.33
103 21.33
104 22.06
105 17.91
106 17.91
107 19.61
108 19.61
109 21.19
110 21.19
111 22.81
112 19.36
113 19.36
114 20.47
115 21.78
116 21.78
117 22.1
118 22.1
119 22.1
120 24.46
121 24.46
122 19.07
123 22.45
124 22.45
125 21.02
126 21.02
127 23.8
128 23.8
129 21.99
130 20.99
131 20.99
132 22.48
133 25.13
134 25.13
135 21.77
136 20.01
137 20.01
138 20.01
139 18.92
140 18.92
141 19.58
142 18.82
143 22.79
144 22.35
145 22.35
146 34.65
147 33.21
148 33.21
149 21.14
150 21.14
151 24.14
152 22.28
153 27.23
154 27.23
155 22.39
156 22.39
157 18.86
158 18.53
159 18.53
160 23.38
161 20.05
162 20.05
163 22.34
164 22.34
165 20.66
166 23.94
167 21.61
168 20.07
169 20.07
170 22.16
171 22.16
172 17.54
173 25.48
174 25.48
175 23.47
176 32.04
177 32.04
178 19
179 19
180 18.89
181 18.89
182 26.11
183 24.77
184 24.77
185 25.17
186 25.17
187 24.66
188 18.68
189 24.5
190 32.01
191 32.01
192 21.98
193 21.85
194 23.05
195 21.53
196 19.39
197 19.39
198 19.34
199 25.68
200 19.96
201 18.04
202 16.72
203 16.72
204 18.93
205 18.93
206 19.03
207 20.45
208 20.45
209 19.47
210 23.94
211 23.94
212 22.02
213 18.78
214 18.78
215 30.85
216 21.25
217 20.98
218 22.56
219 28.26
220 28.26
221 18.24
222 18.24
223 23.6
224 23.6
225 20.92
226 20.92
227 22.86
228 22.86
229 21.82
230 21.82
231 21.95
232 27.11
233 24.11
234 27.06
235 27.06
236 23.21
237 23.21
238 24.68
239 32.51
240 18.45
241 19.84
242 20.54
243 20.54
244 21.35
245 23.14
246 24.65
247 18.79
248 23.04
249 19.36
250 19.36
251 28.35
252 28.35
253 28.35
254 27.95
255 28.31
256 26.19
257 32.29
258 19.87
259 19.87
260 29.17
261 29.17
262 21.91
263 23.57
264 21.58
265 27.99
266 20.42
267 20.42
268 18.57
269 27.38
270 27.38
271 27.38
272 22.29
273 33.22
274 22.92
275 25.14
276 25.14
277 19.17
278 25.61
279 25.61
280 20.85
281 19.78
282 23.27
283 21.93
284 21.6
285 21.74
286 21.78
287 28.06
288 28.06
289 29.1
290 29.1
291 22.41
292 26.48
293 26.8
294 26.8
295 21.3
296 21.3
297 31.5
298 31.5
299 22.06
300 20.87
301 17.68
302 17.68
303 18.9
304 22.91
305 22.91
306 21.67
307 21.67
308 21.67
309 21.67
310 31.05
311 20.31
312 18.6
313 18.52
314 19.32
315 18.09
316 24.32
317 19.96
318 24.96
319 24.96
320 23.71
321 18.06
322 18.06
323 19.04
324 19.04
325 19.04
326 23.92
327 23.61
328 19.51
329 19.51
330 23.7
331 24.31
332 20.02
333 20.02
334 21.02
335 18.05
336 18.05
337 23.57
338 22.1
339 30.57
340 30.57
341 19.47
342 19.65
343 19.65
344 21.34
345 18.79
346 22.21
347 18.42
348 18.03
349 19.9
350 19.33
351 19.33
352 16.83
353 16.83
354 23.73
355 23.73
356 24.29
357 22.06
358 22.94
359 22.94
360 26.87
361 26.87
362 20.85
363 25.75
364 31
365 31
366 31
367 21.62
368 21.62
369 18.21
370 28.07
371 28.07
372 28.07
373 18.47
374 21.14
375 21.07
376 20.81
377 19.27
378 19.27
379 27.11
380 23.78
381 23.75
382 23.75
383 20.99
384 26.9
385 26.9
386 26.9
387 24.63
388 22.91
389 25.02
390 28.7
391 28.7
392 28.7
393 34.08
394 34.08
395 22.31
396 22.31
397 23.73
398 25.27
399 21.01
400 29.79
401 29.79
402 20.2
403 21.56
404 21.56
405 20.5
406 23.47
407 23.47
408 24.35
409 24.35
410 23.47
411 18.24
412 26.02
413 26.02
414 23.73
415 23.73
416 26.45
417 26.45
418 17.88
419 20.99
420 19.09
421 19.09
422 24.65
423 19.07
424 19.07
425 17.37
426 19.29
427 26.32
428 26.32
429 21.22
430 20.09
431 23.11
432 26.24
433 26.24
434 19.16
435 19.94
436 22.5
437 24.3
438 18.09
439 18.09
440 27.34
441 27.34
442 22.46
443 22.46
444 20.6
445 20.6
446 19.77
447 23.87
448 22.03
449 22.03
450 21.8
451 22.78
452 28.28
453 26.34
454 26.34
455 21.42
456 32.2
457 32.2
458 26.45
459 26.45
460 26.45
461 24.53
462 24.53
463 16.56
464 22.38
465 27.12
466 19.21
467 21.92
468 37.32
469 37.32
470 27.28
471 20.58
472 21.57
473 21.57
474 18.4
475 25.42
476 25.42
477 25.42
478 23.67
479 19.38
480 19.69
481 29.26
482 20.37
483 21.42
484 21.31
485 23.19
486 23.19
487 23.19
488 27.26
489 25.84
490 25.84
491 25.84
492 23.66
493 23.66
494 26.75
495 23.85
496 22.69
497 24.88
498 24.87
499 22.12
500 22.12
501 26.63
502 29.04
503 26.45
504 25.93
505 20.67
506 20.07
507 23.59
508 16.49
509 16.49
510 26.84
511 34.31
512 34.31
513 26.68
514 26.68
515 24.28
516 24.28
517 21.15
518 27.73
519 21.6
520 21.81
521 21.81
522 27.26
523 19.27
524 22.89
525 21.71
526 21.71
527 25.11
528 25.11
529 23.27
530 21.46
531 23.05
532 20.85
533 21.63
534 22.94
535 19.02
536 19.02
537 23.13
538 20.11
539 19.83
540 19.09
541 21.35
542 21.35
543 19.5
544 33.5
545 33.5
546 29.36
547 26.29
548 26.29
549 25.91
550 25.91
551 21.22
552 21.22
553 20.58
554 25.73
555 25.73
556 29.64
557 29.64
558 21.13
559 16.7
560 27.83
561 27.83
562 30.57
563 30.57
564 20.94
565 23.54
566 23.54
567 22.95
568 23.46
569 20.7
570 20.28
571 20.28
572 18.44
573 19.12
574 19.12
575 20.66
576 25.15
577 22.89
578 24.38
579 23.58
580 23.58
581 22.07
582 22.58
583 20.84
584 23.14
585 24.36
586 24.36
587 24.74
588 24.74
589 18.63
590 18.63
591 22.59
592 19.25
593 19.25
594 26.95
595 19.36
596 22.6
597 22.6
598 23.91
599 23.91
600 28.87
601 28.87
602 32.13
603 32.13
604 21.14
605 21.14
606 22.12
607 22.12
608 22.95
609 22.95
610 22.95
611 20.2
612 20.2
613 20.1
614 22.04
615 22.04
616 21.33
617 21.33
618 22.22
619 21.99
620 19.15
621 19.15
622 22.13
623 22.13
624 29.09
625 24.09
626 23.23
627 21.68
628 21.68
629 22.15
630 22.15
631 18.54
632 26.14
633 22.47
634 22.47
635 19.62
636 25.28
637 21.71
638 21.71
639 21.29
640 21.29
641 25.56
642 25.56
643 22.01
644 23.08
645 23.08
646 20.85
647 20.3
648 20.35
649 24.08
650 28.73
651 28.71
652 28.71
653 26.33
654 29.41
655 21.3
656 21.3
657 21.38
658 25.14
659 25.07
660 25.07
661 19.53
662 23.36
663 19.43
664 19.67
665 19.67
666 20.37
667 20
668 25.7
669 25.7
670 25.7
671 28.42
672 28.42
673 28.42
674 17.53
675 29.12
676 24.58
677 24.58
678 33.52
679 33.52
680 21.23
681 22.16
682 20.12
683 23.66
684 23.66
685 25.96
686 20.23
687 20.23
688 24.11
689 24.11
690 19.41
691 27.5
692 30.63
693 24.33
694 19.99
695 22.6
696 19.17
697 18.34
698 23.01
699 18.29
700 18.29
701 22.26
702 25.51
703 25.51
704 25.01
705 26.52
706 26.52
707 26.18
708 18.05
709 18.05
710 28.81
711 28.81
712 22.04
713 22.56
714 23.81
715 25.54
716 25.54
717 24.11
718 21.95
719 21.95
720 21.42
721 26.1
722 26.1
723 20.82
724 25.88
725 25.13
726 25.13
727 23.61
728 23.61
729 23.61
730 18.74
731 18.74
732 19.48
733 19.48
734 19.96
735 23.14
736 18.27
737 29.18
738 29.18
739 24.21
740 33.35
741 26.33
742 16.28
743 25.56
744 21.66
745 21.66
746 22.45
747 22.45
748 21.03
749 22.53
750 20.64
751 22.19
752 22.19
753 22.19
754 27.59
755 27.59
756 21.33
757 22
758 20.59
759 20.59
760 20.37
761 20.37
762 20.37
763 22.61
764 22.61
765 19.25
766 19.25
767 18.99
768 19.15
769 19.15
770 18.08
771 26.03
772 26.03
773 20.5
774 20.5
775 34.03
776 26.04
777 28.01
778 28.01
779 31.45
780 31.52
781 24.05
782 23.45
783 23.45
784 23.02
785 28.8
786 28.8
787 21.26
788 20.45
789 19.18
790 17.92
791 22.5
792 24.56
793 24.56
794 25.48
795 27.84
796 20.79
797 20.79
798 19.38
799 21.16
800 25.15
801 25.15
802 19.35
803 19.35
804 19.35
805 18.7
806 33.36
807 28.16
808 19.73
809 19.73
810 18.67
811 18.67
812 20.58
813 19.59
814 19.59
815 21.53
816 25.35
817 22.95
818 22.95
819 26.08
820 26.08
821 24.56
822 20.69
823 28.16
824 20.04
825 20.04
826 19.8
827 20.14
828 20.14
829 22.76
830 21.98
831 26.09
832 26.09
833 26.09
834 17.26
835 23.19
836 20.4
837 18.81
838 18.81
839 19.13
840 19.13
841 31.28
842 31.28
843 18.81
844 18.81
845 17.37
846 17.37
847 23.01
848 20.42
849 20.42
850 19.69
851 21.82
852 18.27
853 18.27
854 20.29
855 29.02
856 19.27
857 26.24
858 24
859 19.33
860 19.33
861 28.33
862 22.93
863 33.96
864 33.96
865 22.24
866 22.24
867 21.01
868 21.01
869 18.49
870 21.29
871 24.32
872 24.03
873 24.03
874 20.81
875 20.81
876 20.72
877 21.35
878 21.35
879 20.29
880 16.21
881 28.4
882 24.1
883 24.1
884 18.61
885 24.18
886 24.18
887 17.62
888 20.58
889 23.82
890 23.82
891 23.82
892 22.31
893 22.31
894 23.24
895 22.35
896 22.35
897 24.79
898 19.37
899 25.78
900 18.24
901 20.1
902 20.1
903 20.1
904 23.8
905 23.8
906 23.8
907 21.67
908 21.48
909 21.3
910 21.3
911 27.47
912 20.2
913 20.2
914 18.97
915 19.31
916 19.31
917 19.31
918 24.88
919 23.13
920 23.13
921 21.03
922 22.45
923 22.45
924 21.16
925 20.87
926 20.71
927 24.14
928 15.92
929 15.92
930 22.18
931 22.18
932 22.18
933 18.01
934 17.42
935 23.14
936 17.44
937 19.03
938 19.03
939 20.04
940 20.04
941 17.99
942 17.99
943 23.75
944 19.02
945 19.02
946 20.19
947 20.61
948 27.38
949 20
950 20
951 24.27
952 24.27
953 22.67
954 15.86
955 18.65
956 18.03
957 23.67
958 23.67
959 19.58
960 19.58
961 21.96
962 24.29
963 24.29
964 17.97
965 20.49
966 19.13
967 25.83
968 25.65
969 37.36
970 37.36
971 20.78
972 20.78
973 21.16
974 18.1
975 18.53
976 24.05
977 24.05
978 22.96
979 22.96
980 18.75
981 18.75
982 27.36
983 20.61
984 20.67
985 20.67
986 22.13
987 17.97
988 17.97
989 20.93
990 18.4
991 20.4
992 23.94
993 23.94
994 18.43
995 20.55
996 21.18
997 32.08
998 32.08
999 28.13
1000 21.56
1001 22.44
1002 20.79
1003 20.79
1004 20.79
1005 30.48
1006 30.48
1007 20.77
1008 21.36
1009 21.36
1010 22.66
1011 22.66
1012 25.36
1013 37.43
1014 37.43
1015 37.43
1016 25.64
1017 25.64
1018 16.65
1019 16.65
1020 16.65
1021 17.87
1022 17.87
1023 19.14
1024 20.16
1025 19.49
1026 22.99
1027 22.99
1028 20.14
1029 20.14
1030 26.35
1031 22.35
1032 20.64
1033 28.43
1034 25.95
1035 21.87
1036 28.82
1037 22.85
1038 22.85
1039 21.5
1040 16.6
1041 24
1042 19.01
1043 20.13
1044 23.31
1045 22.48
1046 15.55
1047 15.55
1048 17.31
1049 20.42
1050 20.42
1051 19.58
1052 16.57
1053 28.98
1054 23.55
1055 23.55
1056 21.04
1057 24.38
1058 24.38
1059 24.38
1060 21.53
1061 23.85
1062 19.52
1063 21.88
1064 21.88
1065 17.72
1066 23.41
1067 22.62
1068 16.25
1069 28.16
1070 19.19
1071 22.96
1072 16.73
1073 16.73
1074 18.86
1075 21.63
1076 22.84
1077 27.82
1078 21.95
1079 21.95
1080 23.01
1081 23.01
1082 18.93
1083 22.41
1084 19.77
1085 19.77
1086 18.59
1087 22.77
1088 18.31
1089 23.06
1090 20.67
1091 22.31
1092 22.31
1093 20.53
1094 25.19
1095 23.15
1096 23.15
1097 29.01
1098 29.01
1099 24.96
1100 24.96
1101 23.24
1102 22.57
1103 26.51
1104 24.05
1105 24.05
1106 23.99
1107 17.58
1108 17.58
1109 24.58
1110 23.23
1111 23.23
1112 21.36
1113 27.3
1114 27.3
1115 21.11
1116 23.68
1117 19.72
1118 28.75
1119 28.75
1120 22.16
1121 22.92
1122 22.92
1123 20.86
1124 22.98
1125 22.98
1126 24.15
1127 22.54
1128 25.38
1129 23.29
1130 23.57
1131 22.21
1132 22.21
1133 18.61
1134 23.61
1135 23.61
1136 20.74
1137 20.74
1138 25.3
1139 20.45
1140 21.24
1141 20.92
1142 18.69
1143 25.08
1144 25.08
1145 19.23
1146 22.51
1147 17.34
1148 17.34
1149 20.15
1150 21.4
1151 21.4
1152 25.92
1153 25.92
1154 24.98
1155 18.75
1156 18.75
1157 18.75
1158 20.95
1159 28.13
1160 19.85
1161 19.85
1162 19.85
1163 24.23
1164 24.57
1165 22.76
1166 20.8
1167 21.09
1168 20.84
1169 18.9
1170 18.9
1171 22.56
1172 21.43
1173 20.48
1174 22.27
1175 20.55
1176 27.92
1177 27.92
1178 18.96
1179 18.96
1180 21.22
1181 24.81
1182 21.49
1183 17.17
1184 21.62
1185 21.62
1186 22.09
1187 22.09
1188 22.09
1189 22.92
1190 20.55
1191 20.55
1192 19.54
1193 19.54
1194 21.33
1195 21.27
1196 21.27
1197 17.3
1198 21.49
1199 21.49
1200 21.12
1201 21.12
1202 21.12
1203 21.57
1204 21.57
1205 18.19
1206 20.22
1207 20.22
1208 27.36
1209 20.69
1210 20.69
1211 16.27
1212 20.82
1213 20.82
1214 23.04
1215 23.04
1216 24.63
1217 23.03
1218 26.68
1219 20.25
1220 20.25
1221 24.95
1222 24.95
1223 23.09
1224 23.09
1225 23.2
1226 23.2
1227 28.81
1228 28.81
1229 20.21
1230 20.21
1231 30.39
1232 30.39
1233 30.39
1234 31.36
1235 22.07
1236 21.38
1237 19.43
1238 20.21
1239 20.21
1240 20.21
1241 29.78
1242 22.07
1243 18.74
1244 18.76
1245 18.76
1246 18.26
1247 18.26
1248 19.17
1249 21.46
1250 22.74
1251 24.15
1252 21.52
1253 28.53
1254 28.53
1255 28.53
1256 21.62
1257 21.62
1258 21.62
1259 22.86
1260 22.86
1261 22.15
1262 17.96
1263 32.66
1264 26.53
1265 20.33
1266 20.33
1267 21.16
1268 31.27
1269 23.83
1270 23.83
1271 25.14
1272 20.06
1273 26.11
1274 26.11
1275 25.14
1276 17.47
1277 19.88
1278 24.62
1279 34.37
1280 34.37
1281 19.91
1282 20.51
1283 20.51
1284 24.93
1285 24.93
1286 22.54
1287 22.54
1288 21.06
1289 28.56
1290 19.2
1291 19.2
1292 28.53
1293 28.53
1294 36.96
1295 22.92
1296 20.29
1297 25.9
1298 24.69
1299 17.6
1300 22.53
1301 22.53
1302 19.35
1303 38.55
1304 17.63
1305 17.63
1306 20.74
1307 20.74
1308 22.56
1309 23.32
1310 23.32
1311 28.31
1312 28.31
1313 28.12
1314 22.66
1315 23.01
1316 22.16
1317 22.16
1318 20.46
1319 22.48
1320 22.48
1321 22.48
1322 23.45
1323 32
1324 22.9
1325 17.86
1326 17.86
1327 24.59
1328 24.59
1329 21.95
1330 20.13
1331 20.13
1332 24.24
1333 26.58
1334 19.21
1335 20.62
1336 20.62
1337 31.97
1338 31.97
1339 21.63
1340 28.12
1341 19.68
1342 21.02
1343 36.36
1344 20.69
1345 25.86
1346 25.2
1347 16.43
1348 16.43
1349 23.14
1350 23.14
1351 27.42
1352 33.79
1353 19.52
1354 19.52
1355 21.39
1356 21.39
1357 36.83
1358 36.83
1359 36.83
1360 18.54
1361 21.56
1362 24.8
1363 21.32
1364 18.99
1365 26.73
1366 20.3
1367 18.65
1368 18.65
1369 20.09
1370 19.08
1371 23.11
1372 20.88
1373 20.88
1374 27.85
1375 27.85
1376 33.51
1377 19.47
1378 17.44
1379 24.16
1380 18.2
1381 20.93
1382 19.2
1383 22.31
1384 23.78
1385 33.53
1386 20.9
1387 24.04
1388 20.22
1389 21.88
1390 21.88
1391 26.25
1392 26.25
1393 22.76
1394 31.63
1395 26.85
1396 26.85
1397 22
1398 20.88
1399 22.51
1400 22.51
1401 25.49
1402 25.14
1403 15.59
1404 20.04
1405 21.96
1406 25.64
1407 19.95
1408 23.49
1409 23.49
1410 16.93
1411 30.9
1412 30.9
1413 18.94
1414 39.29
1415 21.67
1416 21.67
1417 21.37
1418 20.13
1419 20.13
1420 18.81
1421 26.36
1422 21.09
1423 21.81
1424 24.54
1425 21.53
1426 21.53
1427 29.18
1428 26.88
1429 26.88
1430 18.8
1431 18.8
1432 18.8
1433 22.68
1434 22.68
1435 21.3
1436 28.09
1437 28.15
1438 17.81
1439 27
1440 24.25
1441 18.3
1442 18.3
1443 22.79
1444 24.47
1445 20.9
1446 20.9
1447 26.54
1448 25.2
1449 25.2
1450 18.21
1451 18.21
1452 23.27
1453 20.17
1454 21.87
1455 21.96
1456 21.2
1457 21.2
1458 24.11
1459 24.11
1460 22.06
1461 22.06
1462 25.72
1463 21.12
1464 21.12
1465 21.12
1466 22.31
1467 33.11
1468 33.11
1469 23.07
1470 24.71
1471 24.71
1472 24.54
1473 24.54
1474 24.39
1475 28
1476 21.52
1477 18.63
1478 18.63
1479 22.58
1480 22.7
1481 26.17
1482 18.91
1483 19.88
1484 19.53
1485 22.89
1486 22.57
1487 21.07
1488 21.07
1489 22.79
1490 22.19
1491 22.19
1492 24.05
1493 24.05
1494 28.17
1495 19.3
1496 19.3
1497 18.34
1498 22.24
1499 22.24
1500 34.05
1501 34.05
1502 21.63
1503 20.22
1504 20.22
1505 22.45
1506 22.45
1507 22.45
1508 21.82
1509 24.8
1510 21.47
1511 21.47
1512 19.71
1513 19.71
1514 20.64
1515 23.18
1516 23.18
1517 23.18
1518 20.83
1519 20.83
1520 24.78
1521 25.39
1522 25.39
1523 23.33
1524 23.33
1525 25.39
1526 25.39
1527 18.82
1528 23.73
1529 30.52
1530 30.52
1531 35.64
1532 35.64
1533 31.36
1534 24.4
1535 18.91
1536 17.91
1537 17.91
1538 19.97
1539 19.97
1540 22.1
1541 22.1
1542 20.24
1543 20.86
1544 23.2
1545 19.76
1546 19.76
1547 19.39
1548 22.79
1549 23.38
1550 20.31
1551 20.31
1552 25.22
1553 23.43
1554 25.6
1555 22.42
1556 22.68
1557 20.24
1558 25.53
1559 24.11
1560 21.22
1561 20.94
1562 19.95
1563 19.95
1564 17.77
1565 16.71
1566 22.07
1567 22.07
1568 22.07
1569 19.25
1570 34.45
1571 34.45
1572 22.59
1573 22.91
1574 22.91
1575 24.45
1576 23.28
1577 29.51
1578 28.89
1579 28.89
1580 32.28
1581 21.09
1582 23.13
1583 26.18
1584 18.91
1585 17.89
1586 17.89
1587 18.98
1588 19.04
1589 24.49
1590 24.49
1591 27.14
1592 27.14
1593 19.77
1594 22.8
1595 20.47
1596 23.96
1597 20.45
1598 23.71
1599 20.98
1600 26.14
1601 17.86
1602 23.33
1603 20.78
1604 26.82
1605 25.55
1606 16.41
1607 19.93
1608 22.36
1609 31.06
1610 20.62
1611 19.38
1612 24.5
1613 24.5
1614 18.87
1615 18.87
1616 18.36
1617 18.36
1618 21.05
1619 21.6
1620 21.39
1621 24.26
1622 23.78
1623 25.54
1624 28.68
1625 20.89
1626 20.89
1627 24.68
1628 24.68
1629 26.49
1630 24.51
1631 24.51
1632 21.5
1633 21.5
1634 20.66
1635 20.66
1636 19.01
1637 21.22
1638 19.51
1639 29.02
1640 22.02
1641 20.44
1642 19.35
1643 19.35
1644 23.16
1645 22.59
1646 23.52
1647 22.52
1648 22.52
1649 24.08
1650 26.14
1651 26.14
1652 18.97
1653 23.12
1654 23.49
1655 26.08
1656 26.17
1657 22.27
1658 22.27
1659 19.29
1660 19.29
1661 22.06
1662 27.98
1663 18.88
1664 29.79
1665 21.68
1666 22.01
1667 29.73
1668 19.04
1669 19.72
1670 19.72
1671 20.1
1672 26.33
1673 24.16
1674 20.75
1675 20.75
1676 23.61
1677 23.61
1678 22.45
1679 22.45
1680 21.38
1681 18.46
1682 21.58
1683 31.93
1684 31.93
1685 24.72
1686 24.72
1687 21.83
1688 23.96
1689 27.01
1690 27.44
1691 25.02
1692 18.87
1693 29.56
1694 24.57
1695 28.46
1696 26.41
1697 26.41
1698 24.26
1699 27.05
1700 28.73
1701 24.71
1702 24.22
1703 24.22
1704 29.79
1705 24.61
1706 24.11
1707 24.11
1708 30.67
1709 30.67
1710 22.62
1711 23.42
1712 35.41
1713 21.17
1714 30.97
1715 23.01
1716 19.04
1717 19.04
1718 18.1
1719 24.34
1720 24.34
1721 22.44
1722 19.8
1723 22.19
1724 23.93
1725 25.99
1726 25.99
1727 26.15
1728 26.15
1729 27.9
1730 22.9
1731 22.2
1732 27.35
1733 20.26
1734 18.59
1735 23.42
1736 20.87
1737 24.49
1738 24.49
1739 29.42
1740 24.56
1741 21.45
1742 21.45
1743 24.22
1744 22.65
1745 22.65
1746 23.35
1747 23.35
1748 23.35
1749 27.08
1750 27.08
1751 18.89
1752 18.89
1753 30.71
1754 25.7
1755 18.03
1756 22.48
1757 21.53
1758 19.98
1759 19.65
1760 19.65
1761 22.66
1762 19.83
1763 19.83
1764 20.52
1765 20.13
1766 22.58
1767 18.99
1768 18.99
1769 23.47
1770 23.47
1771 21.22
1772 26.91
1773 26.91
1774 26.91
1775 18.49
1776 18.49
1777 21.2
1778 21.2
1779 24.84
1780 17.91
1781 22.86
1782 24.93
1783 20.9
1784 20.03
1785 20.03
1786 19.86
1787 22.77
1788 20.94
1789 20.94
1790 20.22
1791 20.22
1792 18.69
1793 20.72
1794 20.72
1795 22.92
1796 23.18
1797 20.44
1798 29.27
1799 19.18
1800 25.78
1801 22.22
1802 22.22
1803 21.5
1804 21.5
1805 20.24
1806 35.45
1807 24.09
1808 24.09
1809 25.94
1810 23.82
1811 23.82
1812 27
1813 16.19
1814 18.43
1815 18.43
1816 24.37
1817 24.89
1818 21.03
1819 21.03
1820 21.03
1821 20.84
1822 20.9
1823 26.73
1824 26.73
1825 22.67
1826 27.7
1827 21.46
1828 25.34
1829 18.81
1830 18.59
1831 22.23
1832 22.23
1833 20.01
1834 21.22
1835 19.29
1836 24.09
1837 24.09
1838 26.79
1839 19.54
1840 26.65
1841 26.65
1842 18.25
1843 18.25
1844 25.31
1845 25.31
1846 23.01
1847 23.01
1848 20.63
1849 20.22
1850 22.04
1851 22.04
1852 25.75
1853 19.99
1854 21.77
1855 27.87
1856 27.87
1857 19.95
1858 29.97
1859 29.97
1860 23.81
1861 23.81
1862 22.16
1863 25.31
1864 25.31
1865 19.75
1866 19.75
1867 27
1868 28.53
1869 28.53
1870 18.99
1871 21.75
1872 21.75
1873 26.51
1874 20.94
1875 19.51
1876 19.51
1877 22.29
1878 22.29
1879 22.29
1880 21.23
1881 21.38
1882 21.38
1883 22.29
1884 22.29
1885 19.6
1886 22.67
1887 19.81
1888 19.81
1889 21.37
1890 19.35
1891 22.33
1892 22.33
1893 18.66
1894 18.66
1895 24
1896 24.22
1897 25.58
1898 25.58
1899 25.58
1900 26.61
1901 21.51
1902 21.55
1903 21.55
1904 22.79
1905 22.79
1906 20.87
1907 17.87
1908 19.35
1909 18.61
1910 23.87
1911 25.67
1912 25.67
1913 23.96
1914 20
1915 21.54
1916 21.54
1917 25.56
1918 25.56
1919 19.36
1920 19.36
1921 20.92
1922 22.19
1923 22.19
1924 21.88
1925 21.88
1926 20.61
1927 19.04
1928 26.59
1929 26.59
1930 20.06
1931 26.1
1932 27.52
1933 21.68
1934 22.11
1935 24.76
1936 22.31
1937 22.34
1938 22.34
1939 29.76
1940 29.76
1941 20.41
1942 20.25
1943 20.25
1944 21.79
1945 27.7
1946 23.46
1947 20.34
1948 20.34
1949 20.5
1950 21.74
1951 22.92
1952 23.27
1953 23.27
1954 23.27
1955 17.9
1956 17.4
1957 25.51
1958 25.5
1959 31.64
1960 21.03
1961 16.76
1962 19.03
1963 23.59
1964 21.38
1965 21.38
1966 23.46
1967 22.88
1968 22.88
1969 21.65
1970 21.65
1971 19.72
1972 22.23
1973 17.71
1974 23.02
1975 21.83
1976 22.69
1977 29.03
1978 29.03
1979 23.36
1980 19.89
1981 24.95
1982 21.75
1983 21.75
1984 25.31
1985 19.23
1986 20.26
1987 26.77
1988 26.77
1989 18.92
1990 20.39
1991 23.82
1992 19.09
1993 23.8
1994 27.64
1995 24.77
1996 24.77
1997 25.54
1998 22.14
1999 21.97
2000 22.11
2001 22.11
2002 20.8
2003 20.8
2004 21.31
2005 19.85
2006 25.52
2007 25.52
2008 17.88
2009 19.43
2010 22.92
2011 20.35
2012 21.28
2013 22.78
2014 21.35
2015 26.65
2016 26.65
2017 23.38
2018 32.98
2019 32.98
2020 24.77
2021 24.77
2022 25.97
2023 25.97
2024 19.53
2025 18.6
2026 18.6
2027 20.56
2028 20.56
2029 24.81
2030 24.81
2031 24.32
2032 22.91
2033 24.28
2034 21.19
2035 19.56
2036 20.87
2037 22.26
2038 22.26
2039 23.73
2040 23.51
2041 17.48
2042 16.82
2043 16.82
2044 16.82
2045 21.74
2046 21.89
2047 21.4
2048 21.4
2049 21.24
2050 24.73
2051 24.73
2052 18.91
2053 22.19
2054 27.66
2055 28.72
2056 28.72
2057 19.5
2058 24.64
2059 24.64
2060 24.64
2061 20.38
2062 22.58
2063 23.54
2064 23.54
2065 21.1
2066 19.19
2067 19.19
2068 19.27
2069 19.27
2070 20.98
2071 23.28
2072 20.41
2073 24.61
2074 23.56
2075 23.89
2076 26.01
2077 21.46
2078 25.1
2079 27.85
2080 27.85
2081 19.54
2082 21.67
2083 21.67
2084 22.15
2085 22.15
2086 22.37
2087 21.95
2088 20.66
2089 19.75
2090 20.98
2091 21.27
2092 22.53
2093 21.77
2094 21.77
2095 20.99
2096 20.99
2097 24.4
2098 23.9
2099 21.72
2100 24.9
2101 22.1
2102 22.1
2103 21.91
2104 22.61
2105 20.28
2106 21.84
2107 23.93
2108 23.93
2109 21.57
2110 17.8
2111 21.04
2112 21.04
2113 20.28
2114 20.37
2115 22.46
2116 19.11
2117 20.57
2118 20.57
2119 19.57
2120 19.57
2121 23.09
2122 23.09
2123 27.06
2124 19.8
2125 17.03
2126 17.03
2127 27.73
2128 20.8
2129 20.8
2130 20.8
2131 20.11
2132 20.11
2133 20.11
2134 22.69
2135 22.69
2136 25.37
2137 22.58
2138 22.78
2139 24.32
2140 22.55
2141 22.55
2142 22.43
2143 21.86
2144 21.86
2145 22.96
2146 22.07
2147 22.07
2148 20.77
2149 20.77
2150 20.7
2151 26.17
2152 26.17
2153 19.33
2154 19.33
2155 19.8
2156 23.66
2157 27.82
2158 18.93
2159 18.93
2160 18.93
2161 21.43
2162 21.43
2163 19.91
2164 19.91
2165 19.36
2166 19.34
2167 19.34
2168 19.34
2169 21.89
2170 20.92
2171 20.92
2172 23.95
2173 23.95
2174 23.95
2175 21.62
2176 21.62
2177 20.04
2178 16.84
2179 16.84
2180 28.76
2181 28.76
2182 26.6
2183 23.6
2184 23.6
2185 19.77
2186 22.88
2187 28.17
2188 22.22
2189 22.22
2190 22.22
2191 26.36
2192 26.36
2193 23.31
2194 23.31
2195 19.1
2196 19.77
2197 23.89
2198 23.89
2199 25.56
2200 22
2201 22
2202 22.98
2203 19.54
2204 19.54
2205 20.87
2206 20.95
2207 20.95
2208 22.98
2209 23.94
2210 21.62
2211 22.29
2212 21.7
2213 21.7
2214 24.5
2215 24.5
2216 23.48
2217 22.82
2218 27.76
2219 27.76
2220 24.22
2221 24.22
2222 24.22
2223 20.85
2224 20.85
2225 21.92
2226 23.6
2227 21.59
2228 21.57
2229 20.1
2230 21.06
2231 22.31
2232 21.48
2233 21.48
2234 21.48
2235 23.01
2236 22.04
2237 22.04
2238 26.63
2239 26.63
2240 19.53
2241 22.64
2242 24.74
2243 24.74
2244 24.29
2245 24.61
2246 24.61
2247 22.66
2248 22.66
2249 20.55
2250 23.79
2251 23.79
2252 22.47
2253 22.47
2254 17.05
2255 22.99
2256 22.99
2257 22.38
2258 22.88
2259 22.88
2260 22.83
2261 26.08
2262 26.08
2263 26.08
2264 17.47
2265 17.47
2266 17.47
2267 23.74
2268 23.74
2269 22.85
2270 20.25
2271 20.25
2272 21.45
2273 20.29
2274 18.82
2275 21.37
2276 21.37
2277 17.77
2278 19.31
2279 19.31
2280 38.12
2281 38.12
2282 38.12
2283 25.46
2284 25.46
2285 24.59
2286 24.59
2287 23.73
2288 23.73
2289 18.97
2290 20.55
2291 19.44
2292 19.44
2293 24.69
2294 19.18
2295 17.76
2296 17.76
2297 19.35
2298 21
2299 20.5
2300 24.92
2301 19.53
2302 19.53
2303 15.21
2304 21.7
2305 21.7
2306 20.43
2307 22.45
2308 20.29
2309 20.29
2310 18.48
2311 18.48
2312 22.28
2313 24.81
2314 24.81
2315 21.56
2316 21.56
2317 23.65
2318 23.65
2319 20.6
2320 23.9
2321 22.46
2322 22.46
2323 24.02
2324 21.14
2325 21.14
2326 20.25
2327 19.68
2328 19.68
2329 22.46
2330 19.94
2331 19.94
2332 19.5
2333 26.74
2334 21.61
2335 21.87
2336 19.48
2337 24.19
2338 24.19
2339 19.14
2340 19.14
2341 21.38
2342 26.44
2343 23.49
2344 23.49
2345 22.48
2346 19.11
2347 19.11
2348 21.26
2349 22.96
2350 18.69
2351 18.08
2352 22.39
2353 24.27
2354 22.38
2355 24.46
2356 24.46
2357 20.95
2358 16.07
2359 16.07
2360 28.48
2361 20.35
2362 21.07
2363 22.36
2364 20.03
2365 23.21
2366 23.21
2367 20.88
2368 19.07
2369 19.36
2370 19.36
2371 20.25
2372 20.25
2373 18.5
2374 18.5
2375 26.02
2376 26.02
2377 26.95
2378 26.95
2379 21.06
2380 21.06
2381 30.1
2382 30.1
2383 25.68
2384 22.86
2385 20.23
2386 20.23
2387 20.23
2388 19.82
2389 21.2
2390 21.2
2391 25.01
2392 23.49
2393 25.01
2394 23.81
2395 21.07
2396 23.52
2397 22.63
2398 22.63
2399 22.27
2400 22.27
2401 23.75
2402 23.75
2403 23.75
2404 20.49
2405 20.49
2406 19.48
2407 19.98
2408 25.16
2409 18.67
2410 26.53
2411 27.02
2412 22.85
2413 22.85
2414 21.81
2415 21.81
2416 17.73
2417 19.69
2418 23.68
2419 23.68
2420 25.7
2421 22.41
2422 20.24
2423 20.24
2424 18.98
2425 18.98
2426 26.61
2427 20.33
2428 22.19
2429 20
2430 20.97
2431 17.92
2432 19.22
2433 22.65
2434 21.05
2435 19.06
2436 17.88
2437 17.88
2438 19.08
2439 21
2440 20.72
2441 29.2
2442 29.2
2443 18.22
2444 18.22
2445 22.68
2446 22.68
2447 21.22
2448 21.22
2449 15.24
2450 23.5
2451 19.47
2452 19.43
2453 19.26
2454 18.78
2455 18.78
2456 24.3
2457 18.22
2458 21.44
2459 21.44
2460 23.31
2461 23.31
2462 23.72
2463 28.5
2464 23.5
2465 23.5
2466 20.77
2467 16.5
2468 16.5
2469 21.1
2470 21.1
2471 19.23
2472 22.52
2473 21.84
2474 21.84
2475 20.12
2476 20.47
2477 20.18
2478 20.18
2479 20.98
2480 19.51
2481 19.84
2482 18.9
2483 18.9
2484 17.72
2485 20.27
2486 20.27
2487 20.27
2488 22.53
2489 17.89
2490 21.75
2491 21.75
2492 21.51
2493 18.69
2494 18.69
2495 17.88
2496 25.96
2497 25.37
2498 20.21
2499 20.21
2500 18.64
2501 24.92
2502 24.92
2503 24.84
2504 22.94
2505 19.95
2506 24.94
2507 22.39
2508 23.91
2509 20.79
2510 17.82
2511 26.3
2512 19.31
2513 19.31
2514 21.49
2515 17.98
2516 21.99
2517 26.53
2518 22.54
2519 17.64
2520 22.52
2521 23.4
2522 22.29
2523 23.51
2524 20.23
2525 23.24
2526 18.58
2527 21.31
2528 21.31
2529 22.07
2530 22.07
2531 21.83
2532 22.43
2533 19.24
2534 19.24
2535 21.94
2536 19.59
2537 19.59
2538 20.42
2539 20.42
2540 21.52
2541 25.76
2542 25.76
2543 27.41
2544 27.41
2545 27.41
2546 18.55
2547 23.81
2548 20.92
2549 21.66
2550 18.61
2551 18.61
2552 22.18
2553 19.47
2554 21.21
2555 21.26
2556 21.26
2557 27.95
2558 27.95
2559 18.53
2560 20.6
2561 24.58
2562 24.58
2563 24.58
2564 21.19
2565 22.39
2566 19.43
2567 17.15
2568 19.15
2569 22.37
2570 20.73
2571 26.81
2572 21.21
2573 21.21
2574 29.04
2575 21.84
2576 21.84
2577 21.23
2578 21.23
2579 23.73
2580 21.2
2581 18.81
2582 20.36
2583 18.56
2584 22.03
2585 18.13
2586 18.41
2587 22.29
2588 23.71
2589 19.28
2590 21.18
2591 23.19
2592 23.19
2593 23.19
2594 18.02
2595 18.03
2596 23.25
2597 29.9
2598 20.22
2599 20.22
2600 19.73
2601 17.9
2602 20.96
2603 20.96
2604 25.62
2605 25.33
2606 17.5
2607 20.15
2608 20.15
2609 22.73
2610 22.93
2611 20.57
2612 18.65
2613 20.37
2614 20.37
2615 22.57
2616 22.76
2617 19.5
2618 19.53
2619 21.66
2620 19.64
2621 19.64
2622 19.82
2623 17.55
2624 20.49
2625 20.49
2626 19.89
2627 25.05
2628 25.05
2629 19.47
2630 23.67
2631 29.39
2632 19.39
2633 21.89
2634 15.34
2635 15.34
2636 22.51
2637 22.21
2638 17.93
2639 18.68
2640 18.16
2641 19.05
2642 19.05
2643 23.8
2644 21.25
2645 17.77
2646 19.95
2647 19.95
2648 20.15
2649 20.15
2650 19.06
2651 19.06
2652 20.48
2653 18.67
2654 24.65
2655 18.67
2656 22.88
2657 22.88
2658 22.88
2659 17.26
2660 19.35
2661 21.45
2662 20.82
2663 20.86
2664 23.95
2665 18.51
2666 18.51
2667 21.56
2668 21.56
2669 23.52
2670 23.52
2671 22.62
2672 17.43
2673 17.43
2674 19.35
2675 21.5
2676 21.5
2677 23.17
2678 22.17
2679 20.45
2680 19.51
2681 23.6
2682 21.77
2683 20.41
2684 20.12
2685 18.09
2686 19.73
2687 19.73
2688 22.9
2689 25.15
2690 25.29
2691 19.86
2692 19.67
2693 22.16
2694 19.64
2695 21.02
2696 21.81
2697 21.39
2698 21.43
2699 20.5
2700 25.16
2701 22.31
2702 21.27
2703 21.27
2704 18.84
2705 18.84
2706 19.92
2707 21.27
2708 28.17
2709 23.47
2710 20.11
2711 19.03
2712 21.76
2713 20.17
2714 22.49
2715 19.69
2716 20.41
2717 20.41
2718 21.64
2719 21.64
2720 19.98
2721 19.24
2722 19.97
2723 24.82
2724 30.8
2725 20.58
2726 20.58
2727 21.44
2728 21.44
2729 22.62
2730 22.62
2731 26.53
2732 20.99
2733 20.99
2734 27.05
2735 23.66
2736 21.91
2737 25.56
2738 25.46
2739 25.46
2740 20.1
2741 27.72
2742 20.91
2743 19.8
2744 25.29
2745 19.01
2746 19.01
2747 19.78
2748 19.78
2749 22.02
2750 20.89
2751 22.96
2752 22.96
2753 28.51
2754 25.48
2755 17.97
2756 25.65
2757 25.65
2758 25.65
2759 22.92
2760 21.64
2761 18.29
2762 22.58
2763 22.58
2764 20.75
2765 20.75
2766 19.44
2767 18.67
2768 18.67
2769 20.92
2770 22.2
2771 22.2
2772 24.35
2773 16.39
2774 19.4
2775 20.06
2776 20.06
2777 19.78
2778 19.95
2779 19.93
2780 19.93
2781 17.6
2782 17.6
2783 20.14
2784 20.14
2785 20.48
2786 28.19
2787 28.19
2788 20.14
2789 20.14
2790 20.42
2791 18.7
2792 23.87
2793 22.52
2794 20.31
2795 23.1
2796 23.1
2797 21.05
2798 16.27
2799 22.18
2800 20.02
2801 20.02
2802 22.44
2803 22.44
2804 18.59
2805 18.59
2806 22.05
2807 22.27
2808 24.12
2809 22.26
2810 23.46
2811 23.46
2812 18.41
2813 21.07
2814 22.35
2815 22.35
2816 20.16
2817 26.5
2818 23.38
2819 23.38
2820 20.87
2821 20.44
2822 22.18
2823 22.18
2824 21.37
2825 21.37
2826 20.1
2827 25.99
2828 22.87
2829 22.87
2830 22.01
2831 25.28
2832 25.28
2833 21.87
2834 22.02
2835 20.46
2836 20.46
2837 20.73
2838 20.73
2839 21.6
2840 21.6
2841 21.72
2842 21.1
2843 17.67
2844 17.67
2845 20.62
2846 26.91
2847 26.91
2848 21.8
2849 19.15
2850 19.15
2851 24.41
2852 24.41
2853 22.21
2854 22.21
2855 20.86
2856 23.3
2857 23.7
2858 21.28
2859 20.6
2860 25.07
2861 25.07
2862 25.07
2863 18.19
2864 21.55
2865 19.44
2866 20.67
2867 17.98
2868 17.98
2869 24.45
2870 24.45
2871 16.54
2872 16.54
2873 21.8
2874 21.8
2875 21.8
2876 19.98
2877 19.45
2878 17.81
2879 17.81
2880 26.66
2881 26.66
2882 21.99
2883 18.46
2884 19.61
2885 19.61
2886 19.57
2887 20.21
2888 20.21
2889 19.16
2890 20.88
2891 20.88
2892 23.67
2893 23.67
2894 23.67
2895 21.47
2896 21.47
2897 17.22
2898 23.84
2899 19.75
2900 19.75
2901 21.47
2902 20.08
2903 20.08
2904 20
2905 20
2906 22.17
2907 22.17
2908 22.19
2909 25.3
2910 22.12
2911 22.91
2912 18.1
2913 18.1
2914 17.49
2915 23.81
2916 20.5
2917 19.29
2918 22.46
2919 22.84
2920 23.38
2921 23.38
2922 23.38
2923 19.49
2924 19.49
2925 25.38
2926 25.38
2927 20.44
2928 19.77
2929 19.77
2930 20.22
2931 21.47
2932 21.47
2933 22.66
2934 16.44
2935 16.44
2936 16.44
2937 19.05
2938 19.05
2939 20.76
2940 20.76
2941 22.51
2942 22.51
2943 21.42
2944 18.66
2945 18.66
2946 19.93
2947 19.93
2948 23.15
2949 19.74
2950 19.74
2951 18.89
2952 18.89
2953 20.72
2954 18.15
2955 18.15
2956 20.21
2957 17.42
2958 21.2
2959 19.7
2960 19.7
2961 19.7
2962 20.56
2963 20.56
2964 23.38
2965 18.34
2966 18.34
2967 20.29
2968 20.74
2969 20.84
2970 20.84
2971 25.72
2972 25.72
2973 20.84
2974 20.84
2975 21.07
2976 19.16
2977 18.98
2978 18.98
2979 20.79
2980 20.13
2981 20.13
2982 21.03
2983 18.68
2984 22.29
2985 22.29
2986 19.25
2987 19.62
2988 18.76
2989 21.71
2990 20.28
2991 21.43
2992 21.43
2993 24
2994 20.2
2995 20.2
2996 21.55
2997 21.55
2998 21.55
2999 20.86
3000 20.86
3001 21.3
3002 21.3
3003 30.29
3004 23.8
3005 26.49
3006 26.49
3007 26.49
3008 20.28
3009 20.56
3010 17.61
3011 20.08
3012 19.98
3013 19.98
3014 20.49
3015 20.49
3016 21.83
3017 21.83
3018 18.49
3019 19.77
3020 19.77
3021 25.24
3022 19.36
3023 20.66
3024 18.33
3025 18.33
3026 18.51
3027 27.69
3028 21.85
3029 21.85
3030 22.79
3031 22.79
3032 20.33
3033 21.12
3034 20.34
3035 22.05
3036 22.05
3037 22.22
3038 19.23
3039 19.23
3040 21.16
3041 20.39
3042 20.07
3043 20.07
3044 19.13
3045 20.41
3046 18.11
3047 18.11
3048 19.2
3049 21.68
3050 21.68
3051 21.12
3052 22.26
3053 20.15
3054 20.15
3055 17.46
3056 20.46
3057 17.31
3058 18.47
3059 18.47
3060 22.23
3061 22.23
3062 19.31
3063 25.74
3064 25.74
3065 23.61
3066 23.61
3067 20.41
3068 20.41
3069 20.83
3070 20.67
3071 21.44
3072 18.1
3073 22.09
3074 22.09
3075 21.49
3076 18.12
3077 23.61
3078 23.61
3079 19.84
3080 19.84
3081 18.75
3082 18.75
3083 21.59
3084 18.72
3085 19.7
3086 19.7
3087 24.86
3088 21.82
3089 24.01
3090 18.26
3091 18.48
3092 20.97
3093 20.97
3094 22.15
3095 25.4
3096 22.9
3097 17.21
3098 17.77
3099 20.36
3100 21.79
3101 23.35
3102 22.12
3103 19.59
3104 19.25
3105 18.47
3106 20.55
3107 21.2
3108 20.83
3109 17.42
3110 17.42
3111 20.72
3112 20.72
3113 22.92
3114 18.86
3115 21.31
3116 21.31
3117 20.27
3118 20.27
3119 19.55
3120 21.69
3121 18.14
3122 18.43
3123 18.43
3124 18.43
3125 17.61
3126 17.9
3127 17.9
3128 23.45
3129 23.45
3130 20.32
3131 19.34
3132 19.34
3133 20.84
3134 20.36
3135 22.1
3136 23.96
3137 23.96
3138 23.64
3139 17.78
3140 17.78
3141 20.05
3142 20.05
3143 19.8
3144 24.01
3145 24.01
3146 23.74
3147 23.98
3148 24.68
3149 24.68
3150 20.35
3151 22.66
3152 22.66
3153 20.56
3154 22.87
3155 23.38
3156 28.92
3157 28.92
3158 24.24
3159 21.03
3160 21.03
3161 21.6
3162 21.6
3163 27.18
3164 25.05
3165 18.98
3166 18.98
3167 18.98
3168 22.39
3169 22.39
3170 20.41
3171 20.41
3172 20.92
3173 17.39
3174 17.39
3175 21.04
3176 16.13
3177 16.13
3178 22.23
3179 22.23
3180 19.74
3181 22.58
3182 22.58
3183 20.11
3184 17.86
3185 17.86
3186 21.08
3187 24.08
3188 24.08
3189 20.45
3190 20.79
3191 18.34
3192 18.34
3193 21.79
3194 21.79
3195 27.54
3196 27.54
3197 19.67
3198 19.39
3199 16.75
3200 17.83
3201 17.83
3202 24.37
3203 24.37
3204 20.55
3205 19.03
3206 19.03
3207 24.63
3208 19.27
3209 22.91
3210 22.35
3211 20.05
3212 20.97
3213 20.97
3214 19.56
3215 19.56
3216 17.91
3217 17.82
3218 19.63
3219 19.63
3220 16.47
3221 18.85
3222 18.85
3223 18.85
3224 16.56
3225 20.5
3226 20.5
3227 20.89
3228 20.61
3229 18.5
3230 18.5
3231 25.63
3232 25.63
3233 21.72
3234 21.72
3235 21.72
3236 18.82
3237 28.63
3238 28.63
3239 23.97
3240 23.97
3241 20.22
3242 20.22
3243 22.86
3244 22.88
3245 17.53
3246 21.01
3247 21.01
3248 21.01
3249 19.05
3250 19.05
3251 19.48
3252 17.09
3253 20.11
3254 18.04
3255 23.76
3256 23.76
3257 23.76
3258 20.53
3259 19.03
3260 24.03
3261 26.37
3262 19.29
3263 20.89
3264 18.83
3265 18.31
3266 18.31
3267 18.31
3268 22.57
3269 22.57
3270 21.64
3271 16.44
3272 16.44
3273 18.23
3274 18.23
3275 17
3276 21.13
3277 21.13
3278 19.16
3279 19.16
3280 19.16
3281 22.48
3282 18.59
3283 18.59
3284 26.7
3285 15.34
3286 18.8
3287 17.06
3288 17.06
3289 29.91
3290 18.84
3291 17.29
3292 16.44
3293 16.44
3294 19.43
3295 19.43
3296 19.1
3297 20.96
3298 20.96
3299 19.85
3300 19.85
3301 20.42
3302 20.42
3303 19.64
3304 28.44
3305 28.44
3306 18.55
3307 20.94
3308 18.52
3309 18.52
3310 18.51
3311 19.63
3312 23.17
3313 19.1
3314 18.35
3315 21.87
3316 19.5
3317 19.63
3318 17.29
3319 17.71
3320 17.71
3321 19.7
3322 19.92
3323 19.92
3324 21.49
3325 21.49
3326 26.76
3327 22.81
3328 17.69
3329 17.69
3330 23.78
3331 23.78
3332 21.29
3333 20.34
3334 24.09
3335 22.06
3336 22.06
3337 21.72
3338 21.1
3339 22.65
3340 18.87
3341 18.92
3342 18.92
3343 19.5
3344 19.5
3345 20.88
3346 23.1
3347 23.1
3348 23.56
3349 23.56
3350 18.09
3351 18.09
3352 24.92
3353 22.19
3354 20.62
3355 20.62
3356 20.92
3357 20.92
3358 17.73
3359 17.73
3360 18.8
3361 18.8
3362 25.35
3363 23.51
3364 20.24
3365 20.24
3366 21.51
3367 18.1
3368 18.55
3369 19.76
3370 21.91
3371 17.48
3372 17.48
3373 19.09
3374 19.09
3375 19.09
3376 19.27
3377 19.27
3378 22.13
3379 20.18
3380 21.78
3381 19.22
3382 22.79
3383 22.79
3384 18.53
3385 22.78
3386 22.78
3387 21.85
3388 18.82
3389 18.82
3390 16.33
3391 20.77
3392 20.77
3393 20.38
3394 20.38
3395 19.03
3396 21.9
3397 21.9
3398 19.03
3399 18.51
3400 18.51
3401 23.06
3402 22.94
3403 22.94
3404 20.96
3405 22.29
3406 21.59
3407 20.16
3408 20.16
3409 22.83
3410 22.83
3411 27.93
3412 27.93
3413 18.71
3414 18.71
3415 25.64
3416 25.64
3417 21.04
3418 19
3419 17.99
3420 21.42
3421 19.62
3422 19.62
3423 21.31
3424 21.31
3425 19.96
3426 20.88
3427 20.88
3428 20.88
3429 20.15
3430 22.23
3431 22.23
3432 20.79
3433 21.49
3434 21.49
3435 28.62
3436 23.9
3437 19.36
3438 19.36
3439 22.83
3440 22.71
3441 22.71
3442 22.23
3443 21.22
3444 22.15
3445 24.06
3446 20.22
3447 22.65
3448 22.85
3449 22.85
3450 22.85
3451 23.67
3452 16.51
3453 20.57
3454 20.57
3455 25.25
3456 25.25
3457 17.97
3458 20.61
3459 21.75
3460 19.96
3461 19.55
3462 19.55
3463 22.62
3464 18.43
3465 21.98
3466 21.98
3467 20.18
3468 20.18
3469 20.18
3470 19.38
3471 19.38
3472 19.82
3473 18.7
3474 20.4
3475 21.33
3476 25.93
3477 25.93
3478 17.1
3479 17.6
3480 19.87
3481 23.56
3482 21.08
3483 23.37
3484 19.2
3485 19.2
3486 20.34
3487 20.34
3488 20.73
3489 20.73
3490 19.65
3491 19.65
3492 19.85
3493 19.85
3494 21.77
3495 21.77
3496 24.89
3497 20.17
3498 20.17
3499 22.04
3500 23.69
3501 23.69
3502 23.69
3503 25.09
3504 20.31
3505 23.87
3506 23.87
3507 20.95
3508 20.95
3509 21.11
3510 21.55
3511 19.88
3512 18.44
3513 19.24
3514 19.24
3515 20.89
3516 24.18
3517 19.98
3518 19.25
3519 21.33
3520 23.09
3521 23.09
3522 23.09
3523 22.19
3524 22.19
3525 26.14
3526 22.25
3527 23.86
3528 23.86
3529 24.08
3530 21.67
3531 21.67
3532 21.67
3533 21.67
3534 18.4
3535 19.99
3536 21.03
3537 22.1
3538 22.1
3539 21.92
3540 21.93
3541 21.93
3542 22.97
3543 22.97
3544 21.64
3545 19.47
3546 19.47
3547 18.17
3548 23.12
3549 23.24
3550 23.24
3551 27.77
3552 20.06
3553 17.8
3554 17.8
3555 17.16
3556 23.88
3557 20.32
3558 18.78
3559 18.78
3560 21.64
3561 19.12
3562 19.12
3563 21.45
3564 18.77
3565 18.46
3566 20.03
3567 20.03
3568 19.3
3569 19.19
3570 26.18
3571 26.18
3572 21.16
3573 21.02
3574 20.24
3575 19.06
3576 19.06
3577 19.38
3578 20.36
3579 18.24
3580 18.8
3581 22.74
3582 22.74
3583 18.72
3584 21.52
3585 21.52
3586 22.05
3587 20.56
3588 19.27
3589 24.43
3590 21.99
3591 21.99
3592 21.99
3593 23.43
3594 23.43
3595 22.02
3596 22.02
3597 21.46
3598 19.55
3599 19.28
3600 20.5
3601 19.95
3602 19.95
3603 20.15
3604 20.15
3605 21.43
3606 17.56
3607 17.83
3608 20.89
3609 18.34
3610 19.96
3611 19.96
3612 19.77
3613 22.15
3614 21.82
3615 19.84
3616 17.56
3617 19.78
3618 20.92
3619 20.92
3620 21.17
3621 21.17
3622 16.97
3623 21.45
3624 20.85
3625 18.64
3626 18.64
3627 21.04
3628 26.38
3629 26.38
3630 18.74
3631 21.2
3632 21.2
3633 15.72
3634 15.72
3635 16.32
3636 21.38
3637 21.38
3638 24.77
3639 24.77
3640 23.1
3641 18.63
3642 18.63
3643 17.84
3644 22.73
3645 26.66
3646 21.82
3647 21.82
3648 20.55
3649 20.63
3650 20.63
3651 18.57
3652 19.46
3653 19.46
3654 18.48
3655 17.17
3656 17.17
3657 21.83
3658 20.87
3659 20.87
3660 20.73
3661 19.98
3662 21.42
3663 21.69
3664 20.49
3665 20.49
3666 17.17
3667 17.17
3668 20.17
3669 21.99
3670 21.02
3671 21.02
3672 21.13
3673 19.36
3674 21.31
3675 27.39
3676 17.36
3677 20.29
3678 20.23
3679 20.23
3680 18.96
3681 18.96
3682 18.96
3683 22.85
3684 20.34
3685 20.34
3686 20.5
3687 20.5
3688 21.06
3689 20.04
3690 20.21
3691 20.21
3692 19.33
3693 19.33
3694 21.86
3695 21.86
3696 19.13
3697 21.44
3698 23.13
3699 20.09
3700 19.03
3701 19.03
3702 18.83
3703 18.83
3704 24.72
3705 23.59
3706 20.8
3707 24.84
3708 23.22
3709 24.94
3710 24.94
3711 23.42
3712 19.98
3713 19.98
3714 22.81
3715 22.81
3716 23.23
3717 23.23
3718 20.85
3719 17.45
3720 21.7
3721 20.55
3722 18.74
3723 21.54
3724 21.54
3725 22.75
3726 19.65
3727 16.71
3728 22.32
3729 22.28
3730 20.5
3731 20.89
3732 18.65
3733 19.3
3734 19.02
3735 19.02
3736 19.37
3737 20.2
3738 20.2
3739 19.82
3740 19.6
3741 21.04
3742 21.04
3743 18.12
3744 19.74
3745 19.74
3746 22.27
3747 17.4
3748 20.51
3749 19.95
3750 20.88
3751 18.47
3752 21.99
3753 21.99
3754 18.18
3755 22.6
3756 22.6
3757 19.22
3758 20.47
3759 27.97
3760 27.97
3761 18.71
3762 23.72
3763 25.04
3764 21.49
3765 27.92
3766 27.92
3767 27.92
3768 29
3769 29
3770 21.21
3771 21.21
3772 19.76
3773 24.48
3774 24.48
3775 24.48
3776 20.2
3777 20.2
3778 27.77
3779 27.77
3780 20.41
3781 19.88
3782 18.79
3783 21.06
3784 20.04
3785 20.04
3786 20.68
3787 18.67
3788 18.67
3789 20.59
3790 20.59
3791 24.11
3792 24.11
3793 23.52
3794 23.52
3795 18.78
3796 18.78
3797 29.62
3798 21.33
3799 18.81
3800 18.81
3801 19.93
3802 21.15
3803 21.15
3804 21.15
3805 21.7
3806 25.01
3807 17.11
3808 15.53
3809 16.45
3810 20.7
3811 18.82
3812 18.82
3813 24.12
3814 24.12
3815 21.62
3816 21.62
3817 20.13
3818 20.09
3819 20.09
3820 22.47
3821 20.56
3822 22.26
3823 22.26
3824 20.52
3825 21.08
3826 21.08
3827 19.25
3828 19.25
3829 18.29
3830 19.24
3831 17.81
3832 17.81
3833 17.81
3834 15.8
3835 15.8
3836 21.03
3837 19.74
3838 16.82
3839 23.12
3840 18.65
3841 18.65
3842 18.32
3843 21.41
3844 21.41
3845 20.34
3846 20.34
3847 18.69
3848 19.54
3849 17.7
3850 17.7
3851 19.46
3852 20.42
3853 22.74
3854 18.27
3855 18.27
3856 18.73
3857 18.73
3858 18.54
3859 24.95
3860 21.73
3861 21.73
3862 21.84
3863 22.44
3864 16.64
3865 16.64
3866 23.29
3867 23.29
3868 18.78
3869 17.62
3870 17.62
3871 19.88
3872 18.32
3873 18.32
3874 19.34
3875 19.34
3876 19.06
3877 20.17
3878 22
3879 20.46
3880 20.94
3881 19.91
3882 21.31
3883 18.72
3884 19.38
3885 18.74
3886 16.95
3887 16.95
3888 17.8
3889 23.75
3890 18.69
3891 18.69
3892 21.43
3893 20.61
3894 21.23
3895 22.19
3896 18.07
3897 17.19
3898 20.63
3899 20.63
3900 19.39
3901 19.39
3902 18.42
3903 18.42
3904 23.8
3905 23.8
3906 22.66
3907 18.54
3908 18.5
3909 20.78
3910 21.71
3911 20.23
3912 20.23
3913 20.74
3914 17.48
3915 17.48
3916 16.97
3917 16.07
3918 16.07
3919 19.22
3920 18.03
3921 19.37
3922 21.45
3923 18.58
3924 21.22
3925 21.22
3926 17.5
3927 19.47
3928 19.47
3929 20.34
3930 20.19
3931 18.82
3932 23.09
3933 20.49
3934 27.43
3935 27.43
3936 27.43
3937 19.37
3938 22.75
3939 29.54
3940 21.95
3941 21.95
3942 21.69
3943 21.69
3944 20.88
3945 23.33
3946 18.88
3947 24.4
3948 24.4
3949 20.24
3950 17.95
3951 23.67
3952 23.24
3953 20.4
3954 20.4
3955 23.93
3956 24.64
3957 19.02
3958 22.65
3959 20.86
3960 22.31
3961 22.31
3962 19.56
3963 19.56
3964 19.5
3965 19.5
3966 25.91
3967 25.91
3968 22.25
3969 18.94
3970 20.59
3971 19.57
3972 24.75
3973 24.75
3974 24.75
3975 21.27
3976 19.56
3977 19.44
3978 19.44
3979 23.22
3980 23.22
3981 21.66
3982 20.17
3983 21.22
3984 22.24
3985 22.24
3986 22.24
3987 18.76
3988 20.37
3989 20.37
3990 20.37
3991 24.11
3992 18.4
3993 18.61
3994 19.49
3995 22.84
3996 20.71
3997 20.71
3998 21.17
3999 21.17
4000 24.45
4001 24.45
4002 24.45
4003 21.59
4004 21.59
4005 21.59
4006 20.18
4007 20.18
4008 23.31
4009 23.31
4010 22.3
4011 22.3
4012 21.27
4013 21.27
4014 20.86
4015 20.86
4016 24.17
4017 22.44
4018 20.32
4019 24.31
4020 21.15
4021 21.15
4022 26.5
4023 20.59
4024 20.59
4025 20.3
4026 20.26
4027 20.26
4028 20.26
4029 22.5
4030 22.5
4031 22.5
4032 19.8
4033 24.33
4034 19.46
4035 19.46
4036 21.54
4037 18.88
4038 23.51
4039 23.51
4040 22.39
4041 22.39
4042 18.76
4043 19.88
4044 19.88
4045 20.84
4046 20.84
4047 19.96
4048 18.5
4049 18.5
4050 26.57
4051 26.57
4052 21.2
4053 21.2
4054 18.14
4055 18.52
4056 23.15
4057 18.41
4058 18.41
4059 20.93
4060 23.68
4061 23.68
4062 21.4
4063 20.95
4064 20.95
4065 23.85
4066 32.54
4067 32.54
4068 24.39
4069 21.16
4070 19.02
4071 19.02
4072 21.48
4073 21.82
4074 20.13
4075 23.32
4076 23.32
4077 22.3
4078 28.12
4079 23.51
4080 23.51
4081 22.11
4082 21.52
4083 19.46
4084 18.4
4085 30.64
4086 21.93
4087 21.28
4088 21.28
4089 21.46
4090 21.33
4091 21.33
4092 16.09
4093 27.88
4094 27.88
4095 19.42
4096 21.08
4097 21.08
4098 21.85
4099 23.84
4100 23.84
4101 21.14
4102 21.14
4103 27.18
4104 27.18
4105 20.06
4106 19.13
4107 19.13
4108 20.04
4109 20.04
4110 20.95
4111 20.95
4112 20.92
4113 20.92
4114 18.87
4115 23.68
4116 23.68
4117 21.2
4118 21.2
4119 22.68
4120 22.68
4121 21.49
4122 21.49
4123 18.34
4124 20.46
4125 19.48
4126 22.35
4127 22.35
4128 22.96
4129 20.43
4130 21.74
4131 25.86
4132 25.86
4133 25.86
4134 21.9
4135 21.9
4136 26.18
4137 26.18
4138 20.19
4139 26.25
4140 26.25
4141 26.25
4142 21.77
4143 24.05
4144 24.05
4145 21.67
4146 21.25
4147 27.2
4148 20.17
4149 22.34
4150 22.34
4151 17.89
4152 23.04
4153 22.61
4154 22.37
4155 22.37
4156 18.92
4157 23.9
4158 24.43
4159 25.56
4160 25.56
4161 18.47
4162 20.71
4163 20.71
4164 20.78
4165 21.34
4166 23.17
4167 23.17
4168 25.43
4169 25.43
4170 19.37
4171 17.1
4172 17.1
4173 20.76
4174 20.35
4175 21.4
4176 17.46
4177 17.38
4178 26.82
4179 24.45
4180 21.64
4181 23.24
4182 23.89
4183 24.43
4184 24.43
4185 22.29
4186 20.59
4187 29.38
4188 12.8
4189 21.03
4190 20.45
4191 21.71
4192 20.77
4193 20.77
4194 21.69
4195 21.69
4196 21.69
4197 22.61
4198 25.38
4199 22.39
4200 21.94
4201 24.56
4202 17.4
4203 22.54
4204 22.54
4205 21.95
4206 17.74
4207 22.27
4208 22.27
4209 19.6
4210 19.6
4211 20.99
4212 27.06
4213 23.66
4214 26.14
4215 21.1
4216 21.1
4217 21.6
4218 21.6
4219 21.15
4220 24.47
4221 18.69
4222 18.69
4223 22.4
4224 22.4
4225 27.14
4226 27.14
4227 26.58
4228 18.46
4229 26.25
4230 26.25
4231 20.27
4232 20.27
4233 20.36
4234 20.98
4235 23.11
4236 23.11
4237 17.93
4238 22.8
4239 22.8
4240 19.03
4241 19.03
4242 20.44
4243 19.3
4244 19.3
4245 25.28
4246 33.82
4247 16.54
4248 20.06
4249 20.06
4250 22.77
4251 22.77
4252 21.51
4253 21.51
4254 19.6
4255 14.01
4256 19.89
4257 19.89
4258 22.17
4259 22.17
4260 21.89
4261 21.89
4262 25.46
4263 19.46
4264 24.21
4265 24.21
4266 21.14
4267 23.35
4268 23.35
4269 23.35
4270 15.68
4271 15.68
4272 24.79
4273 24.79
4274 23.73
4275 23.73
4276 22.74
4277 22.74
4278 19.09
4279 20.12
4280 20.12
4281 20.86
4282 20.86
4283 23.33
4284 24.49
4285 24.49
4286 20.53
4287 21.63
4288 21.52
4289 19.57
4290 18.49
4291 18.49
4292 23.28
4293 23.28
4294 23.98
4295 23.75
4296 24.69
4297 21.96
4298 17.77
4299 17.77
4300 20.31
4301 21.84
4302 21.47
4303 21.47
4304 25.25
4305 28.98
4306 23.44
4307 23.44
4308 26.97
4309 24.02
4310 24.02
4311 20.81
4312 20.81
4313 21.85
4314 21.85
4315 18.34
4316 18.34
4317 22.13
4318 24.05
4319 24.05
4320 24.47
4321 24.76
4322 24.34
4323 19.4
4324 18.48
4325 22.6
4326 22.88
4327 19.03
4328 24.97
4329 24.97
4330 22.06
4331 20.82
4332 20.82
4333 24.7
4334 24.7
4335 24.7
4336 19.57
4337 19.35
4338 20.57
4339 20.57
4340 22.19
4341 22.19
4342 22.29
4343 22.29
4344 22.46
4345 22.46
4346 22.11
4347 21.49
4348 20.17
4349 22.9
4350 22.9
4351 23.01
4352 23.01
4353 21.55
4354 21.55
4355 19.84
4356 22.83
4357 21.33
4358 19.85
4359 19.85
4360 18.43
4361 20.02
4362 21.23
4363 21.23
4364 21.23
4365 18.7
4366 18.7
4367 19.73
4368 19.73
4369 19.75
4370 19.75
4371 32.98
4372 22.68
4373 22.41
4374 22.41
4375 19.79
4376 19.42
4377 19.42
4378 19.73
4379 19.73
4380 18.14
4381 18.14
4382 18.58
4383 23.11
4384 20.61
4385 20.61
4386 22.13
4387 22.13
4388 19.3
4389 19.3
4390 20.46
4391 18.79
4392 20.37
4393 18.83
4394 23.92
4395 23.92
4396 19.79
4397 21
4398 20.29
4399 24.12
4400 20.8
4401 19.81
4402 19.81
4403 20.65
4404 20.08
4405 19.88
4406 18.27
4407 18.6
4408 19.2
4409 20.66
4410 20.66
4411 20.42
4412 23.02
4413 20.84
4414 20.84
4415 19.16
4416 21.41
4417 21.41
4418 19.2
4419 16.26
4420 19.88
4421 19.88
4422 21.06
4423 21.06
4424 19.59
4425 21.64
4426 19.13
4427 23.78
4428 18.72
4429 18.72
4430 23.56
4431 23.56
4432 19.15
4433 25.06
4434 18.3
4435 15.98
4436 15.98
4437 23.63
4438 23.63
4439 19.54
4440 19.54
4441 18.97
4442 19.57
4443 19.57
4444 18.57
4445 20.66
4446 22.24
4447 22.24
4448 22.2
4449 22.2
4450 18.26
4451 20.16
4452 21.27
4453 19.28
4454 20.93
4455 21.44
4456 21.44
4457 17.75
4458 22.46
4459 22.46
4460 19.73
4461 19.73
4462 23.58
4463 21.78
4464 19.16
4465 19.04
4466 20.54
4467 18.48
4468 21.06
4469 21.06
4470 27.7
4471 27.7
4472 28.49
4473 23.67
4474 23.04
4475 18.58
4476 18.65
4477 20.32
4478 20.32
4479 20.62
4480 24.27
4481 21.58
4482 20.34
4483 20.34
4484 20.34
4485 19.97
4486 19.97
4487 19.97
4488 21.38
4489 23.06
4490 22.22
4491 22.22
4492 18.71
4493 20.46
4494 22.31
4495 20.99
4496 21.88
4497 19.67
4498 19.67
4499 20.6
4500 17.41
4501 20.37
4502 19.71
4503 19.71
4504 22.24
4505 21.59
4506 21.15
4507 21.15
4508 21.15
4509 21.5
4510 21.5
4511 23.91
4512 17.08
4513 19.6
4514 17.43
4515 18.64
4516 18.64
4517 20.61
4518 18.57
4519 18.57
4520 21.08
4521 16.57
4522 19.72
4523 18.86
4524 18.86
4525 22.13
4526 19.3
4527 19.3
4528 19.73
4529 19.73
4530 19.02
4531 21.56
4532 20.81
4533 20.81
4534 21.53
4535 19.69
4536 19.78
4537 19.78
4538 23.89
4539 20.11
4540 17.36
4541 17.36
4542 21.27
4543 21.89
4544 21.89
4545 19.18
4546 18.49
4547 21.19
4548 24.04
4549 17.47
4550 15.57
4551 15.57
4552 20.04
4553 20.61
4554 13.15
4555 21.98
4556 18.56
4557 18.7
4558 21.19
4559 23.08
4560 21.77
4561 18.39
4562 18.39
4563 20.68
4564 20.51
4565 19.04
4566 16.78
4567 24.24
4568 24.24
4569 22.89
4570 22.89
4571 23.08
4572 19.16
4573 21.24
4574 22.02
4575 18.33
4576 18.33
4577 20.54
4578 19.31
4579 22.6
4580 22.28
4581 20.19
4582 20.19
4583 19.11
4584 20.7
4585 21.2
4586 20.19
4587 20.19
4588 20.21
4589 18.1
4590 18.1
4591 16.97
4592 22.43
4593 21.92
4594 21.07
4595 21.37
4596 16.8
4597 16.8
4598 20
4599 21.1
4600 22.86
4601 22.86
4602 21.78
4603 18.96
4604 18.96
4605 21.31
4606 22.87
4607 24.58
4608 21.17
4609 21.17
4610 18.74
4611 18.74
4612 17.72
4613 21.82
4614 18.24
4615 18.24
4616 21.96
4617 18.96
4618 25.91
4619 25.91
4620 20.92
4621 20.39
4622 19.15
4623 18.38
4624 18.24
4625 19.85
4626 18.19
4627 18.19
4628 21.79
4629 21.79
4630 23.62
4631 23.62
4632 20.09
4633 16.81
4634 16.81
4635 16.81
4636 17.93
4637 21.95
4638 18.56
4639 19.38
4640 16.68
4641 21.93
4642 21.93
4643 25.93
4644 18.04
4645 17.38
4646 22.26
4647 21.74
4648 19.51
4649 23.06
4650 16.12
4651 16.12
4652 17.95
4653 17.95
4654 18.52
4655 17.36
4656 21.29
4657 20.42
4658 20.42
4659 19.55
4660 19.55
4661 19.63
4662 23.22
4663 23.12
4664 23.12
4665 23.12
4666 21.11
4667 22.4
4668 20.38
4669 22.49
4670 22.49
4671 22.49
4672 18.07
4673 18.07
4674 17.87
4675 18.88
4676 20.67
4677 20.61
4678 21.2
4679 18.68
4680 18.68
4681 23.14
4682 23.25
4683 19.27
4684 22.13
4685 22.13
4686 17.89
4687 21.06
4688 19.99
4689 23.88
4690 21.29
4691 20.36
4692 20.04
4693 20.04
4694 23.98
4695 23.98
4696 21.37
4697 25.22
4698 17.35
4699 17.35
4700 20.96
4701 20.96
4702 20.9
4703 20.9
4704 18.54
4705 19.87
4706 17.69
4707 17.69
4708 20.03
4709 24.38
4710 19.19
4711 21.69
4712 23.28
4713 23.28
4714 18.22
4715 18.72
4716 18.72
4717 18.03
4718 20.13
4719 18.34
4720 20.45
4721 20.45
4722 23.02
4723 23.02
4724 22.38
4725 24.75
4726 21.81
4727 24.95
4728 24.95
4729 24.95
4730 22.35
4731 21.74
4732 18.88
4733 18.88
4734 23.3
4735 23.3
4736 20.83
4737 20.83
4738 18.68
4739 19.41
4740 21.1
4741 21.1
4742 19.76
4743 18.92
4744 20.82
4745 20.82
4746 22.38
4747 23.18
4748 20.93
4749 18.43
4750 17.84
4751 21.96
4752 21.96
4753 24.44
4754 18.02
4755 20.55
4756 20.55
4757 19.07
4758 19.07
4759 18.98
4760 20.94
4761 19.35
4762 19.35
4763 21
4764 19.67
4765 19.06
4766 23.28
4767 19.29
4768 19.29
4769 18.47
4770 27.4
4771 18.59
4772 20.89
4773 22.31
4774 16.94
4775 19.99
4776 21.34
4777 18.88
4778 15.06
4779 17.59
4780 19.55
4781 19.89
4782 20.75
4783 20.69
4784 19.77
4785 19.77
4786 20.97
4787 25.71
4788 16.56
4789 19.37
4790 19.37
4791 22.03
4792 20.29
4793 19.05
4794 19.96
4795 17.97
4796 17.97
4797 17.06
4798 17.06
4799 20.71
4800 23.61
4801 23.01
4802 18.39
4803 20.7
4804 20.7
4805 23.24
4806 23.24
4807 20.68
4808 22.53
4809 22.53
4810 18.46
4811 21.58
4812 18.9
4813 21.77
4814 21.77
4815 23.31
4816 21.74
4817 17.97
4818 15.61
4819 15.61
4820 23.83
4821 19.18
4822 19.18
4823 19.04
4824 19.04
4825 17.85
4826 19.85
4827 19.85
4828 21.53
4829 20.66
4830 16.32
4831 16.32
4832 21.12
4833 20.55
4834 20.55
4835 24.71
4836 19.57
4837 21.35
4838 24.53
4839 20.82
4840 20.82
4841 20.93
4842 21.32
4843 15.8
4844 20.47
4845 20.47
