0 517
1 377
2 560
3 560
4 618
5 354
6 423
7 423
8 417
9 417
10 865
11 865
12 373
13 373
14 585
15 309
16 643
17 1022
18 695
19 935
20 935
21 747
22 747
23 836
24 276
25 276
26 19
27 348
28 643
29 510
30 119
31 875
32 636
33 498
34 498
35 401
36 401
37 324
38 324
39 429
40 947
41 1140
42 1140
43 548
44 953
45 953
46 953
47 555
48 411
49 1043
50 1043
51 1141
52 1141
53 353
54 353
55 1142
56 1142
57 849
58 571
59 1083
60 532
61 532
62 687
63 1033
64 1033
65 239
66 614
67 347
68 347
69 610
70 610
71 407
72 633
73 607
74 860
75 477
76 410
77 563
78 563
79 391
80 595
81 595
82 670
83 670
84 456
85 982
86 420
87 603
88 603
89 573
90 573
91 573
92 688
93 290
94 519
95 480
96 480
97 139
98 752
99 449
100 142
101 142
102 467
103 467
104 540
105 132
106 132
107 296
108 296
109 453
110 453
111 613
112 271
113 271
114 381
115 512
116 512
117 543
118 543
119 543
120 768
121 768
122 242
123 578
124 578
125 436
126 436
127 706
128 706
129 533
130 433
131 433
132 581
133 824
134 824
135 511
136 335
137 335
138 335
139 228
140 228
141 293
142 218
143 611
144 568
145 568
146 1139
147 1122
148 1122
149 448
150 448
151 738
152 561
153 965
154 965
155 572
156 572
157 222
158 190
159 190
160 667
161 339
162 339
163 567
164 567
165 400
166 720
167 495
168 341
169 341
170 549
171 549
172 99
173 851
174 851
175 675
176 1111
177 1111
178 235
179 235
180 225
181 225
182 898
183 795
184 795
185 828
186 828
187 785
188 204
189 772
190 1110
191 1110
192 532
193 519
194 636
195 487
196 274
197 274
198 269
199 869
200 330
201 143
202 49
203 49
204 229
205 229
206 238
207 379
208 379
209 282
210 720
211 720
212 536
213 214
214 214
215 1093
216 459
217 432
218 589
219 1017
220 1017
221 163
222 163
223 687
224 687
225 426
226 426
227 618
228 618
229 516
230 516
231 529
232 960
233 736
234 958
235 958
236 652
237 652
238 786
239 1117
240 182
241 318
242 388
243 388
244 469
245 645
246 784
247 215
248 635
249 271
250 271
251 1021
252 1021
253 1021
254 1002
255 1019
256 903
257 1116
258 321
259 321
260 1059
261 1059
262 525
263 684
264 492
265 1005
266 376
267 376
268 194
269 972
270 972
271 972
272 562
273 1123
274 624
275 825
276 825
277 252
278 863
279 863
280 419
281 312
282 657
283 527
284 494
285 508
286 512
287 1008
288 1008
289 1057
290 1057
291 574
292 918
293 942
294 942
295 464
296 464
297 1103
298 1103
299 540
300 421
301 110
302 110
303 226
304 623
305 623
306 501
307 501
308 501
309 501
310 1097
311 365
312 197
313 189
314 267
315 148
316 755
317 330
318 811
319 811
320 698
321 145
322 145
323 239
324 239
325 239
326 718
327 688
328 286
329 286
330 697
331 754
332 336
333 336
334 436
335 144
336 144
337 684
338 543
339 1087
340 1087
341 282
342 300
343 300
344 468
345 215
346 554
347 179
348 142
349 324
350 268
351 268
352 57
353 57
354 700
355 700
356 752
357 540
358 626
359 626
360 947
361 947
362 419
363 875
364 1096
365 1096
366 1096
367 496
368 496
369 160
370 1009
371 1009
372 1009
373 184
374 448
375 441
376 415
377 262
378 262
379 960
380 704
381 702
382 702
383 433
384 949
385 949
386 949
387 782
388 623
389 815
390 1037
391 1037
392 1037
393 1135
394 1135
395 564
396 564
397 700
398 834
399 435
400 1077
401 1077
402 354
403 490
404 490
405 384
406 675
407 675
408 758
409 758
410 675
411 163
412 892
413 892
414 700
415 700
416 917
417 917
418 129
419 433
420 244
421 244
422 784
423 242
424 242
425 84
426 264
427 908
428 908
429 456
430 343
431 642
432 904
433 904
434 251
435 328
436 583
437 753
438 148
439 148
440 969
441 969
442 579
443 579
444 394
445 394
446 311
447 713
448 537
449 537
450 514
451 610
452 1018
453 910
454 910
455 476
456 1114
457 1114
458 917
459 917
460 917
461 774
462 774
463 41
464 571
465 961
466 256
467 526
468 1149
469 1149
470 967
471 392
472 491
473 491
474 177
475 847
476 847
477 847
478 694
479 273
480 303
481 1062
482 371
483 476
484 465
485 650
486 650
487 650
488 966
489 879
490 879
491 879
492 693
493 693
494 938
495 711
496 602
497 804
498 803
499 545
500 545
501 930
502 1055
503 917
504 885
505 401
506 341
507 686
508 37
509 37
510 945
511 1136
512 1136
513 933
514 933
515 751
516 751
517 449
518 990
519 494
520 515
521 515
522 966
523 262
524 621
525 505
526 505
527 823
528 823
529 657
530 480
531 636
532 419
533 497
534 626
535 237
536 237
537 644
538 345
539 317
540 244
541 469
542 469
543 285
544 1126
545 1126
546 1064
547 906
548 906
549 883
550 883
551 456
552 456
553 392
554 873
555 873
556 1073
557 1073
558 447
559 47
560 994
561 994
562 1087
563 1087
564 428
565 681
566 681
567 627
568 674
569 404
570 362
571 362
572 181
573 247
574 247
575 400
576 826
577 621
578 761
579 685
580 685
581 541
582 591
583 418
584 645
585 759
586 759
587 792
588 792
589 199
590 199
591 592
592 260
593 260
594 951
595 271
596 593
597 593
598 717
599 717
600 1047
601 1047
602 1113
603 1113
604 448
605 448
606 545
607 545
608 627
609 627
610 627
611 354
612 354
613 344
614 538
615 538
616 467
617 467
618 555
619 533
620 250
621 250
622 546
623 546
624 1056
625 734
626 654
627 502
628 502
629 548
630 548
631 191
632 899
633 580
634 580
635 297
636 835
637 505
638 505
639 463
640 463
641 859
642 859
643 535
644 639
645 639
646 419
647 364
648 369
649 733
650 1040
651 1038
652 1038
653 909
654 1067
655 464
656 464
657 472
658 825
659 819
660 819
661 288
662 665
663 278
664 301
665 301
666 371
667 334
668 870
669 870
670 870
671 1023
672 1023
673 1023
674 98
675 1058
676 778
677 778
678 1128
679 1128
680 457
681 549
682 346
683 693
684 693
685 888
686 357
687 357
688 736
689 736
690 276
691 980
692 1088
693 756
694 333
695 593
696 252
697 172
698 632
699 167
700 167
701 559
702 854
703 854
704 814
705 922
706 922
707 902
708 144
709 144
710 1045
711 1045
712 538
713 589
714 707
715 857
716 857
717 736
718 529
719 529
720 476
721 897
722 897
723 416
724 881
725 824
726 824
727 688
728 688
729 688
730 210
731 210
732 283
733 283
734 330
735 645
736 166
737 1060
738 1060
739 744
740 1124
741 909
742 28
743 859
744 500
745 500
746 578
747 578
748 437
749 586
750 398
751 552
752 552
753 552
754 984
755 984
756 467
757 534
758 393
759 393
760 371
761 371
762 371
763 594
764 594
765 260
766 260
767 234
768 250
769 250
770 147
771 893
772 893
773 384
774 384
775 1133
776 894
777 1007
778 1007
779 1102
780 1104
781 731
782 673
783 673
784 633
785 1044
786 1044
787 460
788 379
789 253
790 133
791 583
792 776
793 776
794 851
795 995
796 413
797 413
798 273
799 450
800 826
801 826
802 270
803 270
804 270
805 206
806 1125
807 1014
808 307
809 307
810 203
811 203
812 392
813 294
814 294
815 487
816 841
817 627
818 627
819 895
820 895
821 776
822 403
823 1014
824 338
825 338
826 314
827 348
828 348
829 608
830 532
831 896
832 896
833 896
834 77
835 650
836 374
837 217
838 217
839 248
840 248
841 1100
842 1100
843 217
844 217
845 84
846 84
847 632
848 376
849 376
850 303
851 516
852 166
853 166
854 363
855 1053
856 262
857 904
858 726
859 268
860 268
861 1020
862 625
863 1132
864 1132
865 557
866 557
867 435
868 435
869 186
870 463
871 755
872 729
873 729
874 415
875 415
876 406
877 469
878 469
879 363
880 24
881 1022
882 735
883 735
884 198
885 742
886 742
887 106
888 392
889 708
890 708
891 708
892 564
893 564
894 655
895 568
896 568
897 797
898 272
899 877
900 163
901 344
902 344
903 344
904 706
905 706
906 706
907 501
908 482
909 464
910 464
911 979
912 354
913 354
914 232
915 266
916 266
917 266
918 804
919 644
920 644
921 437
922 578
923 578
924 450
925 421
926 405
927 738
928 17
929 17
930 551
931 551
932 551
933 140
934 89
935 645
936 91
937 238
938 238
939 338
940 338
941 139
942 139
943 702
944 237
945 237
946 353
947 395
948 972
949 334
950 334
951 750
952 750
953 600
954 16
955 201
956 142
957 694
958 694
959 293
960 293
961 530
962 752
963 752
964 137
965 383
966 248
967 878
968 867
969 1150
970 1150
971 412
972 412
973 450
974 149
975 190
976 731
977 731
978 628
979 628
980 211
981 211
982 971
983 395
984 401
985 401
986 546
987 137
988 137
989 427
990 177
991 374
992 720
993 720
994 180
995 389
996 452
997 1112
998 1112
999 1012
1000 490
1001 577
1002 413
1003 413
1004 413
1005 1085
1006 1085
1007 411
1008 470
1009 470
1010 599
1011 599
1012 842
1013 1151
1014 1151
1015 1151
1016 866
1017 866
1018 45
1019 45
1020 45
1021 128
1022 128
1023 249
1024 350
1025 284
1026 631
1027 631
1028 348
1029 348
1030 911
1031 568
1032 398
1033 1024
1034 887
1035 521
1036 1046
1037 617
1038 617
1039 484
1040 43
1041 726
1042 236
1043 347
1044 661
1045 581
1046 9
1047 9
1048 80
1049 376
1050 376
1051 293
1052 42
1053 1050
1054 682
1055 682
1056 438
1057 761
1058 761
1059 761
1060 487
1061 711
1062 287
1063 522
1064 522
1065 114
1066 669
1067 595
1068 25
1069 1014
1070 254
1071 628
1072 50
1073 50
1074 222
1075 497
1076 616
1077 993
1078 529
1079 529
1080 632
1081 632
1082 229
1083 574
1084 311
1085 311
1086 196
1087 609
1088 169
1089 637
1090 401
1091 564
1092 564
1093 387
1094 829
1095 646
1096 646
1097 1052
1098 1052
1099 811
1100 811
1101 655
1102 590
1103 921
1104 731
1105 731
1106 725
1107 102
1108 102
1109 778
1110 654
1111 654
1112 470
1113 968
1114 968
1115 445
1116 695
1117 306
1118 1041
1119 1041
1120 549
1121 624
1122 624
1123 420
1124 630
1125 630
1126 739
1127 587
1128 844
1129 659
1130 684
1131 554
1132 554
1133 198
1134 688
1135 688
1136 408
1137 408
1138 837
1139 379
1140 458
1141 426
1142 205
1143 820
1144 820
1145 258
1146 584
1147 81
1148 81
1149 349
1150 474
1151 474
1152 884
1153 884
1154 813
1155 211
1156 211
1157 211
1158 429
1159 1012
1160 319
1161 319
1162 319
1163 746
1164 777
1165 608
1166 414
1167 443
1168 418
1169 226
1170 226
1171 589
1172 477
1173 382
1174 560
1175 389
1176 1000
1177 1000
1178 231
1179 231
1180 456
1181 799
1182 483
1183 73
1184 496
1185 496
1186 542
1187 542
1188 542
1189 624
1190 389
1191 389
1192 289
1193 289
1194 467
1195 461
1196 461
1197 79
1198 483
1199 483
1200 446
1201 446
1202 446
1203 491
1204 491
1205 158
1206 356
1207 356
1208 971
1209 403
1210 403
1211 27
1212 416
1213 416
1214 635
1215 635
1216 782
1217 634
1218 933
1219 359
1220 359
1221 810
1222 810
1223 640
1224 640
1225 651
1226 651
1227 1045
1228 1045
1229 355
1230 355
1231 1084
1232 1084
1233 1084
1234 1101
1235 541
1236 472
1237 278
1238 355
1239 355
1240 355
1241 1076
1242 541
1243 210
1244 212
1245 212
1246 165
1247 165
1248 252
1249 480
1250 606
1251 739
1252 486
1253 1031
1254 1031
1255 1031
1256 496
1257 496
1258 496
1259 618
1260 618
1261 548
1262 136
1263 1119
1264 923
1265 367
1266 367
1267 450
1268 1099
1269 709
1270 709
1271 825
1272 340
1273 898
1274 898
1275 825
1276 94
1277 322
1278 781
1279 1137
1280 1137
1281 325
1282 385
1283 385
1284 808
1285 808
1286 587
1287 587
1288 440
1289 1032
1290 255
1291 255
1292 1031
1293 1031
1294 1148
1295 624
1296 363
1297 882
1298 787
1299 104
1300 586
1301 586
1302 270
1303 1153
1304 107
1305 107
1306 408
1307 408
1308 589
1309 662
1310 662
1311 1019
1312 1019
1313 1011
1314 599
1315 632
1316 549
1317 549
1318 380
1319 581
1320 581
1321 581
1322 673
1323 1109
1324 622
1325 127
1326 127
1327 779
1328 779
1329 529
1330 347
1331 347
1332 747
1333 926
1334 256
1335 396
1336 396
1337 1108
1338 1108
1339 497
1340 1011
1341 302
1342 436
1343 1146
1344 403
1345 880
1346 830
1347 33
1348 33
1349 645
1350 645
1351 976
1352 1130
1353 287
1354 287
1355 473
1356 473
1357 1147
1358 1147
1359 1147
1360 191
1361 490
1362 798
1363 466
1364 234
1365 936
1366 364
1367 201
1368 201
1369 343
1370 243
1371 642
1372 422
1373 422
1374 996
1375 996
1376 1127
1377 282
1378 91
1379 740
1380 159
1381 427
1382 255
1383 564
1384 704
1385 1129
1386 424
1387 730
1388 356
1389 522
1390 522
1391 905
1392 905
1393 608
1394 1105
1395 946
1396 946
1397 534
1398 422
1399 584
1400 584
1401 852
1402 825
1403 11
1404 338
1405 530
1406 866
1407 329
1408 677
1409 677
1410 59
1411 1094
1412 1094
1413 230
1414 1154
1415 501
1416 501
1417 471
1418 347
1419 347
1420 217
1421 912
1422 443
1423 515
1424 775
1425 487
1426 487
1427 1060
1428 948
1429 948
1430 216
1431 216
1432 216
1433 601
1434 601
1435 464
1436 1010
1437 1013
1438 122
1439 954
1440 748
1441 168
1442 168
1443 611
1444 769
1445 424
1446 424
1447 924
1448 830
1449 830
1450 160
1451 160
1452 657
1453 351
1454 521
1455 530
1456 454
1457 454
1458 736
1459 736
1460 540
1461 540
1462 872
1463 446
1464 446
1465 446
1466 564
1467 1121
1468 1121
1469 638
1470 789
1471 789
1472 775
1473 775
1474 762
1475 1006
1476 486
1477 199
1478 199
1479 591
1480 603
1481 901
1482 227
1483 322
1484 288
1485 621
1486 590
1487 441
1488 441
1489 611
1490 552
1491 552
1492 731
1493 731
1494 1015
1495 265
1496 265
1497 172
1498 557
1499 557
1500 1134
1501 1134
1502 497
1503 356
1504 356
1505 578
1506 578
1507 578
1508 516
1509 798
1510 481
1511 481
1512 305
1513 305
1514 398
1515 649
1516 649
1517 649
1518 417
1519 417
1520 796
1521 845
1522 845
1523 663
1524 663
1525 845
1526 845
1527 218
1528 700
1529 1086
1530 1086
1531 1145
1532 1145
1533 1101
1534 763
1535 227
1536 132
1537 132
1538 331
1539 331
1540 543
1541 543
1542 358
1543 420
1544 651
1545 310
1546 310
1547 274
1548 611
1549 667
1550 365
1551 365
1552 831
1553 671
1554 862
1555 575
1556 601
1557 358
1558 856
1559 736
1560 456
1561 428
1562 329
1563 329
1564 119
1565 48
1566 541
1567 541
1568 541
1569 260
1570 1138
1571 1138
1572 592
1573 623
1574 623
1575 767
1576 658
1577 1069
1578 1048
1579 1048
1580 1115
1581 443
1582 644
1583 902
1584 227
1585 130
1586 130
1587 233
1588 239
1589 771
1590 771
1591 962
1592 962
1593 311
1594 612
1595 381
1596 722
1597 379
1598 698
1599 432
1600 899
1601 127
1602 663
1603 412
1604 944
1605 858
1606 32
1607 327
1608 569
1609 1098
1610 396
1611 273
1612 772
1613 772
1614 223
1615 223
1616 174
1617 174
1618 439
1619 494
1620 473
1621 749
1622 704
1623 857
1624 1036
1625 423
1626 423
1627 786
1628 786
1629 919
1630 773
1631 773
1632 484
1633 484
1634 400
1635 400
1636 236
1637 456
1638 286
1639 1053
1640 536
1641 378
1642 270
1643 270
1644 647
1645 592
1646 680
1647 585
1648 585
1649 733
1650 899
1651 899
1652 232
1653 643
1654 677
1655 895
1656 901
1657 560
1658 560
1659 264
1660 264
1661 540
1662 1004
1663 224
1664 1077
1665 502
1666 535
1667 1074
1668 239
1669 306
1670 306
1671 344
1672 909
1673 740
1674 409
1675 409
1676 688
1677 688
1678 578
1679 578
1680 472
1681 183
1682 492
1683 1107
1684 1107
1685 790
1686 790
1687 517
1688 722
1689 955
1690 978
1691 815
1692 223
1693 1071
1694 777
1695 1026
1696 915
1697 915
1698 749
1699 957
1700 1040
1701 789
1702 745
1703 745
1704 1077
1705 780
1706 736
1707 736
1708 1090
1709 1090
1710 595
1711 670
1712 1143
1713 451
1714 1095
1715 632
1716 239
1717 239
1718 149
1719 757
1720 757
1721 577
1722 314
1723 552
1724 719
1725 890
1726 890
1727 900
1728 900
1729 999
1730 622
1731 553
1732 970
1733 360
1734 196
1735 670
1736 421
1737 771
1738 771
1739 1068
1740 776
1741 479
1742 479
1743 745
1744 598
1745 598
1746 664
1747 664
1748 664
1749 959
1750 959
1751 225
1752 225
1753 1091
1754 870
1755 142
1756 581
1757 487
1758 332
1759 300
1760 300
1761 599
1762 317
1763 317
1764 386
1765 347
1766 591
1767 234
1768 234
1769 675
1770 675
1771 456
1772 950
1773 950
1774 950
1775 186
1776 186
1777 454
1778 454
1779 801
1780 132
1781 618
1782 808
1783 424
1784 337
1785 337
1786 320
1787 609
1788 428
1789 428
1790 356
1791 356
1792 205
1793 406
1794 406
1795 624
1796 649
1797 378
1798 1063
1799 253
1800 877
1801 555
1802 555
1803 484
1804 484
1805 358
1806 1144
1807 734
1808 734
1809 886
1810 708
1811 708
1812 954
1813 23
1814 180
1815 180
1816 760
1817 805
1818 437
1819 437
1820 437
1821 418
1822 424
1823 936
1824 936
1825 600
1826 988
1827 480
1828 840
1829 217
1830 196
1831 556
1832 556
1833 335
1834 456
1835 264
1836 734
1837 734
1838 941
1839 289
1840 931
1841 931
1842 164
1843 164
1844 838
1845 838
1846 632
1847 632
1848 397
1849 356
1850 538
1851 538
1852 875
1853 333
1854 511
1855 997
1856 997
1857 329
1858 1080
1859 1080
1860 707
1861 707
1862 549
1863 838
1864 838
1865 309
1866 309
1867 954
1868 1031
1869 1031
1870 234
1871 509
1872 509
1873 921
1874 428
1875 286
1876 286
1877 562
1878 562
1879 562
1880 457
1881 472
1882 472
1883 562
1884 562
1885 295
1886 600
1887 315
1888 315
1889 471
1890 270
1891 566
1892 566
1893 202
1894 202
1895 726
1896 745
1897 861
1898 861
1899 861
1900 929
1901 485
1902 489
1903 489
1904 611
1905 611
1906 421
1907 128
1908 270
1909 198
1910 713
1911 868
1912 868
1913 722
1914 334
1915 488
1916 488
1917 859
1918 859
1919 271
1920 271
1921 426
1922 552
1923 552
1924 522
1925 522
1926 395
1927 239
1928 927
1929 927
1930 340
1931 897
1932 981
1933 502
1934 544
1935 794
1936 564
1937 567
1938 567
1939 1075
1940 1075
1941 375
1942 359
1943 359
1944 513
1945 988
1946 674
1947 368
1948 368
1949 384
1950 508
1951 624
1952 657
1953 657
1954 657
1955 131
1956 87
1957 854
1958 853
1959 1106
1960 437
1961 52
1962 238
1963 686
1964 472
1965 472
1966 674
1967 620
1968 620
1969 499
1970 499
1971 306
1972 556
1973 113
1974 633
1975 517
1976 602
1977 1054
1978 1054
1979 665
1980 323
1981 810
1982 509
1983 509
1984 838
1985 258
1986 360
1987 940
1988 940
1989 228
1990 373
1991 708
1992 244
1993 706
1994 985
1995 795
1996 795
1997 857
1998 547
1999 531
2000 544
2001 544
2002 414
2003 414
2004 465
2005 319
2006 855
2007 855
2008 129
2009 278
2010 624
2011 369
2012 462
2013 610
2014 469
2015 931
2016 931
2017 667
2018 1120
2019 1120
2020 795
2021 795
2022 889
2023 889
2024 288
2025 197
2026 197
2027 390
2028 390
2029 799
2030 799
2031 755
2032 623
2033 751
2034 453
2035 291
2036 421
2037 559
2038 559
2039 700
2040 679
2041 95
2042 56
2043 56
2044 56
2045 508
2046 523
2047 474
2048 474
2049 458
2050 791
2051 791
2052 227
2053 552
2054 986
2055 1039
2056 1039
2057 285
2058 783
2059 783
2060 783
2061 372
2062 591
2063 681
2064 681
2065 444
2066 254
2067 254
2068 262
2069 262
2070 432
2071 658
2072 375
2073 780
2074 683
2075 715
2076 891
2077 480
2078 822
2079 996
2080 996
2081 289
2082 501
2083 501
2084 548
2085 548
2086 570
2087 529
2088 400
2089 309
2090 432
2091 461
2092 586
2093 511
2094 511
2095 433
2096 433
2097 763
2098 716
2099 506
2100 806
2101 543
2102 543
2103 525
2104 594
2105 362
2106 518
2107 719
2108 719
2109 491
2110 121
2111 438
2112 438
2113 362
2114 371
2115 579
2116 246
2117 391
2118 391
2119 292
2120 292
2121 640
2122 640
2123 958
2124 314
2125 64
2126 64
2127 990
2128 414
2129 414
2130 414
2131 345
2132 345
2133 345
2134 602
2135 602
2136 843
2137 591
2138 610
2139 755
2140 588
2141 588
2142 576
2143 520
2144 520
2145 628
2146 541
2147 541
2148 411
2149 411
2150 404
2151 901
2152 901
2153 268
2154 268
2155 314
2156 693
2157 993
2158 229
2159 229
2160 229
2161 477
2162 477
2163 325
2164 325
2165 271
2166 269
2167 269
2168 269
2169 523
2170 426
2171 426
2172 721
2173 721
2174 721
2175 496
2176 496
2177 338
2178 58
2179 58
2180 1042
2181 1042
2182 928
2183 687
2184 687
2185 311
2186 620
2187 1015
2188 555
2189 555
2190 555
2191 912
2192 912
2193 661
2194 661
2195 245
2196 311
2197 715
2198 715
2199 859
2200 534
2201 534
2202 630
2203 289
2204 289
2205 421
2206 429
2207 429
2208 630
2209 720
2210 496
2211 562
2212 504
2213 504
2214 772
2215 772
2216 676
2217 614
2218 991
2219 991
2220 745
2221 745
2222 745
2223 419
2224 419
2225 526
2226 687
2227 493
2228 491
2229 344
2230 440
2231 564
2232 482
2233 482
2234 482
2235 632
2236 538
2237 538
2238 930
2239 930
2240 288
2241 597
2242 792
2243 792
2244 752
2245 780
2246 780
2247 599
2248 599
2249 389
2250 705
2251 705
2252 580
2253 580
2254 65
2255 631
2256 631
2257 571
2258 620
2259 620
2260 615
2261 895
2262 895
2263 895
2264 94
2265 94
2266 94
2267 701
2268 701
2269 617
2270 359
2271 359
2272 479
2273 363
2274 218
2275 471
2276 471
2277 119
2278 266
2279 266
2280 1152
2281 1152
2282 1152
2283 850
2284 850
2285 779
2286 779
2287 700
2288 700
2289 232
2290 389
2291 279
2292 279
2293 787
2294 253
2295 118
2296 118
2297 270
2298 434
2299 384
2300 807
2301 288
2302 288
2303 5
2304 504
2305 504
2306 377
2307 578
2308 363
2309 363
2310 185
2311 185
2312 561
2313 799
2314 799
2315 490
2316 490
2317 692
2318 692
2319 394
2320 716
2321 579
2322 579
2323 728
2324 448
2325 448
2326 359
2327 302
2328 302
2329 579
2330 328
2331 328
2332 285
2333 937
2334 495
2335 521
2336 283
2337 743
2338 743
2339 249
2340 249
2341 472
2342 916
2343 677
2344 677
2345 581
2346 246
2347 246
2348 460
2349 628
2350 205
2351 147
2352 572
2353 750
2354 571
2355 768
2356 768
2357 429
2358 19
2359 19
2360 1027
2361 369
2362 441
2363 569
2364 337
2365 652
2366 652
2367 422
2368 242
2369 271
2370 271
2371 359
2372 359
2373 187
2374 187
2375 892
2376 892
2377 951
2378 951
2379 440
2380 440
2381 1081
2382 1081
2383 869
2384 618
2385 357
2386 357
2387 357
2388 316
2389 454
2390 454
2391 814
2392 677
2393 814
2394 707
2395 441
2396 680
2397 596
2398 596
2399 560
2400 560
2401 702
2402 702
2403 702
2404 383
2405 383
2406 283
2407 332
2408 827
2409 203
2410 923
2411 956
2412 617
2413 617
2414 515
2415 515
2416 115
2417 303
2418 695
2419 695
2420 870
2421 574
2422 358
2423 358
2424 233
2425 233
2426 929
2427 367
2428 552
2429 334
2430 431
2431 133
2432 257
2433 598
2434 439
2435 241
2436 129
2437 129
2438 243
2439 434
2440 406
2441 1061
2442 1061
2443 161
2444 161
2445 601
2446 601
2447 456
2448 456
2449 6
2450 678
2451 282
2452 278
2453 261
2454 214
2455 214
2456 753
2457 161
2458 478
2459 478
2460 661
2461 661
2462 699
2463 1029
2464 678
2465 678
2466 411
2467 38
2468 38
2469 444
2470 444
2471 258
2472 585
2473 518
2474 518
2475 346
2476 381
2477 352
2478 352
2479 432
2480 286
2481 318
2482 226
2483 226
2484 114
2485 361
2486 361
2487 361
2488 586
2489 130
2490 509
2491 509
2492 485
2493 205
2494 205
2495 129
2496 888
2497 843
2498 355
2499 355
2500 200
2501 807
2502 807
2503 801
2504 626
2505 329
2506 809
2507 572
2508 717
2509 413
2510 123
2511 907
2512 266
2513 266
2514 483
2515 138
2516 533
2517 923
2518 587
2519 108
2520 585
2521 668
2522 562
2523 679
2524 357
2525 655
2526 195
2527 465
2528 465
2529 541
2530 541
2531 517
2532 576
2533 259
2534 259
2535 528
2536 294
2537 294
2538 376
2539 376
2540 486
2541 876
2542 876
2543 975
2544 975
2545 975
2546 192
2547 707
2548 426
2549 500
2550 198
2551 198
2552 551
2553 282
2554 455
2555 460
2556 460
2557 1002
2558 1002
2559 190
2560 394
2561 778
2562 778
2563 778
2564 453
2565 572
2566 278
2567 71
2568 250
2569 570
2570 407
2571 943
2572 455
2573 455
2574 1055
2575 518
2576 518
2577 457
2578 457
2579 700
2580 454
2581 217
2582 370
2583 193
2584 537
2585 152
2586 178
2587 562
2588 698
2589 263
2590 452
2591 650
2592 650
2593 650
2594 141
2595 142
2596 656
2597 1078
2598 356
2599 356
2600 307
2601 131
2602 430
2603 430
2604 864
2605 839
2606 97
2607 349
2608 349
2609 605
2610 625
2611 391
2612 201
2613 371
2614 371
2615 590
2616 608
2617 285
2618 288
2619 500
2620 299
2621 299
2622 316
2623 100
2624 383
2625 383
2626 323
2627 817
2628 817
2629 282
2630 694
2631 1066
2632 274
2633 523
2634 7
2635 7
2636 584
2637 554
2638 134
2639 204
2640 155
2641 240
2642 240
2643 706
2644 459
2645 119
2646 329
2647 329
2648 349
2649 349
2650 241
2651 241
2652 382
2653 203
2654 784
2655 203
2656 620
2657 620
2658 620
2659 77
2660 270
2661 479
2662 416
2663 420
2664 721
2665 188
2666 188
2667 490
2668 490
2669 680
2670 680
2671 595
2672 90
2673 90
2674 270
2675 484
2676 484
2677 648
2678 550
2679 379
2680 286
2681 687
2682 511
2683 375
2684 346
2685 148
2686 307
2687 307
2688 622
2689 826
2690 836
2691 320
2692 301
2693 549
2694 299
2695 436
2696 515
2697 473
2698 477
2699 384
2700 827
2701 564
2702 461
2703 461
2704 220
2705 220
2706 326
2707 461
2708 1015
2709 675
2710 345
2711 238
2712 510
2713 351
2714 582
2715 303
2716 375
2717 375
2718 498
2719 498
2720 332
2721 259
2722 331
2723 800
2724 1092
2725 392
2726 392
2727 478
2728 478
2729 595
2730 595
2731 923
2732 433
2733 433
2734 957
2735 693
2736 525
2737 859
2738 850
2739 850
2740 344
2741 989
2742 425
2743 314
2744 836
2745 236
2746 236
2747 312
2748 312
2749 536
2750 423
2751 628
2752 628
2753 1030
2754 851
2755 137
2756 867
2757 867
2758 867
2759 624
2760 498
2761 167
2762 591
2763 591
2764 409
2765 409
2766 279
2767 203
2768 203
2769 426
2770 553
2771 553
2772 758
2773 31
2774 275
2775 340
2776 340
2777 312
2778 329
2779 327
2780 327
2781 104
2782 104
2783 348
2784 348
2785 382
2786 1016
2787 1016
2788 348
2789 348
2790 376
2791 206
2792 713
2793 585
2794 365
2795 641
2796 641
2797 439
2798 27
2799 551
2800 336
2801 336
2802 577
2803 577
2804 196
2805 196
2806 539
2807 560
2808 737
2809 559
2810 674
2811 674
2812 178
2813 441
2814 568
2815 568
2816 350
2817 920
2818 667
2819 667
2820 421
2821 378
2822 551
2823 551
2824 471
2825 471
2826 344
2827 890
2828 619
2829 619
2830 535
2831 835
2832 835
2833 521
2834 536
2835 380
2836 380
2837 407
2838 407
2839 494
2840 494
2841 506
2842 444
2843 109
2844 109
2845 396
2846 950
2847 950
2848 514
2849 250
2850 250
2851 764
2852 764
2853 554
2854 554
2855 420
2856 660
2857 697
2858 462
2859 394
2860 819
2861 819
2862 819
2863 158
2864 489
2865 279
2866 401
2867 138
2868 138
2869 767
2870 767
2871 40
2872 40
2873 514
2874 514
2875 514
2876 332
2877 280
2878 122
2879 122
2880 932
2881 932
2882 533
2883 183
2884 296
2885 296
2886 292
2887 355
2888 355
2889 251
2890 422
2891 422
2892 694
2893 694
2894 694
2895 481
2896 481
2897 76
2898 710
2899 309
2900 309
2901 481
2902 342
2903 342
2904 334
2905 334
2906 550
2907 550
2908 552
2909 837
2910 545
2911 623
2912 149
2913 149
2914 96
2915 707
2916 384
2917 264
2918 579
2919 616
2920 667
2921 667
2922 667
2923 284
2924 284
2925 844
2926 844
2927 378
2928 311
2929 311
2930 356
2931 481
2932 481
2933 599
2934 34
2935 34
2936 34
2937 240
2938 240
2939 410
2940 410
2941 584
2942 584
2943 476
2944 202
2945 202
2946 327
2947 327
2948 646
2949 308
2950 308
2951 225
2952 225
2953 406
2954 154
2955 154
2956 355
2957 89
2958 454
2959 304
2960 304
2961 304
2962 390
2963 390
2964 667
2965 172
2966 172
2967 363
2968 408
2969 418
2970 418
2971 872
2972 872
2973 418
2974 418
2975 441
2976 251
2977 233
2978 233
2979 413
2980 347
2981 347
2982 437
2983 204
2984 562
2985 562
2986 260
2987 297
2988 212
2989 505
2990 362
2991 477
2992 477
2993 726
2994 354
2995 354
2996 489
2997 489
2998 489
2999 420
3000 420
3001 464
3002 464
3003 1082
3004 706
3005 919
3006 919
3007 919
3008 362
3009 390
3010 105
3011 342
3012 332
3013 332
3014 383
3015 383
3016 517
3017 517
3018 186
3019 311
3020 311
3021 832
3022 271
3023 400
3024 171
3025 171
3026 188
3027 987
3028 519
3029 519
3030 611
3031 611
3032 367
3033 446
3034 368
3035 539
3036 539
3037 555
3038 258
3039 258
3040 450
3041 373
3042 341
3043 341
3044 248
3045 375
3046 150
3047 150
3048 255
3049 502
3050 502
3051 446
3052 559
3053 349
3054 349
3055 93
3056 380
3057 80
3058 184
3059 184
3060 556
3061 556
3062 266
3063 874
3064 874
3065 688
3066 688
3067 375
3068 375
3069 417
3070 401
3071 478
3072 149
3073 542
3074 542
3075 483
3076 151
3077 688
3078 688
3079 318
3080 318
3081 211
3082 211
3083 493
3084 208
3085 304
3086 304
3087 802
3088 516
3089 727
3090 165
3091 185
3092 431
3093 431
3094 548
3095 846
3096 622
3097 75
3098 119
3099 370
3100 513
3101 664
3102 545
3103 294
3104 260
3105 184
3106 389
3107 454
3108 417
3109 89
3110 89
3111 406
3112 406
3113 624
3114 222
3115 465
3116 465
3117 361
3118 361
3119 290
3120 503
3121 153
3122 180
3123 180
3124 180
3125 105
3126 131
3127 131
3128 673
3129 673
3130 366
3131 269
3132 269
3133 418
3134 370
3135 543
3136 722
3137 722
3138 691
3139 120
3140 120
3141 339
3142 339
3143 314
3144 727
3145 727
3146 701
3147 724
3148 786
3149 786
3150 369
3151 599
3152 599
3153 390
3154 619
3155 667
3156 1049
3157 1049
3158 747
3159 437
3160 437
3161 494
3162 494
3163 963
3164 817
3165 233
3166 233
3167 233
3168 572
3169 572
3170 375
3171 375
3172 426
3173 86
3174 86
3175 438
3176 22
3177 22
3178 556
3179 556
3180 308
3181 591
3182 591
3183 345
3184 127
3185 127
3186 442
3187 733
3188 733
3189 379
3190 413
3191 172
3192 172
3193 513
3194 513
3195 983
3196 983
3197 301
3198 274
3199 51
3200 124
3201 124
3202 760
3203 760
3204 389
3205 238
3206 238
3207 782
3208 262
3209 623
3210 568
3211 339
3212 431
3213 431
3214 291
3215 291
3216 132
3217 123
3218 298
3219 298
3220 36
3221 221
3222 221
3223 221
3224 41
3225 384
3226 384
3227 423
3228 395
3229 187
3230 187
3231 865
3232 865
3233 506
3234 506
3235 506
3236 218
3237 1035
3238 1035
3239 723
3240 723
3241 356
3242 356
3243 618
3244 620
3245 98
3246 435
3247 435
3248 435
3249 240
3250 240
3251 283
3252 68
3253 345
3254 143
3255 703
3256 703
3257 703
3258 387
3259 238
3260 729
3261 913
3262 264
3263 423
3264 219
3265 169
3266 169
3267 169
3268 590
3269 590
3270 498
3271 34
3272 34
3273 162
3274 162
3275 63
3276 447
3277 447
3278 251
3279 251
3280 251
3281 581
3282 196
3283 196
3284 934
3285 7
3286 216
3287 66
3288 66
3289 1079
3290 220
3291 78
3292 34
3293 34
3294 278
3295 278
3296 245
3297 430
3298 430
3299 319
3300 319
3301 376
3302 376
3303 299
3304 1025
3305 1025
3306 192
3307 428
3308 189
3309 189
3310 188
3311 298
3312 648
3313 245
3314 173
3315 521
3316 285
3317 298
3318 78
3319 113
3320 113
3321 304
3322 326
3323 326
3324 483
3325 483
3326 939
3327 613
3328 111
3329 111
3330 704
3331 704
3332 463
3333 368
3334 734
3335 540
3336 540
3337 506
3338 444
3339 598
3340 223
3341 228
3342 228
3343 285
3344 285
3345 422
3346 641
3347 641
3348 683
3349 683
3350 148
3351 148
3352 807
3353 552
3354 396
3355 396
3356 426
3357 426
3358 115
3359 115
3360 216
3361 216
3362 841
3363 679
3364 358
3365 358
3366 485
3367 149
3368 192
3369 310
3370 525
3371 95
3372 95
3373 244
3374 244
3375 244
3376 262
3377 262
3378 546
3379 352
3380 512
3381 257
3382 611
3383 611
3384 190
3385 610
3386 610
3387 519
3388 218
3389 218
3390 30
3391 411
3392 411
3393 372
3394 372
3395 238
3396 524
3397 524
3398 238
3399 188
3400 188
3401 637
3402 626
3403 626
3404 430
3405 562
3406 493
3407 350
3408 350
3409 615
3410 615
3411 1001
3412 1001
3413 207
3414 207
3415 866
3416 866
3417 438
3418 235
3419 139
3420 476
3421 297
3422 297
3423 465
3424 465
3425 330
3426 422
3427 422
3428 422
3429 349
3430 556
3431 556
3432 413
3433 483
3434 483
3435 1034
3436 716
3437 271
3438 271
3439 615
3440 604
3441 604
3442 556
3443 456
3444 548
3445 732
3446 356
3447 598
3448 617
3449 617
3450 617
3451 694
3452 39
3453 391
3454 391
3455 833
3456 833
3457 137
3458 395
3459 509
3460 330
3461 290
3462 290
3463 595
3464 180
3465 532
3466 532
3467 352
3468 352
3469 352
3470 273
3471 273
3472 316
3473 206
3474 374
3475 467
3476 885
3477 885
3478 69
3479 104
3480 321
3481 683
3482 442
3483 666
3484 255
3485 255
3486 368
3487 368
3488 407
3489 407
3490 300
3491 300
3492 319
3493 319
3494 511
3495 511
3496 805
3497 351
3498 351
3499 538
3500 696
3501 696
3502 696
3503 821
3504 365
3505 713
3506 713
3507 429
3508 429
3509 445
3510 489
3511 322
3512 181
3513 259
3514 259
3515 423
3516 742
3517 332
3518 260
3519 467
3520 640
3521 640
3522 640
3523 552
3524 552
3525 899
3526 558
3527 712
3528 712
3529 733
3530 501
3531 501
3532 501
3533 501
3534 177
3535 333
3536 437
3537 543
3538 543
3539 526
3540 527
3541 527
3542 629
3543 629
3544 498
3545 282
3546 282
3547 156
3548 643
3549 655
3550 655
3551 992
3552 340
3553 121
3554 121
3555 72
3556 714
3557 366
3558 214
3559 214
3560 498
3561 247
3562 247
3563 479
3564 213
3565 183
3566 337
3567 337
3568 265
3569 254
3570 902
3571 902
3572 450
3573 436
3574 358
3575 241
3576 241
3577 273
3578 370
3579 163
3580 216
3581 606
3582 606
3583 208
3584 486
3585 486
3586 539
3587 390
3588 262
3589 765
3590 533
3591 533
3592 533
3593 671
3594 671
3595 536
3596 536
3597 480
3598 290
3599 263
3600 384
3601 329
3602 329
3603 349
3604 349
3605 477
3606 101
3607 124
3608 423
3609 172
3610 330
3611 330
3612 311
3613 548
3614 516
3615 318
3616 101
3617 312
3618 426
3619 426
3620 451
3621 451
3622 62
3623 479
3624 419
3625 200
3626 200
3627 438
3628 914
3629 914
3630 210
3631 454
3632 454
3633 14
3634 14
3635 29
3636 472
3637 472
3638 795
3639 795
3640 641
3641 199
3642 199
3643 125
3644 605
3645 932
3646 516
3647 516
3648 389
3649 397
3650 397
3651 194
3652 281
3653 281
3654 185
3655 73
3656 73
3657 517
3658 421
3659 421
3660 407
3661 332
3662 476
3663 503
3664 383
3665 383
3666 73
3667 73
3668 351
3669 533
3670 436
3671 436
3672 447
3673 271
3674 465
3675 973
3676 83
3677 363
3678 357
3679 357
3680 231
3681 231
3682 231
3683 617
3684 368
3685 368
3686 384
3687 384
3688 440
3689 338
3690 355
3691 355
3692 268
3693 268
3694 520
3695 520
3696 248
3697 478
3698 644
3699 343
3700 238
3701 238
3702 219
3703 219
3704 790
3705 686
3706 414
3707 801
3708 653
3709 809
3710 809
3711 670
3712 332
3713 332
3714 613
3715 613
3716 654
3717 654
3718 419
3719 92
3720 504
3721 389
3722 210
3723 488
3724 488
3725 607
3726 300
3727 48
3728 565
3729 561
3730 384
3731 423
3732 201
3733 265
3734 237
3735 237
3736 272
3737 354
3738 354
3739 316
3740 295
3741 438
3742 438
3743 151
3744 308
3745 308
3746 560
3747 87
3748 385
3749 329
3750 422
3751 184
3752 533
3753 533
3754 157
3755 593
3756 593
3757 257
3758 381
3759 1003
3760 1003
3761 207
3762 699
3763 816
3764 483
3765 1000
3766 1000
3767 1000
3768 1051
3769 1051
3770 455
3771 455
3772 310
3773 770
3774 770
3775 770
3776 354
3777 354
3778 992
3779 992
3780 375
3781 322
3782 215
3783 440
3784 338
3785 338
3786 402
3787 203
3788 203
3789 393
3790 393
3791 736
3792 736
3793 680
3794 680
3795 214
3796 214
3797 1072
3798 467
3799 217
3800 217
3801 327
3802 449
3803 449
3804 449
3805 504
3806 814
3807 70
3808 8
3809 35
3810 404
3811 218
3812 218
3813 737
3814 737
3815 496
3816 496
3817 347
3818 343
3819 343
3820 580
3821 390
3822 559
3823 559
3824 386
3825 442
3826 442
3827 260
3828 260
3829 167
3830 259
3831 122
3832 122
3833 122
3834 15
3835 15
3836 437
3837 308
3838 56
3839 643
3840 201
3841 201
3842 170
3843 475
3844 475
3845 368
3846 368
3847 205
3848 289
3849 112
3850 112
3851 281
3852 376
3853 606
3854 166
3855 166
3856 209
3857 209
3858 191
3859 810
3860 507
3861 507
3862 518
3863 577
3864 44
3865 44
3866 659
3867 659
3868 214
3869 106
3870 106
3871 322
3872 170
3873 170
3874 269
3875 269
3876 241
3877 351
3878 534
3879 380
3880 428
3881 325
3882 465
3883 208
3884 273
3885 210
3886 61
3887 61
3888 121
3889 702
3890 205
3891 205
3892 477
3893 395
3894 457
3895 552
3896 146
3897 74
3898 397
3899 397
3900 274
3901 274
3902 179
3903 179
3904 706
3905 706
3906 599
3907 191
3908 187
3909 412
3910 505
3911 357
3912 357
3913 408
3914 95
3915 95
3916 62
3917 19
3918 19
3919 257
3920 142
3921 272
3922 479
3923 195
3924 456
3925 456
3926 97
3927 282
3928 282
3929 368
3930 353
3931 218
3932 640
3933 383
3934 977
3935 977
3936 977
3937 272
3938 607
3939 1070
3940 529
3941 529
3942 503
3943 503
3944 422
3945 663
3946 224
3947 763
3948 763
3949 358
3950 135
3951 694
3952 655
3953 374
3954 374
3955 719
3956 783
3957 237
3958 598
3959 420
3960 564
3961 564
3962 291
3963 291
3964 285
3965 285
3966 883
3967 883
3968 558
3969 230
3970 393
3971 292
3972 793
3973 793
3974 793
3975 461
3976 291
3977 279
3978 279
3979 653
3980 653
3981 500
3982 351
3983 456
3984 557
3985 557
3986 557
3987 212
3988 371
3989 371
3990 371
3991 736
3992 177
3993 198
3994 284
3995 616
3996 405
3997 405
3998 451
3999 451
4000 767
4001 767
4002 767
4003 493
4004 493
4005 493
4006 352
4007 352
4008 661
4009 661
4010 563
4011 563
4012 461
4013 461
4014 420
4015 420
4016 741
4017 577
4018 366
4019 754
4020 449
4021 449
4022 920
4023 393
4024 393
4025 364
4026 360
4027 360
4028 360
4029 583
4030 583
4031 583
4032 314
4033 756
4034 281
4035 281
4036 488
4037 224
4038 679
4039 679
4040 572
4041 572
4042 212
4043 322
4044 322
4045 418
4046 418
4047 330
4048 187
4049 187
4050 925
4051 925
4052 454
4053 454
4054 153
4055 189
4056 646
4057 178
4058 178
4059 427
4060 695
4061 695
4062 474
4063 429
4064 429
4065 711
4066 1118
4067 1118
4068 762
4069 450
4070 237
4071 237
4072 482
4073 516
4074 347
4075 662
4076 662
4077 563
4078 1011
4079 679
4080 679
4081 544
4082 486
4083 281
4084 177
4085 1089
4086 527
4087 462
4088 462
4089 480
4090 467
4091 467
4092 20
4093 998
4094 998
4095 277
4096 442
4097 442
4098 519
4099 710
4100 710
4101 448
4102 448
4103 963
4104 963
4105 340
4106 248
4107 248
4108 338
4109 338
4110 429
4111 429
4112 426
4113 426
4114 223
4115 695
4116 695
4117 454
4118 454
4119 601
4120 601
4121 483
4122 483
4123 172
4124 380
4125 283
4126 568
4127 568
4128 628
4129 377
4130 508
4131 880
4132 880
4133 880
4134 524
4135 524
4136 902
4137 902
4138 353
4139 905
4140 905
4141 905
4142 511
4143 731
4144 731
4145 501
4146 459
4147 964
4148 351
4149 567
4150 567
4151 130
4152 635
4153 594
4154 570
4155 570
4156 228
4157 716
4158 765
4159 859
4160 859
4161 184
4162 405
4163 405
4164 412
4165 468
4166 648
4167 648
4168 848
4169 848
4170 272
4171 69
4172 69
4173 410
4174 369
4175 474
4176 93
4177 85
4178 944
4179 767
4180 498
4181 655
4182 715
4183 765
4184 765
4185 562
4186 393
4187 1065
4188 1
4189 437
4190 379
4191 505
4192 411
4193 411
4194 503
4195 503
4196 503
4197 594
4198 844
4199 572
4200 528
4201 776
4202 87
4203 587
4204 587
4205 529
4206 116
4207 560
4208 560
4209 295
4210 295
4211 433
4212 958
4213 693
4214 899
4215 444
4216 444
4217 494
4218 494
4219 449
4220 769
4221 205
4222 205
4223 573
4224 573
4225 962
4226 962
4227 926
4228 183
4229 905
4230 905
4231 361
4232 361
4233 370
4234 432
4235 642
4236 642
4237 134
4238 612
4239 612
4240 238
4241 238
4242 378
4243 265
4244 265
4245 835
4246 1131
4247 40
4248 340
4249 340
4250 609
4251 609
4252 485
4253 485
4254 295
4255 3
4256 323
4257 323
4258 550
4259 550
4260 523
4261 523
4262 850
4263 281
4264 744
4265 744
4266 448
4267 664
4268 664
4269 664
4270 13
4271 13
4272 797
4273 797
4274 700
4275 700
4276 606
4277 606
4278 244
4279 346
4280 346
4281 420
4282 420
4283 663
4284 771
4285 771
4286 387
4287 497
4288 486
4289 292
4290 186
4291 186
4292 658
4293 658
4294 724
4295 702
4296 787
4297 530
4298 119
4299 119
4300 365
4301 518
4302 481
4303 481
4304 833
4305 1050
4306 672
4307 672
4308 952
4309 728
4310 728
4311 415
4312 415
4313 519
4314 519
4315 172
4316 172
4317 546
4318 731
4319 731
4320 769
4321 794
4322 757
4323 275
4324 185
4325 593
4326 620
4327 238
4328 812
4329 812
4330 540
4331 416
4332 416
4333 788
4334 788
4335 788
4336 292
4337 270
4338 391
4339 391
4340 552
4341 552
4342 562
4343 562
4344 579
4345 579
4346 544
4347 483
4348 351
4349 622
4350 622
4351 632
4352 632
4353 489
4354 489
4355 318
4356 615
4357 467
4358 319
4359 319
4360 180
4361 336
4362 457
4363 457
4364 457
4365 206
4366 206
4367 307
4368 307
4369 309
4370 309
4371 1120
4372 601
4373 574
4374 574
4375 313
4376 277
4377 277
4378 307
4379 307
4380 153
4381 153
4382 195
4383 642
4384 395
4385 395
4386 546
4387 546
4388 265
4389 265
4390 380
4391 215
4392 371
4393 219
4394 718
4395 718
4396 313
4397 434
4398 363
4399 737
4400 414
4401 315
4402 315
4403 399
4404 342
4405 322
4406 166
4407 197
4408 255
4409 400
4410 400
4411 376
4412 633
4413 418
4414 418
4415 251
4416 475
4417 475
4418 255
4419 26
4420 322
4421 322
4422 440
4423 440
4424 294
4425 498
4426 248
4427 704
4428 208
4429 208
4430 683
4431 683
4432 250
4433 818
4434 168
4435 18
4436 18
4437 690
4438 690
4439 289
4440 289
4441 232
4442 292
4443 292
4444 194
4445 400
4446 557
4447 557
4448 553
4449 553
4450 165
4451 350
4452 461
4453 263
4454 427
4455 478
4456 478
4457 117
4458 579
4459 579
4460 307
4461 307
4462 685
4463 512
4464 251
4465 239
4466 388
4467 185
4468 440
4469 440
4470 988
4471 988
4472 1028
4473 694
4474 635
4475 195
4476 201
4477 366
4478 366
4479 396
4480 750
4481 492
4482 368
4483 368
4484 368
4485 331
4486 331
4487 331
4488 472
4489 637
4490 555
4491 555
4492 207
4493 380
4494 564
4495 433
4496 522
4497 301
4498 301
4499 394
4500 88
4501 371
4502 305
4503 305
4504 557
4505 493
4506 449
4507 449
4508 449
4509 484
4510 484
4511 717
4512 67
4513 295
4514 90
4515 200
4516 200
4517 395
4518 194
4519 194
4520 442
4521 42
4522 306
4523 222
4524 222
4525 546
4526 265
4527 265
4528 307
4529 307
4530 237
4531 490
4532 415
4533 415
4534 487
4535 303
4536 312
4537 312
4538 715
4539 345
4540 83
4541 83
4542 461
4543 523
4544 523
4545 253
4546 186
4547 453
4548 730
4549 94
4550 10
4551 10
4552 338
4553 395
4554 2
4555 532
4556 193
4557 206
4558 453
4559 639
4560 511
4561 176
4562 176
4563 402
4564 385
4565 239
4566 53
4567 747
4568 747
4569 621
4570 621
4571 639
4572 251
4573 458
4574 536
4575 171
4576 171
4577 388
4578 266
4579 593
4580 561
4581 353
4582 353
4583 246
4584 404
4585 454
4586 353
4587 353
4588 355
4589 149
4590 149
4591 62
4592 576
4593 526
4594 441
4595 471
4596 54
4597 54
4598 334
4599 444
4600 618
4601 618
4602 512
4603 231
4604 231
4605 465
4606 619
4607 778
4608 451
4609 451
4610 210
4611 210
4612 114
4613 516
4614 163
4615 163
4616 530
4617 231
4618 883
4619 883
4620 426
4621 373
4622 250
4623 175
4624 163
4625 319
4626 158
4627 158
4628 513
4629 513
4630 689
4631 689
4632 343
4633 55
4634 55
4635 55
4636 134
4637 529
4638 193
4639 273
4640 46
4641 527
4642 527
4643 885
4644 143
4645 85
4646 559
4647 508
4648 286
4649 637
4650 21
4651 21
4652 135
4653 135
4654 189
4655 83
4656 463
4657 376
4658 376
4659 290
4660 290
4661 298
4662 653
4663 643
4664 643
4665 643
4666 445
4667 573
4668 372
4669 582
4670 582
4671 582
4672 146
4673 146
4674 128
4675 224
4676 401
4677 395
4678 454
4679 204
4680 204
4681 645
4682 656
4683 262
4684 546
4685 546
4686 130
4687 440
4688 333
4689 714
4690 463
4691 370
4692 338
4693 338
4694 724
4695 724
4696 471
4697 831
4698 82
4699 82
4700 430
4701 430
4702 424
4703 424
4704 191
4705 321
4706 111
4707 111
4708 337
4709 761
4710 254
4711 503
4712 658
4713 658
4714 161
4715 208
4716 208
4717 142
4718 347
4719 172
4720 379
4721 379
4722 633
4723 633
4724 571
4725 793
4726 515
4727 810
4728 810
4729 810
4730 568
4731 508
4732 224
4733 224
4734 660
4735 660
4736 417
4737 417
4738 204
4739 276
4740 444
4741 444
4742 310
4743 228
4744 416
4745 416
4746 571
4747 649
4748 427
4749 180
4750 125
4751 530
4752 530
4753 766
4754 141
4755 389
4756 389
4757 242
4758 242
4759 233
4760 428
4761 270
4762 270
4763 434
4764 301
4765 241
4766 658
4767 264
4768 264
4769 184
4770 974
4771 196
4772 423
4773 564
4774 60
4775 333
4776 468
4777 224
4778 4
4779 103
4780 290
4781 323
4782 409
4783 403
4784 311
4785 311
4786 431
4787 871
4788 41
4789 272
4790 272
4791 537
4792 363
4793 240
4794 330
4795 137
4796 137
4797 66
4798 66
4799 405
4800 688
4801 632
4802 176
4803 404
4804 404
4805 655
4806 655
4807 402
4808 586
4809 586
4810 183
4811 492
4812 226
4813 511
4814 511
4815 661
4816 508
4817 137
4818 12
4819 12
4820 709
4821 253
4822 253
4823 239
4824 239
4825 126
4826 319
4827 319
4828 487
4829 400
4830 29
4831 29
4832 446
4833 389
4834 389
4835 789
4836 292
4837 469
4838 774
4839 416
4840 416
4841 427
4842 466
4843 15
4844 381
4845 381
