0 33
1 28
2 35
3 35
4 37
5 27
6 30
7 30
8 30
9 30
10 47
11 47
12 28
13 28
14 36
15 25
16 38
17 58
18 40
19 51
20 51
21 42
22 42
23 46
24 24
25 24
26 12
27 27
28 38
29 33
30 18
31 48
32 38
33 33
34 33
35 29
36 29
37 26
38 26
39 30
40 52
41 81
42 81
43 34
44 53
45 53
46 53
47 35
48 29
49 59
50 59
51 83
52 83
53 27
54 27
55 83
56 83
57 47
58 35
59 65
60 34
61 34
62 40
63 59
64 59
65 23
66 37
67 27
68 27
69 37
70 37
71 29
72 38
73 37
74 47
75 32
76 29
77 35
78 35
79 29
80 36
81 36
82 39
83 39
84 31
85 55
86 30
87 36
88 36
89 35
90 35
91 35
92 40
93 25
94 33
95 32
96 32
97 19
98 42
99 31
100 19
101 19
102 31
103 31
104 34
105 19
106 19
107 25
108 25
109 31
110 31
111 37
112 24
113 24
114 28
115 33
116 33
117 34
118 34
119 34
120 43
121 43
122 23
123 36
124 36
125 30
126 30
127 41
128 41
129 34
130 30
131 30
132 36
133 46
134 46
135 33
136 26
137 26
138 26
139 22
140 22
141 25
142 22
143 37
144 35
145 35
146 81
147 76
148 76
149 31
150 31
151 42
152 35
153 53
154 53
155 35
156 35
157 22
158 21
159 21
160 39
161 27
162 27
163 35
164 35
165 29
166 41
167 32
168 27
169 27
170 34
171 34
172 17
173 47
174 47
175 39
176 71
177 71
178 23
179 23
180 22
181 22
182 49
183 44
184 44
185 46
186 46
187 44
188 21
189 43
190 71
191 71
192 34
193 33
194 38
195 32
196 24
197 24
198 24
199 48
200 26
201 19
202 14
203 14
204 22
205 22
206 23
207 28
208 28
209 24
210 41
211 41
212 34
213 22
214 22
215 67
216 31
217 30
218 36
219 57
220 57
221 20
222 20
223 40
224 40
225 30
226 30
227 37
228 37
229 33
230 33
231 34
232 53
233 42
234 53
235 53
236 38
237 38
238 44
239 73
240 21
241 26
242 28
243 28
244 31
245 38
246 44
247 22
248 38
249 24
250 24
251 58
252 58
253 58
254 56
255 57
256 50
257 72
258 26
259 26
260 61
261 61
262 34
263 40
264 32
265 56
266 28
267 28
268 21
269 54
270 54
271 54
272 35
273 76
274 37
275 46
276 46
277 23
278 47
279 47
280 30
281 26
282 39
283 34
284 32
285 33
286 33
287 57
288 57
289 60
290 60
291 35
292 51
293 52
294 52
295 31
296 31
297 69
298 69
299 34
300 30
301 18
302 18
303 22
304 37
305 37
306 33
307 33
308 33
309 33
310 68
311 28
312 21
313 21
314 24
315 19
316 43
317 26
318 45
319 45
320 40
321 19
322 19
323 23
324 23
325 23
326 41
327 40
328 25
329 25
330 40
331 43
332 26
333 26
334 30
335 19
336 19
337 40
338 34
339 66
340 66
341 24
342 25
343 25
344 31
345 22
346 35
347 21
348 19
349 26
350 24
351 24
352 15
353 15
354 40
355 40
356 42
357 34
358 37
359 37
360 52
361 52
362 30
363 48
364 68
365 68
366 68
367 32
368 32
369 20
370 57
371 57
372 57
373 21
374 31
375 30
376 29
377 24
378 24
379 53
380 41
381 40
382 40
383 30
384 52
385 52
386 52
387 44
388 37
389 45
390 59
391 59
392 59
393 79
394 79
395 35
396 35
397 40
398 46
399 30
400 63
401 63
402 27
403 32
404 32
405 28
406 39
407 39
408 43
409 43
410 39
411 20
412 49
413 49
414 40
415 40
416 51
417 51
418 18
419 30
420 23
421 23
422 44
423 23
424 23
425 17
426 24
427 50
428 50
429 31
430 27
431 38
432 50
433 50
434 23
435 26
436 36
437 42
438 19
439 19
440 54
441 54
442 36
443 36
444 29
445 29
446 26
447 41
448 34
449 34
450 33
451 37
452 57
453 50
454 50
455 32
456 72
457 72
458 51
459 51
460 51
461 43
462 43
463 14
464 35
465 53
466 23
467 34
468 91
469 91
470 54
471 29
472 32
473 32
474 20
475 47
476 47
477 47
478 40
479 24
480 25
481 61
482 28
483 32
484 31
485 38
486 38
487 38
488 54
489 48
490 48
491 48
492 40
493 40
494 52
495 41
496 36
497 45
498 45
499 34
500 34
501 51
502 60
503 51
504 49
505 29
506 27
507 40
508 13
509 13
510 52
511 80
512 80
513 51
514 51
515 42
516 42
517 31
518 55
519 32
520 33
521 33
522 54
523 24
524 37
525 33
526 33
527 46
528 46
529 39
530 32
531 38
532 30
533 32
534 37
535 23
536 23
537 38
538 27
539 26
540 23
541 31
542 31
543 25
544 77
545 77
546 61
547 50
548 50
549 48
550 48
551 31
552 31
553 29
554 48
555 48
556 62
557 62
558 31
559 14
560 56
561 56
562 66
563 66
564 30
565 40
566 40
567 37
568 39
569 29
570 27
571 27
572 21
573 23
574 23
575 29
576 46
577 37
578 43
579 40
580 40
581 34
582 36
583 30
584 38
585 43
586 43
587 44
588 44
589 21
590 21
591 36
592 24
593 24
594 52
595 24
596 36
597 36
598 41
599 41
600 60
601 60
602 72
603 72
604 31
605 31
606 34
607 34
608 37
609 37
610 37
611 27
612 27
613 27
614 34
615 34
616 31
617 31
618 35
619 34
620 23
621 23
622 34
623 34
624 60
625 42
626 38
627 33
628 33
629 34
630 34
631 21
632 49
633 36
634 36
635 25
636 46
637 33
638 33
639 31
640 31
641 47
642 47
643 34
644 38
645 38
646 30
647 28
648 28
649 42
650 59
651 59
652 59
653 50
654 62
655 31
656 31
657 32
658 46
659 45
660 45
661 25
662 39
663 24
664 25
665 25
666 28
667 26
668 48
669 48
670 48
671 58
672 58
673 58
674 17
675 60
676 44
677 44
678 77
679 77
680 31
681 34
682 27
683 40
684 40
685 49
686 27
687 27
688 42
689 42
690 24
691 54
692 66
693 43
694 26
695 36
696 23
697 20
698 38
699 20
700 20
701 35
702 47
703 47
704 45
705 51
706 51
707 50
708 19
709 19
710 59
711 59
712 34
713 36
714 41
715 47
716 47
717 42
718 34
719 34
720 32
721 49
722 49
723 29
724 48
725 46
726 46
727 40
728 40
729 40
730 22
731 22
732 24
733 24
734 26
735 38
736 20
737 61
738 61
739 42
740 76
741 50
742 13
743 47
744 33
745 33
746 36
747 36
748 30
749 36
750 29
751 35
752 35
753 35
754 55
755 55
756 31
757 34
758 29
759 29
760 28
761 28
762 28
763 36
764 36
765 24
766 24
767 23
768 23
769 23
770 19
771 49
772 49
773 28
774 28
775 79
776 49
777 56
778 56
779 69
780 69
781 42
782 39
783 39
784 38
785 59
786 59
787 31
788 28
789 23
790 19
791 36
792 43
793 43
794 47
795 56
796 29
797 29
798 24
799 31
800 46
801 46
802 24
803 24
804 24
805 22
806 76
807 57
808 25
809 25
810 21
811 21
812 29
813 25
814 25
815 32
816 46
817 37
818 37
819 49
820 49
821 43
822 29
823 57
824 27
825 27
826 26
827 27
828 27
829 37
830 34
831 49
832 49
833 49
834 16
835 38
836 28
837 22
838 22
839 23
840 23
841 69
842 69
843 22
844 22
845 17
846 17
847 38
848 28
849 28
850 25
851 33
852 20
853 20
854 27
855 60
856 24
857 50
858 41
859 24
860 24
861 58
862 37
863 79
864 79
865 35
866 35
867 30
868 30
869 21
870 31
871 43
872 41
873 41
874 29
875 29
876 29
877 31
878 31
879 27
880 12
881 58
882 42
883 42
884 21
885 42
886 42
887 18
888 29
889 41
890 41
891 41
892 35
893 35
894 39
895 35
896 35
897 44
898 24
899 48
900 20
901 27
902 27
903 27
904 41
905 41
906 41
907 33
908 32
909 31
910 31
911 54
912 27
913 27
914 23
915 24
916 24
917 24
918 45
919 38
920 38
921 30
922 36
923 36
924 31
925 30
926 29
927 42
928 11
929 11
930 35
931 35
932 35
933 19
934 17
935 38
936 17
937 23
938 23
939 27
940 27
941 19
942 19
943 40
944 23
945 23
946 27
947 29
948 54
949 26
950 26
951 42
952 42
953 36
954 11
955 21
956 19
957 40
958 40
959 25
960 25
961 34
962 42
963 42
964 19
965 28
966 23
967 48
968 48
969 91
970 91
971 29
972 29
973 31
974 19
975 21
976 42
977 42
978 37
979 37
980 22
981 22
982 54
983 29
984 29
985 29
986 34
987 19
988 19
989 30
990 20
991 28
992 41
993 41
994 21
995 28
996 31
997 72
998 72
999 57
1000 32
1001 36
1002 29
1003 29
1004 29
1005 66
1006 66
1007 29
1008 31
1009 31
1010 36
1011 36
1012 46
1013 92
1014 92
1015 92
1016 47
1017 47
1018 14
1019 14
1020 14
1021 18
1022 18
1023 23
1024 27
1025 25
1026 38
1027 38
1028 27
1029 27
1030 50
1031 35
1032 29
1033 58
1034 49
1035 33
1036 59
1037 37
1038 37
1039 32
1040 14
1041 41
1042 23
1043 27
1044 39
1045 36
1046 10
1047 10
1048 16
1049 28
1050 28
1051 25
1052 14
1053 60
1054 40
1055 40
1056 30
1057 43
1058 43
1059 43
1060 32
1061 41
1062 25
1063 33
1064 33
1065 18
1066 39
1067 36
1068 12
1069 57
1070 23
1071 37
1072 14
1073 14
1074 22
1075 32
1076 37
1077 56
1078 34
1079 34
1080 38
1081 38
1082 22
1083 35
1084 26
1085 26
1086 21
1087 37
1088 20
1089 38
1090 29
1091 35
1092 35
1093 28
1094 46
1095 38
1096 38
1097 60
1098 60
1099 45
1100 45
1101 39
1102 36
1103 51
1104 42
1105 42
1106 41
1107 17
1108 17
1109 44
1110 38
1111 38
1112 31
1113 54
1114 54
1115 31
1116 40
1117 25
1118 59
1119 59
1120 34
1121 37
1122 37
1123 30
1124 38
1125 38
1126 42
1127 36
1128 47
1129 39
1130 40
1131 35
1132 35
1133 21
1134 40
1135 40
1136 29
1137 29
1138 46
1139 28
1140 31
1141 30
1142 22
1143 45
1144 45
1145 24
1146 36
1147 16
1148 16
1149 27
1150 32
1151 32
1152 49
1153 49
1154 45
1155 22
1156 22
1157 22
1158 30
1159 57
1160 26
1161 26
1162 26
1163 42
1164 43
1165 37
1166 29
1167 30
1168 30
1169 22
1170 22
1171 36
1172 32
1173 28
1174 35
1175 28
1176 56
1177 56
1178 23
1179 23
1180 31
1181 44
1182 32
1183 16
1184 32
1185 32
1186 34
1187 34
1188 34
1189 37
1190 28
1191 28
1192 25
1193 25
1194 31
1195 31
1196 31
1197 16
1198 32
1199 32
1200 31
1201 31
1202 31
1203 32
1204 32
1205 20
1206 27
1207 27
1208 54
1209 29
1210 29
1211 12
1212 29
1213 29
1214 38
1215 38
1216 44
1217 38
1218 51
1219 27
1220 27
1221 45
1222 45
1223 38
1224 38
1225 38
1226 38
1227 59
1228 59
1229 27
1230 27
1231 65
1232 65
1233 65
1234 69
1235 34
1236 32
1237 24
1238 27
1239 27
1240 27
1241 63
1242 34
1243 22
1244 22
1245 22
1246 20
1247 20
1248 23
1249 32
1250 37
1251 42
1252 32
1253 58
1254 58
1255 58
1256 32
1257 32
1258 32
1259 37
1260 37
1261 34
1262 19
1263 74
1264 51
1265 28
1266 28
1267 31
1268 69
1269 41
1270 41
1271 46
1272 27
1273 49
1274 49
1275 46
1276 17
1277 26
1278 44
1279 80
1280 80
1281 26
1282 28
1283 28
1284 45
1285 45
1286 36
1287 36
1288 30
1289 58
1290 23
1291 23
1292 58
1293 58
1294 90
1295 37
1296 27
1297 48
1298 44
1299 17
1300 36
1301 36
1302 24
1303 96
1304 18
1305 18
1306 29
1307 29
1308 36
1309 39
1310 39
1311 57
1312 57
1313 57
1314 36
1315 38
1316 34
1317 34
1318 28
1319 36
1320 36
1321 36
1322 39
1323 71
1324 37
1325 18
1326 18
1327 44
1328 44
1329 34
1330 27
1331 27
1332 42
1333 51
1334 23
1335 29
1336 29
1337 71
1338 71
1339 32
1340 57
1341 25
1342 30
1343 88
1344 29
1345 48
1346 46
1347 13
1348 13
1349 38
1350 38
1351 54
1352 78
1353 25
1354 25
1355 32
1356 32
1357 89
1358 89
1359 89
1360 21
1361 32
1362 44
1363 31
1364 23
1365 52
1366 28
1367 21
1368 21
1369 27
1370 23
1371 38
1372 30
1373 30
1374 56
1375 56
1376 77
1377 24
1378 17
1379 42
1380 20
1381 30
1382 23
1383 35
1384 41
1385 77
1386 30
1387 42
1388 27
1389 33
1390 33
1391 50
1392 50
1393 37
1394 70
1395 52
1396 52
1397 34
1398 30
1399 36
1400 36
1401 47
1402 46
1403 10
1404 27
1405 34
1406 47
1407 26
1408 39
1409 39
1410 15
1411 67
1412 67
1413 22
1414 98
1415 33
1416 33
1417 32
1418 27
1419 27
1420 22
1421 50
1422 30
1423 33
1424 43
1425 32
1426 32
1427 61
1428 52
1429 52
1430 22
1431 22
1432 22
1433 36
1434 36
1435 31
1436 57
1437 57
1438 18
1439 53
1440 42
1441 20
1442 20
1443 37
1444 43
1445 30
1446 30
1447 51
1448 46
1449 46
1450 20
1451 20
1452 39
1453 27
1454 33
1455 34
1456 31
1457 31
1458 42
1459 42
1460 34
1461 34
1462 48
1463 31
1464 31
1465 31
1466 35
1467 75
1468 75
1469 38
1470 44
1471 44
1472 43
1473 43
1474 43
1475 56
1476 32
1477 21
1478 21
1479 36
1480 36
1481 49
1482 22
1483 26
1484 25
1485 37
1486 36
1487 30
1488 30
1489 37
1490 35
1491 35
1492 42
1493 42
1494 57
1495 24
1496 24
1497 20
1498 35
1499 35
1500 79
1501 79
1502 32
1503 27
1504 27
1505 36
1506 36
1507 36
1508 33
1509 44
1510 32
1511 32
1512 25
1513 25
1514 29
1515 38
1516 38
1517 38
1518 30
1519 30
1520 44
1521 47
1522 47
1523 39
1524 39
1525 47
1526 47
1527 22
1528 40
1529 66
1530 66
1531 85
1532 85
1533 69
1534 43
1535 22
1536 19
1537 19
1538 26
1539 26
1540 34
1541 34
1542 27
1543 30
1544 38
1545 26
1546 26
1547 24
1548 37
1549 39
1550 28
1551 28
1552 46
1553 39
1554 47
1555 35
1556 36
1557 27
1558 47
1559 42
1560 31
1561 30
1562 26
1563 26
1564 18
1565 14
1566 34
1567 34
1568 34
1569 24
1570 80
1571 80
1572 36
1573 37
1574 37
1575 43
1576 39
1577 62
1578 60
1579 60
1580 72
1581 30
1582 38
1583 50
1584 22
1585 19
1586 19
1587 23
1588 23
1589 43
1590 43
1591 53
1592 53
1593 26
1594 37
1595 28
1596 41
1597 28
1598 40
1599 30
1600 49
1601 18
1602 39
1603 29
1604 52
1605 47
1606 13
1607 26
1608 35
1609 68
1610 29
1611 24
1612 43
1613 43
1614 22
1615 22
1616 20
1617 20
1618 30
1619 32
1620 32
1621 42
1622 41
1623 47
1624 59
1625 30
1626 30
1627 44
1628 44
1629 51
1630 43
1631 43
1632 32
1633 32
1634 29
1635 29
1636 23
1637 31
1638 25
1639 60
1640 34
1641 28
1642 24
1643 24
1644 38
1645 36
1646 40
1647 36
1648 36
1649 42
1650 49
1651 49
1652 23
1653 38
1654 39
1655 49
1656 49
1657 35
1658 35
1659 24
1660 24
1661 34
1662 56
1663 22
1664 63
1665 33
1666 34
1667 63
1668 23
1669 25
1670 25
1671 27
1672 50
1673 42
1674 29
1675 29
1676 40
1677 40
1678 36
1679 36
1680 32
1681 21
1682 32
1683 71
1684 71
1685 44
1686 44
1687 33
1688 41
1689 53
1690 54
1691 45
1692 22
1693 62
1694 43
1695 58
1696 50
1697 50
1698 42
1699 53
1700 59
1701 44
1702 42
1703 42
1704 63
1705 44
1706 42
1707 42
1708 66
1709 66
1710 36
1711 39
1712 84
1713 31
1714 67
1715 38
1716 23
1717 23
1718 19
1719 43
1720 43
1721 36
1722 26
1723 35
1724 41
1725 49
1726 49
1727 49
1728 49
1729 56
1730 37
1731 35
1732 54
1733 27
1734 21
1735 39
1736 30
1737 43
1738 43
1739 62
1740 43
1741 32
1742 32
1743 42
1744 36
1745 36
1746 39
1747 39
1748 39
1749 53
1750 53
1751 22
1752 22
1753 66
1754 48
1755 19
1756 36
1757 32
1758 26
1759 25
1760 25
1761 36
1762 26
1763 26
1764 28
1765 27
1766 36
1767 23
1768 23
1769 39
1770 39
1771 31
1772 52
1773 52
1774 52
1775 21
1776 21
1777 31
1778 31
1779 44
1780 19
1781 37
1782 45
1783 30
1784 27
1785 27
1786 26
1787 37
1788 30
1789 30
1790 27
1791 27
1792 22
1793 29
1794 29
1795 37
1796 38
1797 28
1798 61
1799 23
1800 48
1801 35
1802 35
1803 32
1804 32
1805 27
1806 84
1807 42
1808 42
1809 49
1810 41
1811 41
1812 53
1813 12
1814 21
1815 21
1816 43
1817 45
1818 30
1819 30
1820 30
1821 30
1822 30
1823 52
1824 52
1825 36
1826 55
1827 32
1828 46
1829 22
1830 21
1831 35
1832 35
1833 26
1834 31
1835 24
1836 42
1837 42
1838 52
1839 25
1840 51
1841 51
1842 20
1843 20
1844 46
1845 46
1846 38
1847 38
1848 29
1849 27
1850 34
1851 34
1852 48
1853 26
1854 33
1855 56
1856 56
1857 26
1858 64
1859 64
1860 41
1861 41
1862 34
1863 46
1864 46
1865 25
1866 25
1867 53
1868 58
1869 58
1870 23
1871 33
1872 33
1873 51
1874 30
1875 25
1876 25
1877 35
1878 35
1879 35
1880 31
1881 32
1882 32
1883 35
1884 35
1885 25
1886 36
1887 26
1888 26
1889 32
1890 24
1891 35
1892 35
1893 21
1894 21
1895 41
1896 42
1897 47
1898 47
1899 47
1900 51
1901 32
1902 32
1903 32
1904 37
1905 37
1906 30
1907 18
1908 24
1909 21
1910 41
1911 48
1912 48
1913 41
1914 26
1915 32
1916 32
1917 47
1918 47
1919 24
1920 24
1921 30
1922 35
1923 35
1924 33
1925 33
1926 29
1927 23
1928 51
1929 51
1930 27
1931 49
1932 55
1933 33
1934 34
1935 44
1936 35
1937 35
1938 35
1939 63
1940 63
1941 28
1942 27
1943 27
1944 33
1945 55
1946 39
1947 28
1948 28
1949 28
1950 33
1951 37
1952 39
1953 39
1954 39
1955 19
1956 17
1957 47
1958 47
1959 70
1960 30
1961 14
1962 23
1963 40
1964 32
1965 32
1966 39
1967 37
1968 37
1969 33
1970 33
1971 25
1972 35
1973 18
1974 38
1975 33
1976 36
1977 60
1978 60
1979 39
1980 26
1981 45
1982 33
1983 33
1984 46
1985 24
1986 27
1987 52
1988 52
1989 22
1990 28
1991 41
1992 23
1993 41
1994 55
1995 44
1996 44
1997 47
1998 34
1999 34
2000 34
2001 34
2002 29
2003 29
2004 31
2005 26
2006 47
2007 47
2008 18
2009 24
2010 37
2011 28
2012 31
2013 37
2014 31
2015 51
2016 51
2017 39
2018 75
2019 75
2020 44
2021 44
2022 49
2023 49
2024 25
2025 21
2026 21
2027 29
2028 29
2029 44
2030 44
2031 43
2032 37
2033 42
2034 31
2035 25
2036 30
2037 35
2038 35
2039 40
2040 40
2041 17
2042 15
2043 15
2044 15
2045 33
2046 33
2047 32
2048 32
2049 31
2050 44
2051 44
2052 22
2053 35
2054 55
2055 59
2056 59
2057 25
2058 44
2059 44
2060 44
2061 28
2062 36
2063 40
2064 40
2065 31
2066 23
2067 23
2068 24
2069 24
2070 30
2071 39
2072 28
2073 44
2074 40
2075 41
2076 49
2077 32
2078 45
2079 56
2080 56
2081 25
2082 33
2083 33
2084 34
2085 34
2086 35
2087 34
2088 29
2089 25
2090 30
2091 31
2092 36
2093 33
2094 33
2095 30
2096 30
2097 43
2098 41
2099 33
2100 45
2101 34
2102 34
2103 34
2104 36
2105 27
2106 33
2107 41
2108 41
2109 32
2110 18
2111 30
2112 30
2113 27
2114 28
2115 36
2116 23
2117 29
2118 29
2119 25
2120 25
2121 38
2122 38
2123 53
2124 26
2125 15
2126 15
2127 55
2128 29
2129 29
2130 29
2131 27
2132 27
2133 27
2134 36
2135 36
2136 46
2137 36
2138 37
2139 43
2140 36
2141 36
2142 35
2143 33
2144 33
2145 37
2146 34
2147 34
2148 29
2149 29
2150 29
2151 49
2152 49
2153 24
2154 24
2155 26
2156 40
2157 56
2158 22
2159 22
2160 22
2161 32
2162 32
2163 26
2164 26
2165 24
2166 24
2167 24
2168 24
2169 33
2170 30
2171 30
2172 41
2173 41
2174 41
2175 32
2176 32
2177 27
2178 15
2179 15
2180 59
2181 59
2182 51
2183 40
2184 40
2185 26
2186 37
2187 57
2188 35
2189 35
2190 35
2191 50
2192 50
2193 39
2194 39
2195 23
2196 26
2197 41
2198 41
2199 47
2200 34
2201 34
2202 38
2203 25
2204 25
2205 30
2206 30
2207 30
2208 38
2209 41
2210 32
2211 35
2212 33
2213 33
2214 43
2215 43
2216 39
2217 37
2218 55
2219 55
2220 42
2221 42
2222 42
2223 30
2224 30
2225 34
2226 40
2227 32
2228 32
2229 27
2230 30
2231 35
2232 32
2233 32
2234 32
2235 38
2236 34
2237 34
2238 51
2239 51
2240 25
2241 36
2242 44
2243 44
2244 42
2245 44
2246 44
2247 36
2248 36
2249 28
2250 41
2251 41
2252 36
2253 36
2254 15
2255 38
2256 38
2257 35
2258 37
2259 37
2260 37
2261 49
2262 49
2263 49
2264 17
2265 17
2266 17
2267 40
2268 40
2269 37
2270 27
2271 27
2272 32
2273 27
2274 22
2275 32
2276 32
2277 18
2278 24
2279 24
2280 94
2281 94
2282 94
2283 47
2284 47
2285 44
2286 44
2287 40
2288 40
2289 23
2290 28
2291 24
2292 24
2293 44
2294 23
2295 18
2296 18
2297 24
2298 30
2299 28
2300 45
2301 25
2302 25
2303 9
2304 33
2305 33
2306 28
2307 36
2308 27
2309 27
2310 21
2311 21
2312 35
2313 44
2314 44
2315 32
2316 32
2317 40
2318 40
2319 29
2320 41
2321 36
2322 36
2323 41
2324 31
2325 31
2326 27
2327 25
2328 25
2329 36
2330 26
2331 26
2332 25
2333 52
2334 32
2335 33
2336 24
2337 42
2338 42
2339 23
2340 23
2341 32
2342 50
2343 39
2344 39
2345 36
2346 23
2347 23
2348 31
2349 37
2350 22
2351 19
2352 35
2353 42
2354 35
2355 43
2356 43
2357 30
2358 12
2359 12
2360 58
2361 28
2362 30
2363 35
2364 27
2365 38
2366 38
2367 30
2368 23
2369 24
2370 24
2371 27
2372 27
2373 21
2374 21
2375 49
2376 49
2377 52
2378 52
2379 30
2380 30
2381 64
2382 64
2383 48
2384 37
2385 27
2386 27
2387 27
2388 26
2389 31
2390 31
2391 45
2392 39
2393 45
2394 41
2395 30
2396 40
2397 36
2398 36
2399 35
2400 35
2401 40
2402 40
2403 40
2404 28
2405 28
2406 24
2407 26
2408 46
2409 21
2410 51
2411 53
2412 37
2413 37
2414 33
2415 33
2416 18
2417 25
2418 40
2419 40
2420 48
2421 35
2422 27
2423 27
2424 23
2425 23
2426 51
2427 28
2428 35
2429 26
2430 30
2431 19
2432 23
2433 36
2434 30
2435 23
2436 18
2437 18
2438 23
2439 30
2440 29
2441 61
2442 61
2443 20
2444 20
2445 36
2446 36
2447 31
2448 31
2449 9
2450 39
2451 24
2452 24
2453 24
2454 22
2455 22
2456 42
2457 20
2458 32
2459 32
2460 39
2461 39
2462 40
2463 58
2464 39
2465 39
2466 29
2467 13
2468 13
2469 31
2470 31
2471 24
2472 36
2473 33
2474 33
2475 27
2476 28
2477 27
2478 27
2479 30
2480 25
2481 26
2482 22
2483 22
2484 18
2485 27
2486 27
2487 27
2488 36
2489 19
2490 33
2491 33
2492 32
2493 22
2494 22
2495 18
2496 49
2497 46
2498 27
2499 27
2500 21
2501 45
2502 45
2503 44
2504 37
2505 26
2506 45
2507 35
2508 41
2509 29
2510 18
2511 50
2512 24
2513 24
2514 32
2515 19
2516 34
2517 51
2518 36
2519 18
2520 36
2521 39
2522 35
2523 40
2524 27
2525 39
2526 21
2527 31
2528 31
2529 34
2530 34
2531 33
2532 35
2533 24
2534 24
2535 34
2536 25
2537 25
2538 28
2539 28
2540 32
2541 48
2542 48
2543 54
2544 54
2545 54
2546 21
2547 41
2548 30
2549 33
2550 21
2551 21
2552 35
2553 24
2554 31
2555 31
2556 31
2557 56
2558 56
2559 21
2560 29
2561 44
2562 44
2563 44
2564 31
2565 35
2566 24
2567 16
2568 23
2569 35
2570 29
2571 52
2572 31
2573 31
2574 60
2575 33
2576 33
2577 31
2578 31
2579 40
2580 31
2581 22
2582 28
2583 21
2584 34
2585 19
2586 20
2587 35
2588 40
2589 24
2590 31
2591 38
2592 38
2593 38
2594 19
2595 19
2596 39
2597 63
2598 27
2599 27
2600 25
2601 19
2602 30
2603 30
2604 47
2605 46
2606 17
2607 27
2608 27
2609 37
2610 37
2611 29
2612 21
2613 28
2614 28
2615 36
2616 37
2617 25
2618 25
2619 33
2620 25
2621 25
2622 26
2623 17
2624 28
2625 28
2626 26
2627 45
2628 45
2629 24
2630 40
2631 62
2632 24
2633 33
2634 9
2635 9
2636 36
2637 35
2638 19
2639 21
2640 20
2641 23
2642 23
2643 41
2644 31
2645 18
2646 26
2647 26
2648 27
2649 27
2650 23
2651 23
2652 28
2653 21
2654 44
2655 21
2656 37
2657 37
2658 37
2659 16
2660 24
2661 32
2662 29
2663 30
2664 41
2665 21
2666 21
2667 32
2668 32
2669 40
2670 40
2671 36
2672 17
2673 17
2674 24
2675 32
2676 32
2677 38
2678 35
2679 28
2680 25
2681 40
2682 33
2683 28
2684 27
2685 19
2686 25
2687 25
2688 37
2689 46
2690 46
2691 26
2692 25
2693 34
2694 25
2695 30
2696 33
2697 32
2698 32
2699 28
2700 46
2701 35
2702 31
2703 31
2704 22
2705 22
2706 26
2707 31
2708 57
2709 39
2710 27
2711 23
2712 33
2713 27
2714 36
2715 25
2716 28
2717 28
2718 33
2719 33
2720 26
2721 24
2722 26
2723 44
2724 67
2725 29
2726 29
2727 32
2728 32
2729 36
2730 36
2731 51
2732 30
2733 30
2734 53
2735 40
2736 34
2737 47
2738 47
2739 47
2740 27
2741 55
2742 30
2743 26
2744 46
2745 23
2746 23
2747 26
2748 26
2749 34
2750 30
2751 37
2752 37
2753 58
2754 47
2755 19
2756 48
2757 48
2758 48
2759 37
2760 33
2761 20
2762 36
2763 36
2764 29
2765 29
2766 24
2767 21
2768 21
2769 30
2770 35
2771 35
2772 43
2773 13
2774 24
2775 27
2776 27
2777 26
2778 26
2779 26
2780 26
2781 17
2782 17
2783 27
2784 27
2785 28
2786 57
2787 57
2788 27
2789 27
2790 28
2791 22
2792 41
2793 36
2794 28
2795 38
2796 38
2797 30
2798 12
2799 35
2800 26
2801 26
2802 36
2803 36
2804 21
2805 21
2806 34
2807 35
2808 42
2809 35
2810 39
2811 39
2812 20
2813 30
2814 35
2815 35
2816 27
2817 51
2818 39
2819 39
2820 30
2821 28
2822 35
2823 35
2824 32
2825 32
2826 27
2827 49
2828 37
2829 37
2830 34
2831 46
2832 46
2833 33
2834 34
2835 28
2836 28
2837 29
2838 29
2839 32
2840 32
2841 33
2842 31
2843 18
2844 18
2845 29
2846 52
2847 52
2848 33
2849 23
2850 23
2851 43
2852 43
2853 35
2854 35
2855 30
2856 39
2857 40
2858 31
2859 29
2860 45
2861 45
2862 45
2863 20
2864 32
2865 24
2866 29
2867 19
2868 19
2869 43
2870 43
2871 13
2872 13
2873 33
2874 33
2875 33
2876 26
2877 24
2878 18
2879 18
2880 51
2881 51
2882 34
2883 21
2884 25
2885 25
2886 25
2887 27
2888 27
2889 23
2890 30
2891 30
2892 40
2893 40
2894 40
2895 32
2896 32
2897 16
2898 41
2899 25
2900 25
2901 32
2902 27
2903 27
2904 26
2905 26
2906 35
2907 35
2908 35
2909 46
2910 34
2911 37
2912 19
2913 19
2914 17
2915 41
2916 28
2917 24
2918 36
2919 37
2920 39
2921 39
2922 39
2923 25
2924 25
2925 47
2926 47
2927 28
2928 26
2929 26
2930 27
2931 32
2932 32
2933 36
2934 13
2935 13
2936 13
2937 23
2938 23
2939 29
2940 29
2941 36
2942 36
2943 32
2944 21
2945 21
2946 26
2947 26
2948 38
2949 25
2950 25
2951 22
2952 22
2953 29
2954 19
2955 19
2956 27
2957 17
2958 31
2959 25
2960 25
2961 25
2962 29
2963 29
2964 39
2965 20
2966 20
2967 27
2968 29
2969 30
2970 30
2971 48
2972 48
2973 30
2974 30
2975 30
2976 23
2977 23
2978 23
2979 29
2980 27
2981 27
2982 30
2983 21
2984 35
2985 35
2986 24
2987 25
2988 22
2989 33
2990 27
2991 32
2992 32
2993 41
2994 27
2995 27
2996 32
2997 32
2998 32
2999 30
3000 30
3001 31
3002 31
3003 65
3004 41
3005 51
3006 51
3007 51
3008 27
3009 29
3010 17
3011 27
3012 26
3013 26
3014 28
3015 28
3016 33
3017 33
3018 21
3019 26
3020 26
3021 46
3022 24
3023 29
3024 20
3025 20
3026 21
3027 55
3028 33
3029 33
3030 37
3031 37
3032 28
3033 31
3034 28
3035 34
3036 34
3037 35
3038 24
3039 24
3040 31
3041 28
3042 27
3043 27
3044 23
3045 28
3046 19
3047 19
3048 23
3049 33
3050 33
3051 31
3052 35
3053 27
3054 27
3055 17
3056 28
3057 16
3058 21
3059 21
3060 35
3061 35
3062 24
3063 48
3064 48
3065 40
3066 40
3067 28
3068 28
3069 30
3070 29
3071 32
3072 19
3073 34
3074 34
3075 32
3076 19
3077 40
3078 40
3079 26
3080 26
3081 22
3082 22
3083 32
3084 22
3085 25
3086 25
3087 45
3088 33
3089 41
3090 20
3091 21
3092 30
3093 30
3094 34
3095 47
3096 37
3097 16
3098 18
3099 28
3100 33
3101 39
3102 34
3103 25
3104 24
3105 21
3106 28
3107 31
3108 30
3109 17
3110 17
3111 29
3112 29
3113 37
3114 22
3115 31
3116 31
3117 27
3118 27
3119 25
3120 33
3121 19
3122 21
3123 21
3124 21
3125 17
3126 19
3127 19
3128 39
3129 39
3130 28
3131 24
3132 24
3133 30
3134 28
3135 34
3136 41
3137 41
3138 40
3139 18
3140 18
3141 27
3142 27
3143 26
3144 41
3145 41
3146 40
3147 41
3148 44
3149 44
3150 28
3151 36
3152 36
3153 29
3154 37
3155 39
3156 60
3157 60
3158 42
3159 30
3160 30
3161 32
3162 32
3163 53
3164 45
3165 23
3166 23
3167 23
3168 35
3169 35
3170 28
3171 28
3172 30
3173 17
3174 17
3175 30
3176 12
3177 12
3178 35
3179 35
3180 25
3181 36
3182 36
3183 27
3184 18
3185 18
3186 30
3187 42
3188 42
3189 28
3190 29
3191 20
3192 20
3193 33
3194 33
3195 55
3196 55
3197 25
3198 24
3199 14
3200 18
3201 18
3202 43
3203 43
3204 28
3205 23
3206 23
3207 44
3208 24
3209 37
3210 35
3211 27
3212 30
3213 30
3214 25
3215 25
3216 19
3217 18
3218 25
3219 25
3220 13
3221 22
3222 22
3223 22
3224 14
3225 28
3226 28
3227 30
3228 29
3229 21
3230 21
3231 47
3232 47
3233 33
3234 33
3235 33
3236 22
3237 59
3238 59
3239 41
3240 41
3241 27
3242 27
3243 37
3244 37
3245 17
3246 30
3247 30
3248 30
3249 23
3250 23
3251 24
3252 16
3253 27
3254 19
3255 40
3256 40
3257 40
3258 28
3259 23
3260 41
3261 50
3262 24
3263 30
3264 22
3265 20
3266 20
3267 20
3268 36
3269 36
3270 33
3271 13
3272 13
3273 20
3274 20
3275 15
3276 31
3277 31
3278 23
3279 23
3280 23
3281 36
3282 21
3283 21
3284 51
3285 9
3286 22
3287 15
3288 15
3289 63
3290 22
3291 16
3292 13
3293 13
3294 24
3295 24
3296 23
3297 30
3298 30
3299 26
3300 26
3301 28
3302 28
3303 25
3304 58
3305 58
3306 21
3307 30
3308 21
3309 21
3310 21
3311 25
3312 38
3313 23
3314 20
3315 33
3316 25
3317 25
3318 16
3319 18
3320 18
3321 25
3322 26
3323 26
3324 32
3325 32
3326 52
3327 37
3328 18
3329 18
3330 41
3331 41
3332 31
3333 28
3334 42
3335 34
3336 34
3337 33
3338 31
3339 36
3340 22
3341 22
3342 22
3343 25
3344 25
3345 30
3346 38
3347 38
3348 40
3349 40
3350 19
3351 19
3352 45
3353 35
3354 29
3355 29
3356 30
3357 30
3358 18
3359 18
3360 22
3361 22
3362 46
3363 40
3364 27
3365 27
3366 32
3367 19
3368 21
3369 26
3370 34
3371 17
3372 17
3373 23
3374 23
3375 23
3376 24
3377 24
3378 34
3379 27
3380 33
3381 23
3382 37
3383 37
3384 21
3385 37
3386 37
3387 33
3388 22
3389 22
3390 13
3391 29
3392 29
3393 28
3394 28
3395 23
3396 34
3397 34
3398 23
3399 21
3400 21
3401 38
3402 37
3403 37
3404 30
3405 35
3406 32
3407 27
3408 27
3409 37
3410 37
3411 56
3412 56
3413 22
3414 22
3415 47
3416 47
3417 30
3418 23
3419 19
3420 32
3421 25
3422 25
3423 31
3424 31
3425 26
3426 30
3427 30
3428 30
3429 27
3430 35
3431 35
3432 29
3433 32
3434 32
3435 59
3436 41
3437 24
3438 24
3439 37
3440 37
3441 37
3442 35
3443 31
3444 34
3445 42
3446 27
3447 36
3448 37
3449 37
3450 37
3451 40
3452 13
3453 29
3454 29
3455 46
3456 46
3457 19
3458 29
3459 33
3460 26
3461 25
3462 25
3463 36
3464 21
3465 34
3466 34
3467 27
3468 27
3469 27
3470 24
3471 24
3472 26
3473 22
3474 28
3475 31
3476 49
3477 49
3478 16
3479 17
3480 26
3481 40
3482 30
3483 39
3484 23
3485 23
3486 28
3487 28
3488 29
3489 29
3490 25
3491 25
3492 26
3493 26
3494 33
3495 33
3496 45
3497 27
3498 27
3499 34
3500 40
3501 40
3502 40
3503 45
3504 28
3505 41
3506 41
3507 30
3508 30
3509 31
3510 32
3511 26
3512 21
3513 24
3514 24
3515 30
3516 42
3517 26
3518 24
3519 31
3520 38
3521 38
3522 38
3523 35
3524 35
3525 49
3526 35
3527 41
3528 41
3529 42
3530 33
3531 33
3532 33
3533 33
3534 20
3535 26
3536 30
3537 34
3538 34
3539 34
3540 34
3541 34
3542 38
3543 38
3544 33
3545 24
3546 24
3547 20
3548 38
3549 39
3550 39
3551 55
3552 27
3553 18
3554 18
3555 16
3556 41
3557 28
3558 22
3559 22
3560 33
3561 23
3562 23
3563 32
3564 22
3565 21
3566 27
3567 27
3568 24
3569 23
3570 50
3571 50
3572 31
3573 30
3574 27
3575 23
3576 23
3577 24
3578 28
3579 20
3580 22
3581 37
3582 37
3583 22
3584 32
3585 32
3586 34
3587 29
3588 24
3589 43
3590 34
3591 34
3592 34
3593 39
3594 39
3595 34
3596 34
3597 32
3598 25
3599 24
3600 28
3601 26
3602 26
3603 27
3604 27
3605 32
3606 17
3607 18
3608 30
3609 20
3610 26
3611 26
3612 26
3613 34
3614 33
3615 26
3616 17
3617 26
3618 30
3619 30
3620 31
3621 31
3622 15
3623 32
3624 30
3625 21
3626 21
3627 30
3628 50
3629 50
3630 22
3631 31
3632 31
3633 10
3634 10
3635 13
3636 32
3637 32
3638 44
3639 44
3640 38
3641 21
3642 21
3643 18
3644 37
3645 51
3646 33
3647 33
3648 28
3649 29
3650 29
3651 21
3652 24
3653 24
3654 21
3655 16
3656 16
3657 33
3658 30
3659 30
3660 29
3661 26
3662 32
3663 33
3664 28
3665 28
3666 16
3667 16
3668 27
3669 34
3670 30
3671 30
3672 31
3673 24
3674 31
3675 54
3676 17
3677 27
3678 27
3679 27
3680 23
3681 23
3682 23
3683 37
3684 28
3685 28
3686 28
3687 28
3688 30
3689 27
3690 27
3691 27
3692 24
3693 24
3694 33
3695 33
3696 23
3697 32
3698 38
3699 27
3700 23
3701 23
3702 22
3703 22
3704 44
3705 40
3706 29
3707 44
3708 38
3709 45
3710 45
3711 39
3712 26
3713 26
3714 37
3715 37
3716 38
3717 38
3718 30
3719 17
3720 33
3721 28
3722 22
3723 32
3724 32
3725 37
3726 25
3727 14
3728 35
3729 35
3730 28
3731 30
3732 21
3733 24
3734 23
3735 23
3736 24
3737 27
3738 27
3739 26
3740 25
3741 30
3742 30
3743 19
3744 25
3745 25
3746 35
3747 17
3748 28
3749 26
3750 30
3751 21
3752 34
3753 34
3754 20
3755 36
3756 36
3757 23
3758 28
3759 56
3760 56
3761 22
3762 40
3763 45
3764 32
3765 56
3766 56
3767 56
3768 60
3769 60
3770 31
3771 31
3772 26
3773 43
3774 43
3775 43
3776 27
3777 27
3778 55
3779 55
3780 28
3781 26
3782 22
3783 30
3784 27
3785 27
3786 29
3787 21
3788 21
3789 29
3790 29
3791 42
3792 42
3793 40
3794 40
3795 22
3796 22
3797 62
3798 31
3799 22
3800 22
3801 26
3802 31
3803 31
3804 31
3805 33
3806 45
3807 16
3808 10
3809 13
3810 29
3811 22
3812 22
3813 42
3814 42
3815 32
3816 32
3817 27
3818 27
3819 27
3820 36
3821 29
3822 35
3823 35
3824 28
3825 30
3826 30
3827 24
3828 24
3829 20
3830 24
3831 18
3832 18
3833 18
3834 11
3835 11
3836 30
3837 25
3838 15
3839 38
3840 21
3841 21
3842 20
3843 32
3844 32
3845 28
3846 28
3847 22
3848 25
3849 18
3850 18
3851 24
3852 28
3853 37
3854 20
3855 20
3856 22
3857 22
3858 21
3859 45
3860 33
3861 33
3862 33
3863 36
3864 14
3865 14
3866 39
3867 39
3868 22
3869 18
3870 18
3871 26
3872 20
3873 20
3874 24
3875 24
3876 23
3877 27
3878 34
3879 28
3880 30
3881 26
3882 31
3883 22
3884 24
3885 22
3886 15
3887 15
3888 18
3889 40
3890 22
3891 22
3892 32
3893 29
3894 31
3895 35
3896 19
3897 16
3898 29
3899 29
3900 24
3901 24
3902 21
3903 21
3904 41
3905 41
3906 36
3907 21
3908 21
3909 29
3910 33
3911 27
3912 27
3913 29
3914 17
3915 17
3916 15
3917 12
3918 12
3919 23
3920 19
3921 24
3922 32
3923 21
3924 31
3925 31
3926 17
3927 24
3928 24
3929 28
3930 27
3931 22
3932 38
3933 28
3934 54
3935 54
3936 54
3937 24
3938 37
3939 62
3940 34
3941 34
3942 33
3943 33
3944 30
3945 39
3946 22
3947 43
3948 43
3949 27
3950 19
3951 40
3952 39
3953 28
3954 28
3955 41
3956 44
3957 23
3958 36
3959 30
3960 35
3961 35
3962 25
3963 25
3964 25
3965 25
3966 48
3967 48
3968 35
3969 22
3970 29
3971 25
3972 44
3973 44
3974 44
3975 31
3976 25
3977 24
3978 24
3979 38
3980 38
3981 33
3982 27
3983 31
3984 35
3985 35
3986 35
3987 22
3988 28
3989 28
3990 28
3991 42
3992 20
3993 21
3994 25
3995 37
3996 29
3997 29
3998 31
3999 31
4000 43
4001 43
4002 43
4003 32
4004 32
4005 32
4006 27
4007 27
4008 39
4009 39
4010 35
4011 35
4012 31
4013 31
4014 30
4015 30
4016 42
4017 36
4018 28
4019 43
4020 31
4021 31
4022 51
4023 29
4024 29
4025 28
4026 27
4027 27
4028 27
4029 36
4030 36
4031 36
4032 26
4033 43
4034 24
4035 24
4036 32
4037 22
4038 40
4039 40
4040 35
4041 35
4042 22
4043 26
4044 26
4045 30
4046 30
4047 26
4048 21
4049 21
4050 51
4051 51
4052 31
4053 31
4054 19
4055 21
4056 38
4057 20
4058 20
4059 30
4060 40
4061 40
4062 32
4063 30
4064 30
4065 41
4066 73
4067 73
4068 43
4069 31
4070 23
4071 23
4072 32
4073 33
4074 27
4075 39
4076 39
4077 35
4078 57
4079 40
4080 40
4081 34
4082 32
4083 24
4084 20
4085 66
4086 34
4087 31
4088 31
4089 32
4090 31
4091 31
4092 12
4093 56
4094 56
4095 24
4096 30
4097 30
4098 33
4099 41
4100 41
4101 31
4102 31
4103 53
4104 53
4105 27
4106 23
4107 23
4108 27
4109 27
4110 30
4111 30
4112 30
4113 30
4114 22
4115 40
4116 40
4117 31
4118 31
4119 36
4120 36
4121 32
4122 32
4123 20
4124 28
4125 24
4126 35
4127 35
4128 37
4129 28
4130 33
4131 48
4132 48
4133 48
4134 34
4135 34
4136 50
4137 50
4138 27
4139 50
4140 50
4141 50
4142 33
4143 42
4144 42
4145 33
4146 31
4147 53
4148 27
4149 35
4150 35
4151 19
4152 38
4153 36
4154 35
4155 35
4156 22
4157 41
4158 43
4159 47
4160 47
4161 21
4162 29
4163 29
4164 29
4165 31
4166 38
4167 38
4168 47
4169 47
4170 24
4171 16
4172 16
4173 29
4174 28
4175 32
4176 17
4177 17
4178 52
4179 43
4180 33
4181 39
4182 41
4183 43
4184 43
4185 35
4186 29
4187 61
4188 0
4189 30
4190 28
4191 33
4192 29
4193 29
4194 33
4195 33
4196 33
4197 36
4198 47
4199 35
4200 34
4201 43
4202 17
4203 36
4204 36
4205 34
4206 18
4207 35
4208 35
4209 25
4210 25
4211 30
4212 53
4213 40
4214 49
4215 31
4216 31
4217 32
4218 32
4219 31
4220 43
4221 22
4222 22
4223 35
4224 35
4225 53
4226 53
4227 51
4228 21
4229 50
4230 50
4231 27
4232 27
4233 28
4234 30
4235 38
4236 38
4237 19
4238 37
4239 37
4240 23
4241 23
4242 28
4243 24
4244 24
4245 46
4246 78
4247 13
4248 27
4249 27
4250 37
4251 37
4252 32
4253 32
4254 25
4255 4
4256 26
4257 26
4258 35
4259 35
4260 33
4261 33
4262 47
4263 24
4264 42
4265 42
4266 31
4267 39
4268 39
4269 39
4270 10
4271 10
4272 44
4273 44
4274 40
4275 40
4276 37
4277 37
4278 23
4279 27
4280 27
4281 30
4282 30
4283 39
4284 43
4285 43
4286 28
4287 32
4288 32
4289 25
4290 21
4291 21
4292 39
4293 39
4294 41
4295 40
4296 44
4297 34
4298 18
4299 18
4300 28
4301 33
4302 32
4303 32
4304 46
4305 60
4306 39
4307 39
4308 52
4309 41
4310 41
4311 29
4312 29
4313 33
4314 33
4315 20
4316 20
4317 34
4318 42
4319 42
4320 43
4321 44
4322 43
4323 24
4324 21
4325 36
4326 37
4327 23
4328 45
4329 45
4330 34
4331 29
4332 29
4333 44
4334 44
4335 44
4336 25
4337 24
4338 29
4339 29
4340 35
4341 35
4342 35
4343 35
4344 36
4345 36
4346 34
4347 32
4348 27
4349 37
4350 37
4351 38
4352 38
4353 32
4354 32
4355 26
4356 37
4357 31
4358 26
4359 26
4360 21
4361 26
4362 31
4363 31
4364 31
4365 22
4366 22
4367 25
4368 25
4369 25
4370 25
4371 75
4372 36
4373 35
4374 35
4375 26
4376 24
4377 24
4378 25
4379 25
4380 19
4381 19
4382 21
4383 38
4384 29
4385 29
4386 34
4387 34
4388 24
4389 24
4390 28
4391 22
4392 28
4393 22
4394 41
4395 41
4396 26
4397 30
4398 27
4399 42
4400 29
4401 26
4402 26
4403 29
4404 27
4405 26
4406 20
4407 21
4408 23
4409 29
4410 29
4411 28
4412 38
4413 30
4414 30
4415 23
4416 32
4417 32
4418 23
4419 12
4420 26
4421 26
4422 30
4423 30
4424 25
4425 33
4426 23
4427 41
4428 22
4429 22
4430 40
4431 40
4432 23
4433 45
4434 20
4435 11
4436 11
4437 40
4438 40
4439 25
4440 25
4441 23
4442 25
4443 25
4444 21
4445 29
4446 35
4447 35
4448 35
4449 35
4450 20
4451 27
4452 31
4453 24
4454 30
4455 32
4456 32
4457 18
4458 36
4459 36
4460 25
4461 25
4462 40
4463 33
4464 23
4465 23
4466 28
4467 21
4468 30
4469 30
4470 55
4471 55
4472 58
4473 40
4474 38
4475 21
4476 21
4477 28
4478 28
4479 29
4480 42
4481 32
4482 28
4483 28
4484 28
4485 26
4486 26
4487 26
4488 32
4489 38
4490 35
4491 35
4492 22
4493 28
4494 35
4495 30
4496 33
4497 25
4498 25
4499 29
4500 17
4501 28
4502 25
4503 25
4504 35
4505 32
4506 31
4507 31
4508 31
4509 32
4510 32
4511 41
4512 15
4513 25
4514 17
4515 21
4516 21
4517 29
4518 21
4519 21
4520 30
4521 14
4522 25
4523 22
4524 22
4525 34
4526 24
4527 24
4528 25
4529 25
4530 23
4531 32
4532 29
4533 29
4534 32
4535 25
4536 26
4537 26
4538 41
4539 27
4540 17
4541 17
4542 31
4543 33
4544 33
4545 23
4546 21
4547 31
4548 42
4549 17
4550 10
4551 10
4552 27
4553 29
4554 1
4555 34
4556 21
4557 22
4558 31
4559 38
4560 33
4561 20
4562 20
4563 29
4564 28
4565 23
4566 14
4567 42
4568 42
4569 37
4570 37
4571 38
4572 23
4573 31
4574 34
4575 20
4576 20
4577 28
4578 24
4579 36
4580 35
4581 27
4582 27
4583 23
4584 29
4585 31
4586 27
4587 27
4588 27
4589 19
4590 19
4591 15
4592 35
4593 34
4594 30
4595 32
4596 14
4597 14
4598 26
4599 31
4600 37
4601 37
4602 33
4603 23
4604 23
4605 31
4606 37
4607 44
4608 31
4609 31
4610 22
4611 22
4612 18
4613 33
4614 20
4615 20
4616 34
4617 23
4618 48
4619 48
4620 30
4621 28
4622 23
4623 20
4624 20
4625 26
4626 20
4627 20
4628 33
4629 33
4630 40
4631 40
4632 27
4633 14
4634 14
4635 14
4636 19
4637 34
4638 21
4639 24
4640 14
4641 34
4642 34
4643 49
4644 19
4645 17
4646 35
4647 33
4648 25
4649 38
4650 12
4651 12
4652 19
4653 19
4654 21
4655 17
4656 31
4657 28
4658 28
4659 25
4660 25
4661 25
4662 38
4663 38
4664 38
4665 38
4666 31
4667 35
4668 28
4669 36
4670 36
4671 36
4672 19
4673 19
4674 18
4675 22
4676 29
4677 29
4678 31
4679 21
4680 21
4681 38
4682 39
4683 24
4684 34
4685 34
4686 19
4687 30
4688 26
4689 41
4690 31
4691 28
4692 27
4693 27
4694 41
4695 41
4696 32
4697 46
4698 17
4699 17
4700 30
4701 30
4702 30
4703 30
4704 21
4705 26
4706 18
4707 18
4708 27
4709 43
4710 23
4711 33
4712 39
4713 39
4714 20
4715 22
4716 22
4717 19
4718 27
4719 20
4720 28
4721 28
4722 38
4723 38
4724 35
4725 44
4726 33
4727 45
4728 45
4729 45
4730 35
4731 33
4732 22
4733 22
4734 39
4735 39
4736 30
4737 30
4738 21
4739 24
4740 31
4741 31
4742 26
4743 22
4744 29
4745 29
4746 35
4747 38
4748 30
4749 21
4750 18
4751 34
4752 34
4753 43
4754 19
4755 28
4756 28
4757 23
4758 23
4759 23
4760 30
4761 24
4762 24
4763 30
4764 25
4765 23
4766 39
4767 24
4768 24
4769 21
4770 54
4771 21
4772 30
4773 35
4774 15
4775 26
4776 31
4777 22
4778 8
4779 17
4780 25
4781 26
4782 29
4783 29
4784 26
4785 26
4786 30
4787 48
4788 14
4789 24
4790 24
4791 34
4792 27
4793 23
4794 26
4795 19
4796 19
4797 15
4798 15
4799 29
4800 40
4801 38
4802 20
4803 29
4804 29
4805 39
4806 39
4807 29
4808 36
4809 36
4810 21
4811 32
4812 22
4813 33
4814 33
4815 39
4816 33
4817 19
4818 10
4819 10
4820 41
4821 23
4822 23
4823 23
4824 23
4825 18
4826 26
4827 26
4828 32
4829 29
4830 13
4831 13
4832 31
4833 28
4834 28
4835 44
4836 25
4837 31
4838 43
4839 29
4840 29
4841 30
4842 31
4843 11
4844 28
4845 28
