0 0
1 -1
2 1
3 1
4 0
5 0
6 0
7 0
8 0
9 0
10 -1
11 -1
12 0
13 0
14 0
15 -1
16 0
17 0
18 0
19 0
20 0
21 -1
22 -1
23 -1
24 0
25 0
26 0
27 0
28 -1
29 0
30 0
31 -1
32 -1
33 -1
34 -1
35 0
36 0
37 -1
38 -1
39 0
40 0
41 0
42 0
43 0
44 0
45 0
46 0
47 0
48 0
49 1
50 1
51 0
52 0
53 0
54 0
55 1
56 1
57 0
58 0
59 1
60 0
61 0
62 0
63 0
64 0
65 0
66 0
67 -1
68 -1
69 0
70 0
71 -1
72 0
73 -1
74 0
75 -1
76 0
77 -1
78 -1
79 -1
80 0
81 0
82 0
83 0
84 -1
85 0
86 0
87 -1
88 -1
89 0
90 0
91 0
92 0
93 -1
94 1
95 -1
96 -1
97 -1
98 0
99 0
100 0
101 0
102 1
103 1
104 0
105 -1
106 -1
107 0
108 0
109 0
110 0
111 0
112 0
113 0
114 0
115 -1
116 -1
117 -1
118 -1
119 -1
120 0
121 0
122 0
123 0
124 0
125 0
126 0
127 0
128 0
129 0
130 0
131 0
132 0
133 1
134 1
135 0
136 0
137 0
138 0
139 0
140 0
141 0
142 0
143 -1
144 -1
145 -1
146 0
147 0
148 0
149 0
150 0
151 0
152 -1
153 0
154 0
155 -1
156 -1
157 -1
158 0
159 0
160 0
161 0
162 0
163 -1
164 -1
165 0
166 0
167 0
168 -1
169 -1
170 0
171 0
172 -1
173 0
174 0
175 -1
176 -1
177 -1
178 0
179 0
180 0
181 0
182 -1
183 0
184 0
185 0
186 0
187 -1
188 0
189 0
190 -1
191 -1
192 -1
193 0
194 -1
195 1
196 0
197 0
198 -1
199 0
200 0
201 0
202 0
203 0
204 0
205 0
206 -1
207 -1
208 -1
209 -1
210 -1
211 -1
212 -1
213 -1
214 -1
215 -1
216 0
217 0
218 0
219 0
220 0
221 0
222 0
223 0
224 0
225 0
226 0
227 0
228 0
229 0
230 0
231 0
232 0
233 0
234 0
235 0
236 0
237 0
238 1
239 0
240 0
241 0
242 0
243 0
244 0
245 0
246 0
247 0
248 -1
249 0
250 0
251 0
252 0
253 0
254 0
255 0
256 1
257 1
258 1
259 1
260 1
261 1
262 0
263 0
264 0
265 0
266 0
267 0
268 0
269 0
270 0
271 0
272 1
273 1
274 1
275 0
276 0
277 0
278 0
279 0
280 0
281 -1
282 0
283 0
284 0
285 -1
286 0
287 -1
288 -1
289 -1
290 -1
291 0
292 0
293 0
294 0
295 0
296 0
297 0
298 0
299 -1
300 0
301 0
302 0
303 0
304 0
305 0
306 0
307 0
308 0
309 0
310 0
311 0
312 0
313 0
314 0
315 0
316 0
317 0
318 0
319 0
320 0
321 0
322 0
323 0
324 0
325 0
326 0
327 0
328 0
329 0
330 0
331 -1
332 0
333 0
334 -1
335 0
336 0
337 0
338 1
339 0
340 0
341 0
342 0
343 0
344 0
345 0
346 0
347 0
348 0
349 -1
350 -1
351 -1
352 -1
353 -1
354 0
355 0
356 0
357 0
358 0
359 0
360 0
361 0
362 0
363 0
364 0
365 0
366 0
367 1
368 1
369 0
370 -1
371 -1
372 -1
373 0
374 0
375 0
376 1
377 -1
378 -1
379 -1
380 0
381 0
382 0
383 -1
384 -1
385 -1
386 -1
387 0
388 0
389 1
390 0
391 0
392 0
393 0
394 0
395 -1
396 -1
397 0
398 0
399 0
400 0
401 0
402 -1
403 0
404 0
405 0
406 0
407 0
408 0
409 0
410 0
411 -1
412 -1
413 -1
414 0
415 0
416 0
417 0
418 0
419 0
420 -1
421 -1
422 0
423 -1
424 -1
425 0
426 1
427 0
428 0
429 0
430 0
431 0
432 0
433 0
434 0
435 0
436 0
437 0
438 0
439 0
440 0
441 0
442 0
443 0
444 -1
445 -1
446 0
447 0
448 0
449 0
450 0
451 0
452 0
453 0
454 0
455 0
456 0
457 0
458 0
459 0
460 0
461 0
462 0
463 0
464 0
465 0
466 0
467 0
468 0
469 0
470 0
471 0
472 0
473 0
474 0
475 0
476 0
477 0
478 1
479 0
480 0
481 0
482 0
483 0
484 -1
485 0
486 0
487 0
488 -1
489 0
490 0
491 0
492 0
493 0
494 1
495 0
496 1
497 1
498 0
499 0
500 0
501 0
502 1
503 0
504 -1
505 0
506 0
507 -1
508 0
509 0
510 1
511 0
512 0
513 0
514 0
515 1
516 1
517 0
518 0
519 0
520 -1
521 -1
522 1
523 0
524 1
525 0
526 0
527 0
528 0
529 0
530 0
531 0
532 1
533 0
534 -1
535 0
536 0
537 0
538 0
539 -1
540 0
541 0
542 0
543 0
544 0
545 0
546 0
547 0
548 0
549 -1
550 -1
551 0
552 0
553 0
554 0
555 0
556 1
557 1
558 0
559 0
560 -1
561 -1
562 -1
563 -1
564 0
565 0
566 0
567 0
568 0
569 -1
570 0
571 0
572 0
573 0
574 0
575 0
576 0
577 -1
578 0
579 0
580 0
581 0
582 0
583 0
584 -1
585 0
586 0
587 0
588 0
589 -1
590 -1
591 -1
592 0
593 0
594 0
595 0
596 0
597 0
598 0
599 0
600 -1
601 -1
602 -1
603 -1
604 0
605 0
606 0
607 0
608 0
609 0
610 0
611 0
612 0
613 0
614 0
615 0
616 0
617 0
618 0
619 0
620 -1
621 -1
622 0
623 0
624 -1
625 0
626 -1
627 0
628 0
629 0
630 0
631 0
632 0
633 0
634 0
635 0
636 0
637 0
638 0
639 0
640 0
641 0
642 0
643 0
644 0
645 0
646 0
647 0
648 0
649 0
650 0
651 0
652 0
653 1
654 0
655 1
656 1
657 0
658 1
659 1
660 1
661 0
662 0
663 0
664 0
665 0
666 0
667 0
668 0
669 0
670 0
671 0
672 0
673 0
674 1
675 0
676 -1
677 -1
678 1
679 1
680 0
681 0
682 0
683 0
684 0
685 -1
686 0
687 0
688 0
689 0
690 0
691 -1
692 -1
693 0
694 0
695 0
696 0
697 1
698 0
699 0
700 0
701 -1
702 0
703 0
704 -1
705 0
706 0
707 0
708 -1
709 -1
710 -1
711 -1
712 0
713 0
714 0
715 0
716 0
717 0
718 0
719 0
720 0
721 0
722 0
723 0
724 -1
725 0
726 0
727 0
728 0
729 0
730 0
731 0
732 0
733 0
734 -1
735 0
736 0
737 0
738 0
739 0
740 -1
741 1
742 1
743 0
744 0
745 0
746 0
747 0
748 -1
749 0
750 0
751 0
752 0
753 0
754 1
755 1
756 0
757 0
758 1
759 1
760 0
761 0
762 0
763 0
764 0
765 0
766 0
767 0
768 1
769 1
770 0
771 0
772 0
773 -1
774 -1
775 0
776 0
777 0
778 0
779 0
780 1
781 0
782 0
783 0
784 1
785 0
786 0
787 0
788 0
789 0
790 0
791 0
792 0
793 0
794 0
795 0
796 0
797 0
798 -1
799 1
800 1
801 1
802 0
803 0
804 0
805 0
806 0
807 0
808 1
809 1
810 0
811 0
812 0
813 0
814 0
815 0
816 -1
817 0
818 0
819 0
820 0
821 0
822 1
823 -1
824 -1
825 -1
826 -1
827 0
828 0
829 -1
830 -1
831 0
832 0
833 0
834 -1
835 0
836 0
837 -1
838 -1
839 0
840 0
841 0
842 0
843 -1
844 -1
845 -1
846 -1
847 -1
848 0
849 0
850 0
851 -1
852 -1
853 -1
854 0
855 0
856 -1
857 0
858 0
859 0
860 0
861 -1
862 0
863 -1
864 -1
865 0
866 0
867 0
868 0
869 0
870 -1
871 0
872 0
873 0
874 0
875 0
876 0
877 0
878 0
879 -1
880 0
881 0
882 -1
883 -1
884 -1
885 0
886 0
887 -1
888 0
889 0
890 0
891 0
892 -1
893 -1
894 0
895 -1
896 -1
897 -1
898 0
899 -1
900 0
901 -1
902 -1
903 -1
904 -1
905 -1
906 -1
907 -1
908 0
909 0
910 0
911 -1
912 0
913 0
914 -1
915 -1
916 -1
917 -1
918 0
919 0
920 0
921 -1
922 0
923 0
924 0
925 0
926 0
927 0
928 -1
929 -1
930 -1
931 -1
932 -1
933 -1
934 0
935 -1
936 -1
937 -1
938 -1
939 -1
940 -1
941 -1
942 -1
943 0
944 -1
945 -1
946 0
947 -1
948 0
949 -1
950 -1
951 0
952 0
953 -1
954 0
955 -1
956 1
957 -1
958 -1
959 -1
960 -1
961 -1
962 -1
963 -1
964 -1
965 0
966 -1
967 -1
968 0
969 -1
970 -1
971 0
972 0
973 0
974 -1
975 0
976 0
977 0
978 -1
979 -1
980 -1
981 -1
982 0
983 -1
984 0
985 0
986 -1
987 -1
988 -1
989 0
990 0
991 0
992 -1
993 -1
994 -1
995 0
996 0
997 0
998 0
999 0
1000 0
1001 -1
1002 0
1003 0
1004 0
1005 1
1006 1
1007 0
1008 0
1009 0
1010 0
1011 0
1012 0
1013 -1
1014 -1
1015 -1
1016 0
1017 0
1018 0
1019 0
1020 0
1021 0
1022 0
1023 0
1024 0
1025 0
1026 0
1027 0
1028 0
1029 0
1030 0
1031 0
1032 0
1033 0
1034 0
1035 0
1036 0
1037 0
1038 0
1039 1
1040 0
1041 0
1042 0
1043 0
1044 -1
1045 -1
1046 0
1047 0
1048 0
1049 0
1050 0
1051 0
1052 0
1053 0
1054 0
1055 0
1056 0
1057 0
1058 0
1059 0
1060 -1
1061 0
1062 0
1063 -1
1064 -1
1065 0
1066 0
1067 0
1068 0
1069 0
1070 -1
1071 -1
1072 0
1073 0
1074 0
1075 0
1076 0
1077 0
1078 0
1079 0
1080 0
1081 0
1082 0
1083 0
1084 -1
1085 -1
1086 0
1087 -1
1088 0
1089 0
1090 -1
1091 -1
1092 -1
1093 -1
1094 0
1095 -1
1096 -1
1097 -1
1098 -1
1099 0
1100 0
1101 -1
1102 0
1103 -1
1104 0
1105 0
1106 0
1107 -1
1108 -1
1109 0
1110 0
1111 0
1112 -1
1113 0
1114 0
1115 0
1116 0
1117 0
1118 0
1119 0
1120 0
1121 -1
1122 -1
1123 0
1124 -1
1125 -1
1126 0
1127 -1
1128 -1
1129 -1
1130 -1
1131 0
1132 0
1133 0
1134 0
1135 0
1136 0
1137 0
1138 0
1139 0
1140 0
1141 0
1142 -1
1143 0
1144 0
1145 0
1146 0
1147 0
1148 0
1149 0
1150 -1
1151 -1
1152 0
1153 0
1154 -1
1155 0
1156 0
1157 0
1158 0
1159 0
1160 -1
1161 -1
1162 -1
1163 -1
1164 0
1165 0
1166 -1
1167 0
1168 -1
1169 -1
1170 -1
1171 0
1172 0
1173 -1
1174 0
1175 -1
1176 0
1177 0
1178 0
1179 0
1180 -1
1181 0
1182 0
1183 0
1184 0
1185 0
1186 0
1187 0
1188 0
1189 0
1190 0
1191 0
1192 0
1193 0
1194 -1
1195 -1
1196 -1
1197 1
1198 0
1199 0
1200 1
1201 1
1202 1
1203 0
1204 0
1205 -1
1206 0
1207 0
1208 0
1209 1
1210 1
1211 0
1212 1
1213 1
1214 0
1215 0
1216 0
1217 0
1218 0
1219 0
1220 0
1221 0
1222 0
1223 0
1224 0
1225 0
1226 0
1227 -1
1228 -1
1229 -1
1230 -1
1231 -1
1232 -1
1233 -1
1234 0
1235 -1
1236 0
1237 -1
1238 -1
1239 -1
1240 -1
1241 0
1242 0
1243 0
1244 0
1245 0
1246 0
1247 0
1248 0
1249 -1
1250 -1
1251 0
1252 0
1253 0
1254 0
1255 0
1256 0
1257 0
1258 0
1259 0
1260 0
1261 0
1262 0
1263 -1
1264 0
1265 0
1266 0
1267 0
1268 -1
1269 0
1270 0
1271 0
1272 0
1273 0
1274 0
1275 0
1276 1
1277 0
1278 0
1279 0
1280 0
1281 0
1282 0
1283 0
1284 -1
1285 -1
1286 -1
1287 -1
1288 0
1289 0
1290 0
1291 0
1292 0
1293 0
1294 -1
1295 0
1296 0
1297 0
1298 -1
1299 1
1300 0
1301 0
1302 0
1303 -1
1304 0
1305 0
1306 0
1307 0
1308 -1
1309 1
1310 1
1311 0
1312 0
1313 -1
1314 -1
1315 0
1316 0
1317 0
1318 0
1319 0
1320 0
1321 0
1322 0
1323 0
1324 0
1325 0
1326 0
1327 0
1328 0
1329 0
1330 0
1331 0
1332 -1
1333 -1
1334 0
1335 -1
1336 -1
1337 0
1338 0
1339 0
1340 0
1341 0
1342 0
1343 -1
1344 0
1345 0
1346 -1
1347 -1
1348 -1
1349 0
1350 0
1351 0
1352 0
1353 0
1354 0
1355 0
1356 0
1357 -1
1358 -1
1359 -1
1360 -1
1361 0
1362 0
1363 0
1364 0
1365 0
1366 0
1367 0
1368 0
1369 0
1370 0
1371 -1
1372 -1
1373 -1
1374 1
1375 1
1376 -1
1377 0
1378 0
1379 0
1380 0
1381 -1
1382 0
1383 -1
1384 0
1385 -1
1386 -1
1387 -1
1388 -1
1389 -1
1390 -1
1391 0
1392 0
1393 -1
1394 -1
1395 0
1396 0
1397 -1
1398 -1
1399 -1
1400 -1
1401 -1
1402 0
1403 0
1404 -1
1405 0
1406 -1
1407 0
1408 -1
1409 -1
1410 0
1411 -1
1412 -1
1413 0
1414 -1
1415 0
1416 0
1417 0
1418 -1
1419 -1
1420 0
1421 -1
1422 0
1423 0
1424 -1
1425 -1
1426 -1
1427 -1
1428 -1
1429 -1
1430 -1
1431 -1
1432 -1
1433 -1
1434 -1
1435 -1
1436 -1
1437 0
1438 1
1439 -1
1440 -1
1441 1
1442 1
1443 0
1444 0
1445 -1
1446 -1
1447 -1
1448 0
1449 0
1450 -1
1451 -1
1452 0
1453 -1
1454 -1
1455 -1
1456 -1
1457 -1
1458 0
1459 0
1460 0
1461 0
1462 1
1463 0
1464 0
1465 0
1466 1
1467 0
1468 0
1469 1
1470 0
1471 1
1472 1
1473 1
1474 1
1475 0
1476 1
1477 1
1478 1
1479 0
1480 -1
1481 0
1482 0
1483 -1
1484 0
1485 0
1486 0
1487 -1
1488 -1
1489 0
1490 0
1491 0
1492 0
1493 0
1494 -1
1495 0
1496 0
1497 -1
1498 0
1499 0
1500 0
1501 0
1502 0
1503 0
1504 0
1505 -1
1506 -1
1507 -1
1508 0
1509 -1
1510 -1
1511 -1
1512 1
1513 1
1514 0
1515 -1
1516 -1
1517 -1
1518 0
1519 0
1520 0
1521 0
1522 0
1523 0
1524 0
1525 0
1526 0
1527 0
1528 0
1529 1
1530 1
1531 1
1532 1
1533 0
1534 0
1535 0
1536 0
1537 0
1538 -1
1539 -1
1540 0
1541 0
1542 0
1543 -1
1544 0
1545 -1
1546 -1
1547 0
1548 -1
1549 0
1550 -1
1551 -1
1552 -1
1553 -1
1554 0
1555 0
1556 0
1557 -1
1558 1
1559 1
1560 -1
1561 -1
1562 0
1563 0
1564 -1
1565 0
1566 0
1567 0
1568 0
1569 0
1570 -1
1571 -1
1572 -1
1573 0
1574 0
1575 0
1576 0
1577 0
1578 0
1579 0
1580 -1
1581 1
1582 0
1583 1
1584 1
1585 0
1586 0
1587 0
1588 1
1589 1
1590 1
1591 0
1592 0
1593 0
1594 1
1595 1
1596 -1
1597 0
1598 0
1599 0
1600 -1
1601 -1
1602 -1
1603 1
1604 -1
1605 0
1606 0
1607 -1
1608 0
1609 0
1610 0
1611 -1
1612 0
1613 0
1614 0
1615 0
1616 0
1617 0
1618 0
1619 0
1620 -1
1621 -1
1622 0
1623 1
1624 0
1625 0
1626 0
1627 0
1628 0
1629 -1
1630 0
1631 0
1632 0
1633 0
1634 0
1635 0
1636 1
1637 0
1638 1
1639 1
1640 0
1641 -1
1642 -1
1643 -1
1644 -1
1645 0
1646 0
1647 0
1648 0
1649 1
1650 0
1651 0
1652 1
1653 -1
1654 1
1655 0
1656 0
1657 1
1658 1
1659 1
1660 1
1661 1
1662 1
1663 0
1664 0
1665 1
1666 0
1667 1
1668 1
1669 0
1670 0
1671 0
1672 0
1673 -1
1674 0
1675 0
1676 1
1677 1
1678 0
1679 0
1680 0
1681 -1
1682 0
1683 0
1684 0
1685 0
1686 0
1687 0
1688 1
1689 0
1690 0
1691 -1
1692 0
1693 0
1694 -1
1695 0
1696 1
1697 1
1698 1
1699 1
1700 1
1701 0
1702 0
1703 0
1704 0
1705 0
1706 1
1707 1
1708 0
1709 0
1710 -1
1711 0
1712 -1
1713 0
1714 0
1715 1
1716 1
1717 1
1718 0
1719 0
1720 0
1721 -1
1722 -1
1723 0
1724 0
1725 0
1726 0
1727 -1
1728 -1
1729 -1
1730 0
1731 0
1732 0
1733 -1
1734 1
1735 0
1736 0
1737 0
1738 0
1739 0
1740 0
1741 0
1742 0
1743 -1
1744 0
1745 0
1746 0
1747 0
1748 0
1749 -1
1750 -1
1751 0
1752 0
1753 -1
1754 0
1755 0
1756 0
1757 0
1758 -1
1759 0
1760 0
1761 0
1762 0
1763 0
1764 0
1765 0
1766 0
1767 0
1768 0
1769 0
1770 0
1771 0
1772 -1
1773 -1
1774 -1
1775 0
1776 0
1777 0
1778 0
1779 0
1780 0
1781 0
1782 -1
1783 0
1784 -1
1785 -1
1786 0
1787 0
1788 -1
1789 -1
1790 1
1791 1
1792 1
1793 0
1794 0
1795 -1
1796 0
1797 -1
1798 0
1799 0
1800 0
1801 -1
1802 -1
1803 0
1804 0
1805 0
1806 -1
1807 1
1808 1
1809 0
1810 1
1811 1
1812 0
1813 0
1814 -1
1815 -1
1816 -1
1817 0
1818 0
1819 0
1820 0
1821 -1
1822 0
1823 -1
1824 -1
1825 0
1826 1
1827 0
1828 -1
1829 0
1830 0
1831 0
1832 0
1833 0
1834 0
1835 0
1836 0
1837 0
1838 -1
1839 0
1840 0
1841 0
1842 0
1843 0
1844 -1
1845 -1
1846 0
1847 0
1848 1
1849 0
1850 0
1851 0
1852 0
1853 1
1854 0
1855 0
1856 0
1857 0
1858 0
1859 0
1860 0
1861 0
1862 -1
1863 0
1864 0
1865 0
1866 0
1867 0
1868 0
1869 0
1870 0
1871 0
1872 0
1873 0
1874 1
1875 0
1876 0
1877 -1
1878 -1
1879 -1
1880 -1
1881 -1
1882 -1
1883 0
1884 0
1885 -1
1886 -1
1887 0
1888 0
1889 -1
1890 0
1891 -1
1892 -1
1893 -1
1894 -1
1895 0
1896 0
1897 -1
1898 -1
1899 -1
1900 0
1901 0
1902 -1
1903 -1
1904 -1
1905 -1
1906 0
1907 -1
1908 0
1909 0
1910 0
1911 -1
1912 -1
1913 0
1914 0
1915 0
1916 0
1917 0
1918 0
1919 0
1920 0
1921 -1
1922 0
1923 0
1924 -1
1925 -1
1926 0
1927 -1
1928 1
1929 1
1930 -1
1931 0
1932 1
1933 -1
1934 -1
1935 0
1936 0
1937 -1
1938 -1
1939 -1
1940 -1
1941 -1
1942 0
1943 0
1944 0
1945 0
1946 0
1947 0
1948 0
1949 0
1950 0
1951 -1
1952 -1
1953 -1
1954 -1
1955 1
1956 0
1957 1
1958 0
1959 0
1960 0
1961 0
1962 0
1963 -1
1964 0
1965 0
1966 -1
1967 -1
1968 -1
1969 0
1970 0
1971 0
1972 0
1973 0
1974 -1
1975 0
1976 0
1977 0
1978 0
1979 0
1980 0
1981 0
1982 0
1983 0
1984 0
1985 0
1986 0
1987 0
1988 0
1989 0
1990 0
1991 -1
1992 0
1993 0
1994 0
1995 0
1996 0
1997 0
1998 0
1999 -1
2000 0
2001 0
2002 -1
2003 -1
2004 0
2005 0
2006 -1
2007 -1
2008 1
2009 0
2010 -1
2011 0
2012 -1
2013 0
2014 0
2015 -1
2016 -1
2017 0
2018 -1
2019 -1
2020 0
2021 0
2022 0
2023 0
2024 0
2025 0
2026 0
2027 -1
2028 -1
2029 0
2030 0
2031 0
2032 -1
2033 0
2034 0
2035 0
2036 0
2037 0
2038 0
2039 0
2040 0
2041 0
2042 0
2043 0
2044 0
2045 0
2046 0
2047 0
2048 0
2049 1
2050 0
2051 0
2052 0
2053 1
2054 0
2055 0
2056 0
2057 -1
2058 -1
2059 -1
2060 -1
2061 0
2062 0
2063 0
2064 0
2065 0
2066 0
2067 0
2068 0
2069 0
2070 -1
2071 0
2072 0
2073 0
2074 0
2075 0
2076 0
2077 1
2078 1
2079 0
2080 0
2081 0
2082 0
2083 0
2084 -1
2085 -1
2086 -1
2087 0
2088 -1
2089 -1
2090 0
2091 0
2092 0
2093 0
2094 0
2095 0
2096 0
2097 -1
2098 0
2099 0
2100 0
2101 -1
2102 -1
2103 -1
2104 1
2105 0
2106 0
2107 -1
2108 -1
2109 0
2110 -1
2111 0
2112 0
2113 0
2114 -1
2115 -1
2116 -1
2117 0
2118 0
2119 0
2120 0
2121 0
2122 0
2123 0
2124 0
2125 0
2126 0
2127 0
2128 0
2129 0
2130 0
2131 -1
2132 -1
2133 -1
2134 0
2135 0
2136 0
2137 0
2138 -1
2139 0
2140 0
2141 0
2142 -1
2143 0
2144 0
2145 0
2146 -1
2147 -1
2148 -1
2149 -1
2150 0
2151 -1
2152 -1
2153 0
2154 0
2155 -1
2156 -1
2157 -1
2158 0
2159 0
2160 0
2161 0
2162 0
2163 0
2164 0
2165 0
2166 0
2167 0
2168 0
2169 -1
2170 -1
2171 -1
2172 0
2173 0
2174 0
2175 -1
2176 -1
2177 -1
2178 0
2179 0
2180 -1
2181 -1
2182 0
2183 -1
2184 -1
2185 0
2186 1
2187 1
2188 0
2189 0
2190 0
2191 0
2192 0
2193 0
2194 0
2195 1
2196 -1
2197 -1
2198 -1
2199 -1
2200 -1
2201 -1
2202 -1
2203 0
2204 0
2205 -1
2206 -1
2207 -1
2208 0
2209 0
2210 -1
2211 -1
2212 0
2213 0
2214 0
2215 0
2216 -1
2217 0
2218 0
2219 0
2220 0
2221 0
2222 0
2223 -1
2224 -1
2225 -1
2226 -1
2227 -1
2228 -1
2229 0
2230 0
2231 0
2232 0
2233 0
2234 0
2235 0
2236 -1
2237 -1
2238 -1
2239 -1
2240 -1
2241 -1
2242 -1
2243 -1
2244 -1
2245 -1
2246 -1
2247 -1
2248 -1
2249 0
2250 -1
2251 -1
2252 -1
2253 -1
2254 -1
2255 -1
2256 -1
2257 -1
2258 -1
2259 -1
2260 -1
2261 -1
2262 -1
2263 -1
2264 -1
2265 -1
2266 -1
2267 -1
2268 -1
2269 -1
2270 -1
2271 -1
2272 -1
2273 -1
2274 -1
2275 -1
2276 -1
2277 -1
2278 -1
2279 -1
2280 -1
2281 -1
2282 -1
2283 -1
2284 -1
2285 -1
2286 -1
2287 0
2288 0
2289 -1
2290 -1
2291 0
2292 0
2293 -1
2294 -1
2295 -1
2296 -1
2297 -1
2298 0
2299 -1
2300 0
2301 0
2302 0
2303 -1
2304 0
2305 0
2306 -1
2307 0
2308 0
2309 0
2310 -1
2311 -1
2312 0
2313 0
2314 0
2315 -1
2316 -1
2317 -1
2318 -1
2319 0
2320 -1
2321 -1
2322 -1
2323 -1
2324 0
2325 0
2326 -1
2327 -1
2328 -1
2329 -1
2330 -1
2331 -1
2332 -1
2333 -1
2334 -1
2335 -1
2336 -1
2337 0
2338 0
2339 -1
2340 -1
2341 -1
2342 -1
2343 -1
2344 -1
2345 0
2346 -1
2347 -1
2348 -1
2349 -1
2350 -1
2351 -1
2352 0
2353 0
2354 0
2355 -1
2356 -1
2357 -1
2358 0
2359 0
2360 -1
2361 -1
2362 -1
2363 -1
2364 -1
2365 0
2366 0
2367 0
2368 -1
2369 0
2370 0
2371 0
2372 0
2373 0
2374 0
2375 0
2376 0
2377 -1
2378 -1
2379 -1
2380 -1
2381 -1
2382 -1
2383 -1
2384 0
2385 0
2386 0
2387 0
2388 -1
2389 0
2390 0
2391 0
2392 0
2393 -1
2394 0
2395 0
2396 -1
2397 0
2398 0
2399 0
2400 0
2401 0
2402 0
2403 0
2404 0
2405 0
2406 0
2407 0
2408 0
2409 -1
2410 0
2411 1
2412 0
2413 0
2414 0
2415 0
2416 0
2417 0
2418 0
2419 0
2420 0
2421 0
2422 0
2423 0
2424 0
2425 0
2426 0
2427 0
2428 0
2429 -1
2430 0
2431 0
2432 -1
2433 -1
2434 -1
2435 -1
2436 -1
2437 -1
2438 -1
2439 -1
2440 -1
2441 -1
2442 -1
2443 -1
2444 -1
2445 0
2446 0
2447 0
2448 0
2449 0
2450 -1
2451 -1
2452 -1
2453 -1
2454 0
2455 0
2456 -1
2457 0
2458 -1
2459 -1
2460 0
2461 0
2462 0
2463 -1
2464 0
2465 0
2466 0
2467 0
2468 0
2469 -1
2470 -1
2471 -1
2472 -1
2473 -1
2474 -1
2475 -1
2476 -1
2477 -1
2478 -1
2479 -1
2480 -1
2481 -1
2482 -1
2483 -1
2484 -1
2485 -1
2486 -1
2487 -1
2488 -1
2489 0
2490 -1
2491 -1
2492 -1
2493 -1
2494 -1
2495 0
2496 -1
2497 -1
2498 -1
2499 -1
2500 -1
2501 -1
2502 -1
2503 -1
2504 -1
2505 -1
2506 -1
2507 0
2508 0
2509 -1
2510 0
2511 -1
2512 0
2513 0
2514 0
2515 -1
2516 -1
2517 -1
2518 0
2519 -1
2520 -1
2521 0
2522 -1
2523 0
2524 -1
2525 0
2526 -1
2527 0
2528 0
2529 -1
2530 -1
2531 -1
2532 -1
2533 -1
2534 -1
2535 -1
2536 -1
2537 -1
2538 0
2539 0
2540 -1
2541 -1
2542 -1
2543 -1
2544 -1
2545 -1
2546 0
2547 -1
2548 -1
2549 0
2550 0
2551 0
2552 0
2553 -1
2554 -1
2555 0
2556 0
2557 -1
2558 -1
2559 -1
2560 0
2561 -1
2562 -1
2563 -1
2564 -1
2565 -1
2566 -1
2567 -1
2568 0
2569 -1
2570 -1
2571 -1
2572 1
2573 1
2574 0
2575 1
2576 1
2577 -1
2578 -1
2579 0
2580 0
2581 -1
2582 -1
2583 -1
2584 -1
2585 -1
2586 0
2587 -1
2588 0
2589 -1
2590 -1
2591 -1
2592 -1
2593 -1
2594 -1
2595 -1
2596 -1
2597 -1
2598 -1
2599 -1
2600 -1
2601 -1
2602 -1
2603 -1
2604 -1
2605 -1
2606 -1
2607 -1
2608 -1
2609 -1
2610 -1
2611 -1
2612 -1
2613 -1
2614 -1
2615 -1
2616 -1
2617 -1
2618 -1
2619 -1
2620 -1
2621 -1
2622 -1
2623 -1
2624 -1
2625 -1
2626 -1
2627 -1
2628 -1
2629 -1
2630 -1
2631 -1
2632 -1
2633 -1
2634 -1
2635 -1
2636 -1
2637 -1
2638 -1
2639 -1
2640 -1
2641 -1
2642 -1
2643 -1
2644 -1
2645 -1
2646 -1
2647 -1
2648 -1
2649 -1
2650 -1
2651 -1
2652 -1
2653 -1
2654 -1
2655 -1
2656 0
2657 0
2658 0
2659 -1
2660 -1
2661 -1
2662 -1
2663 -1
2664 -1
2665 -1
2666 -1
2667 -1
2668 -1
2669 0
2670 0
2671 0
2672 0
2673 0
2674 -1
2675 0
2676 0
2677 -1
2678 -1
2679 -1
2680 -1
2681 -1
2682 -1
2683 -1
2684 0
2685 -1
2686 -1
2687 -1
2688 -1
2689 -1
2690 -1
2691 -1
2692 -1
2693 -1
2694 0
2695 0
2696 0
2697 -1
2698 -1
2699 0
2700 -1
2701 -1
2702 -1
2703 -1
2704 -1
2705 -1
2706 -1
2707 -1
2708 0
2709 0
2710 0
2711 -1
2712 -1
2713 -1
2714 -1
2715 -1
2716 -1
2717 -1
2718 0
2719 0
2720 -1
2721 0
2722 -1
2723 0
2724 -1
2725 -1
2726 -1
2727 -1
2728 -1
2729 0
2730 0
2731 -1
2732 -1
2733 -1
2734 0
2735 -1
2736 -1
2737 -1
2738 -1
2739 -1
2740 0
2741 -1
2742 0
2743 -1
2744 0
2745 0
2746 0
2747 -1
2748 -1
2749 0
2750 -1
2751 -1
2752 -1
2753 -1
2754 0
2755 -1
2756 -1
2757 -1
2758 -1
2759 -1
2760 -1
2761 -1
2762 -1
2763 -1
2764 0
2765 0
2766 0
2767 -1
2768 -1
2769 0
2770 -1
2771 -1
2772 -1
2773 -1
2774 -1
2775 -1
2776 -1
2777 -1
2778 -1
2779 -1
2780 -1
2781 0
2782 0
2783 0
2784 0
2785 -1
2786 -1
2787 -1
2788 -1
2789 -1
2790 -1
2791 -1
2792 -1
2793 -1
2794 -1
2795 -1
2796 -1
2797 -1
2798 -1
2799 0
2800 -1
2801 -1
2802 -1
2803 -1
2804 0
2805 0
2806 0
2807 -1
2808 0
2809 -1
2810 -1
2811 -1
2812 -1
2813 0
2814 -1
2815 -1
2816 -1
2817 -1
2818 -1
2819 -1
2820 -1
2821 -1
2822 -1
2823 -1
2824 -1
2825 -1
2826 -1
2827 -1
2828 -1
2829 -1
2830 -1
2831 -1
2832 -1
2833 -1
2834 -1
2835 -1
2836 -1
2837 0
2838 0
2839 -1
2840 -1
2841 0
2842 0
2843 0
2844 0
2845 0
2846 -1
2847 -1
2848 -1
2849 -1
2850 -1
2851 -1
2852 -1
2853 -1
2854 -1
2855 -1
2856 -1
2857 -1
2858 -1
2859 -1
2860 0
2861 0
2862 0
2863 0
2864 0
2865 0
2866 0
2867 -1
2868 -1
2869 0
2870 0
2871 0
2872 0
2873 0
2874 0
2875 0
2876 0
2877 0
2878 -1
2879 -1
2880 0
2881 0
2882 0
2883 -1
2884 0
2885 0
2886 0
2887 0
2888 0
2889 -1
2890 -1
2891 -1
2892 -1
2893 -1
2894 -1
2895 0
2896 0
2897 -1
2898 -1
2899 -1
2900 -1
2901 -1
2902 0
2903 0
2904 -1
2905 -1
2906 -1
2907 -1
2908 -1
2909 -1
2910 -1
2911 -1
2912 -1
2913 -1
2914 0
2915 -1
2916 -1
2917 -1
2918 -1
2919 -1
2920 0
2921 0
2922 0
2923 -1
2924 -1
2925 -1
2926 -1
2927 -1
2928 -1
2929 -1
2930 -1
2931 -1
2932 -1
2933 -1
2934 -1
2935 -1
2936 -1
2937 0
2938 0
2939 -1
2940 -1
2941 -1
2942 -1
2943 -1
2944 -1
2945 -1
2946 0
2947 0
2948 0
2949 -1
2950 -1
2951 -1
2952 -1
2953 -1
2954 -1
2955 -1
2956 -1
2957 -1
2958 0
2959 0
2960 0
2961 0
2962 0
2963 0
2964 0
2965 0
2966 0
2967 -1
2968 0
2969 -1
2970 -1
2971 0
2972 0
2973 0
2974 0
2975 -1
2976 0
2977 0
2978 0
2979 0
2980 -1
2981 -1
2982 -1
2983 0
2984 -1
2985 -1
2986 -1
2987 -1
2988 -1
2989 1
2990 -1
2991 -1
2992 -1
2993 -1
2994 -1
2995 -1
2996 -1
2997 -1
2998 -1
2999 0
3000 0
3001 -1
3002 -1
3003 -1
3004 -1
3005 0
3006 0
3007 0
3008 -1
3009 -1
3010 -1
3011 -1
3012 -1
3013 -1
3014 -1
3015 -1
3016 -1
3017 -1
3018 -1
3019 -1
3020 -1
3021 -1
3022 -1
3023 -1
3024 -1
3025 -1
3026 -1
3027 -1
3028 -1
3029 -1
3030 -1
3031 -1
3032 -1
3033 -1
3034 -1
3035 -1
3036 -1
3037 -1
3038 -1
3039 -1
3040 0
3041 -1
3042 -1
3043 -1
3044 -1
3045 -1
3046 -1
3047 -1
3048 -1
3049 -1
3050 -1
3051 -1
3052 -1
3053 -1
3054 -1
3055 -1
3056 0
3057 -1
3058 -1
3059 -1
3060 -1
3061 -1
3062 -1
3063 -1
3064 -1
3065 -1
3066 -1
3067 -1
3068 -1
3069 -1
3070 -1
3071 -1
3072 -1
3073 -1
3074 -1
3075 0
3076 -1
3077 -1
3078 -1
3079 -1
3080 -1
3081 -1
3082 -1
3083 -1
3084 -1
3085 -1
3086 -1
3087 -1
3088 -1
3089 -1
3090 -1
3091 -1
3092 -1
3093 -1
3094 0
3095 -1
3096 0
3097 -1
3098 -1
3099 -1
3100 -1
3101 0
3102 -1
3103 -1
3104 -1
3105 -1
3106 -1
3107 0
3108 -1
3109 -1
3110 -1
3111 -1
3112 -1
3113 -1
3114 -1
3115 -1
3116 -1
3117 -1
3118 -1
3119 -1
3120 -1
3121 -1
3122 0
3123 0
3124 0
3125 0
3126 -1
3127 -1
3128 -1
3129 -1
3130 -1
3131 -1
3132 -1
3133 -1
3134 -1
3135 -1
3136 -1
3137 -1
3138 0
3139 -1
3140 -1
3141 -1
3142 -1
3143 -1
3144 -1
3145 -1
3146 0
3147 0
3148 -1
3149 -1
3150 -1
3151 -1
3152 -1
3153 -1
3154 0
3155 0
3156 0
3157 0
3158 1
3159 -1
3160 -1
3161 -1
3162 -1
3163 -1
3164 0
3165 0
3166 0
3167 0
3168 0
3169 0
3170 -1
3171 -1
3172 -1
3173 0
3174 0
3175 0
3176 -1
3177 -1
3178 0
3179 0
3180 -1
3181 0
3182 0
3183 -1
3184 -1
3185 -1
3186 0
3187 0
3188 0
3189 0
3190 -1
3191 -1
3192 -1
3193 -1
3194 -1
3195 -1
3196 -1
3197 -1
3198 -1
3199 0
3200 -1
3201 -1
3202 -1
3203 -1
3204 0
3205 0
3206 0
3207 -1
3208 -1
3209 -1
3210 -1
3211 -1
3212 -1
3213 -1
3214 -1
3215 -1
3216 -1
3217 -1
3218 -1
3219 -1
3220 -1
3221 -1
3222 -1
3223 -1
3224 -1
3225 0
3226 0
3227 -1
3228 -1
3229 -1
3230 -1
3231 -1
3232 -1
3233 0
3234 0
3235 0
3236 -1
3237 -1
3238 -1
3239 0
3240 0
3241 -1
3242 -1
3243 0
3244 0
3245 -1
3246 0
3247 0
3248 0
3249 -1
3250 -1
3251 -1
3252 0
3253 0
3254 -1
3255 -1
3256 -1
3257 -1
3258 -1
3259 -1
3260 0
3261 -1
3262 0
3263 -1
3264 0
3265 -1
3266 -1
3267 -1
3268 0
3269 0
3270 -1
3271 -1
3272 -1
3273 0
3274 0
3275 -1
3276 -1
3277 -1
3278 0
3279 0
3280 0
3281 0
3282 -1
3283 -1
3284 -1
3285 -1
3286 -1
3287 -1
3288 -1
3289 0
3290 -1
3291 0
3292 -1
3293 -1
3294 -1
3295 -1
3296 -1
3297 -1
3298 -1
3299 -1
3300 -1
3301 -1
3302 -1
3303 0
3304 0
3305 0
3306 -1
3307 -1
3308 -1
3309 -1
3310 0
3311 -1
3312 -1
3313 -1
3314 -1
3315 -1
3316 -1
3317 -1
3318 0
3319 -1
3320 -1
3321 -1
3322 -1
3323 -1
3324 -1
3325 -1
3326 -1
3327 -1
3328 -1
3329 -1
3330 -1
3331 -1
3332 -1
3333 -1
3334 -1
3335 -1
3336 -1
3337 -1
3338 -1
3339 -1
3340 -1
3341 -1
3342 -1
3343 -1
3344 -1
3345 -1
3346 -1
3347 -1
3348 -1
3349 -1
3350 -1
3351 -1
3352 -1
3353 -1
3354 -1
3355 -1
3356 0
3357 0
3358 -1
3359 -1
3360 -1
3361 -1
3362 -1
3363 -1
3364 0
3365 0
3366 0
3367 -1
3368 -1
3369 0
3370 -1
3371 -1
3372 -1
3373 -1
3374 0
3375 0
3376 -1
3377 -1
3378 -1
3379 -1
3380 0
3381 0
3382 0
3383 0
3384 -1
3385 0
3386 0
3387 0
3388 0
3389 0
3390 0
3391 -1
3392 -1
3393 0
3394 0
3395 -1
3396 -1
3397 -1
3398 0
3399 0
3400 0
3401 0
3402 -1
3403 -1
3404 0
3405 0
3406 0
3407 -1
3408 -1
3409 -1
3410 -1
3411 0
3412 0
3413 -1
3414 -1
3415 -1
3416 -1
3417 -1
3418 -1
3419 0
3420 -1
3421 -1
3422 -1
3423 -1
3424 -1
3425 -1
3426 0
3427 0
3428 0
3429 -1
3430 -1
3431 -1
3432 -1
3433 -1
3434 -1
3435 -1
3436 -1
3437 -1
3438 -1
3439 -1
3440 -1
3441 -1
3442 -1
3443 -1
3444 -1
3445 -1
3446 -1
3447 -1
3448 -1
3449 -1
3450 -1
3451 -1
3452 0
3453 -1
3454 -1
3455 0
3456 0
3457 0
3458 0
3459 -1
3460 -1
3461 -1
3462 -1
3463 0
3464 0
3465 -1
3466 -1
3467 0
3468 0
3469 0
3470 0
3471 0
3472 0
3473 -1
3474 -1
3475 -1
3476 0
3477 0
3478 0
3479 0
3480 0
3481 -1
3482 -1
3483 0
3484 -1
3485 -1
3486 -1
3487 -1
3488 0
3489 0
3490 0
3491 0
3492 -1
3493 -1
3494 -1
3495 -1
3496 0
3497 0
3498 0
3499 -1
3500 -1
3501 -1
3502 -1
3503 0
3504 -1
3505 -1
3506 -1
3507 0
3508 0
3509 -1
3510 0
3511 -1
3512 -1
3513 -1
3514 -1
3515 -1
3516 0
3517 -1
3518 -1
3519 -1
3520 -1
3521 -1
3522 -1
3523 -1
3524 -1
3525 0
3526 -1
3527 0
3528 0
3529 0
3530 -1
3531 -1
3532 -1
3533 -1
3534 0
3535 -1
3536 -1
3537 0
3538 0
3539 -1
3540 0
3541 0
3542 0
3543 0
3544 0
3545 -1
3546 -1
3547 -1
3548 -1
3549 0
3550 0
3551 0
3552 -1
3553 -1
3554 -1
3555 -1
3556 -1
3557 -1
3558 -1
3559 -1
3560 -1
3561 -1
3562 -1
3563 -1
3564 -1
3565 -1
3566 -1
3567 -1
3568 -1
3569 0
3570 -1
3571 -1
3572 -1
3573 -1
3574 -1
3575 -1
3576 -1
3577 -1
3578 -1
3579 -1
3580 -1
3581 -1
3582 -1
3583 -1
3584 -1
3585 -1
3586 -1
3587 0
3588 -1
3589 -1
3590 -1
3591 -1
3592 -1
3593 0
3594 0
3595 0
3596 0
3597 0
3598 0
3599 -1
3600 -1
3601 -1
3602 -1
3603 -1
3604 -1
3605 -1
3606 -1
3607 -1
3608 -1
3609 -1
3610 -1
3611 -1
3612 -1
3613 -1
3614 -1
3615 0
3616 -1
3617 -1
3618 -1
3619 -1
3620 -1
3621 -1
3622 -1
3623 -1
3624 -1
3625 -1
3626 -1
3627 0
3628 -1
3629 -1
3630 -1
3631 -1
3632 -1
3633 -1
3634 -1
3635 -1
3636 -1
3637 -1
3638 -1
3639 -1
3640 0
3641 0
3642 0
3643 0
3644 0
3645 0
3646 0
3647 0
3648 0
3649 0
3650 0
3651 0
3652 -1
3653 -1
3654 -1
3655 0
3656 0
3657 0
3658 0
3659 0
3660 0
3661 -1
3662 -1
3663 0
3664 -1
3665 -1
3666 0
3667 0
3668 0
3669 0
3670 -1
3671 -1
3672 -1
3673 -1
3674 -1
3675 -1
3676 -1
3677 -1
3678 0
3679 0
3680 -1
3681 -1
3682 -1
3683 0
3684 -1
3685 -1
3686 0
3687 0
3688 -1
3689 -1
3690 -1
3691 -1
3692 -1
3693 -1
3694 -1
3695 -1
3696 -1
3697 -1
3698 -1
3699 -1
3700 -1
3701 -1
3702 -1
3703 -1
3704 -1
3705 0
3706 -1
3707 -1
3708 0
3709 0
3710 0
3711 -1
3712 0
3713 0
3714 1
3715 1
3716 1
3717 1
3718 -1
3719 -1
3720 -1
3721 -1
3722 -1
3723 0
3724 0
3725 0
3726 -1
3727 -1
3728 0
3729 -1
3730 0
3731 -1
3732 -1
3733 -1
3734 0
3735 0
3736 0
3737 -1
3738 -1
3739 0
3740 -1
3741 -1
3742 -1
3743 -1
3744 -1
3745 -1
3746 -1
3747 0
3748 0
3749 0
3750 0
3751 -1
3752 -1
3753 -1
3754 0
3755 -1
3756 -1
3757 -1
3758 0
3759 0
3760 0
3761 0
3762 -1
3763 -1
3764 -1
3765 -1
3766 -1
3767 -1
3768 0
3769 0
3770 -1
3771 -1
3772 -1
3773 0
3774 0
3775 0
3776 -1
3777 -1
3778 -1
3779 -1
3780 0
3781 -1
3782 -1
3783 -1
3784 -1
3785 -1
3786 0
3787 -1
3788 -1
3789 -1
3790 -1
3791 0
3792 0
3793 0
3794 0
3795 -1
3796 -1
3797 0
3798 -1
3799 0
3800 0
3801 -1
3802 -1
3803 -1
3804 -1
3805 0
3806 0
3807 0
3808 -1
3809 -1
3810 0
3811 -1
3812 -1
3813 -1
3814 -1
3815 -1
3816 -1
3817 0
3818 -1
3819 -1
3820 -1
3821 0
3822 -1
3823 -1
3824 0
3825 -1
3826 -1
3827 -1
3828 -1
3829 0
3830 0
3831 -1
3832 -1
3833 -1
3834 -1
3835 -1
3836 -1
3837 -1
3838 -1
3839 -1
3840 -1
3841 -1
3842 -1
3843 -1
3844 -1
3845 0
3846 0
3847 -1
3848 -1
3849 -1
3850 -1
3851 -1
3852 -1
3853 -1
3854 -1
3855 -1
3856 -1
3857 -1
3858 -1
3859 -1
3860 -1
3861 -1
3862 -1
3863 -1
3864 -1
3865 -1
3866 -1
3867 -1
3868 -1
3869 -1
3870 -1
3871 -1
3872 -1
3873 -1
3874 0
3875 0
3876 -1
3877 -1
3878 -1
3879 -1
3880 -1
3881 -1
3882 -1
3883 -1
3884 -1
3885 -1
3886 -1
3887 -1
3888 -1
3889 -1
3890 -1
3891 -1
3892 -1
3893 0
3894 0
3895 -1
3896 -1
3897 -1
3898 -1
3899 -1
3900 0
3901 0
3902 -1
3903 -1
3904 -1
3905 -1
3906 0
3907 -1
3908 0
3909 -1
3910 -1
3911 -1
3912 -1
3913 -1
3914 -1
3915 -1
3916 0
3917 -1
3918 -1
3919 -1
3920 -1
3921 -1
3922 0
3923 0
3924 -1
3925 -1
3926 0
3927 -1
3928 -1
3929 -1
3930 -1
3931 -1
3932 0
3933 1
3934 0
3935 0
3936 0
3937 0
3938 1
3939 0
3940 0
3941 0
3942 0
3943 0
3944 0
3945 -1
3946 0
3947 0
3948 0
3949 0
3950 -1
3951 -1
3952 0
3953 0
3954 0
3955 -1
3956 0
3957 -1
3958 0
3959 0
3960 -1
3961 -1
3962 0
3963 0
3964 0
3965 0
3966 0
3967 0
3968 0
3969 0
3970 0
3971 0
3972 -1
3973 -1
3974 -1
3975 -1
3976 -1
3977 -1
3978 -1
3979 -1
3980 -1
3981 0
3982 -1
3983 -1
3984 -1
3985 -1
3986 -1
3987 0
3988 -1
3989 -1
3990 -1
3991 -1
3992 -1
3993 0
3994 0
3995 0
3996 0
3997 0
3998 0
3999 0
4000 -1
4001 -1
4002 -1
4003 0
4004 0
4005 0
4006 0
4007 0
4008 0
4009 0
4010 0
4011 0
4012 0
4013 0
4014 0
4015 0
4016 0
4017 -1
4018 -1
4019 -1
4020 -1
4021 -1
4022 -1
4023 -1
4024 -1
4025 -1
4026 -1
4027 -1
4028 -1
4029 -1
4030 -1
4031 -1
4032 -1
4033 0
4034 0
4035 0
4036 -1
4037 -1
4038 -1
4039 -1
4040 -1
4041 -1
4042 -1
4043 -1
4044 -1
4045 -1
4046 -1
4047 -1
4048 -1
4049 -1
4050 -1
4051 -1
4052 -1
4053 -1
4054 -1
4055 -1
4056 0
4057 -1
4058 -1
4059 -1
4060 0
4061 0
4062 -1
4063 0
4064 0
4065 0
4066 0
4067 0
4068 0
4069 0
4070 -1
4071 -1
4072 -1
4073 -1
4074 -1
4075 -1
4076 -1
4077 -1
4078 0
4079 -1
4080 -1
4081 0
4082 0
4083 -1
4084 -1
4085 0
4086 0
4087 -1
4088 -1
4089 0
4090 -1
4091 -1
4092 0
4093 0
4094 0
4095 -1
4096 -1
4097 -1
4098 0
4099 -1
4100 -1
4101 -1
4102 -1
4103 0
4104 0
4105 0
4106 0
4107 0
4108 -1
4109 -1
4110 -1
4111 -1
4112 0
4113 0
4114 -1
4115 -1
4116 -1
4117 -1
4118 -1
4119 -1
4120 -1
4121 -1
4122 -1
4123 0
4124 -1
4125 -1
4126 -1
4127 -1
4128 0
4129 -1
4130 -1
4131 0
4132 0
4133 0
4134 0
4135 0
4136 -1
4137 -1
4138 -1
4139 0
4140 0
4141 0
4142 0
4143 -1
4144 -1
4145 0
4146 0
4147 -1
4148 -1
4149 -1
4150 -1
4151 0
4152 -1
4153 -1
4154 -1
4155 -1
4156 -1
4157 -1
4158 -1
4159 -1
4160 -1
4161 -1
4162 -1
4163 -1
4164 0
4165 -1
4166 0
4167 0
4168 0
4169 0
4170 -1
4171 -1
4172 -1
4173 0
4174 0
4175 0
4176 0
4177 -1
4178 -1
4179 0
4180 0
4181 0
4182 -1
4183 0
4184 0
4185 0
4186 0
4187 0
4188 0
4189 0
4190 -1
4191 -1
4192 0
4193 0
4194 0
4195 0
4196 0
4197 0
4198 0
4199 0
4200 0
4201 0
4202 0
4203 1
4204 1
4205 0
4206 0
4207 0
4208 0
4209 0
4210 0
4211 0
4212 0
4213 0
4214 0
4215 0
4216 0
4217 0
4218 0
4219 0
4220 -1
4221 0
4222 0
4223 -1
4224 -1
4225 0
4226 0
4227 0
4228 0
4229 0
4230 0
4231 0
4232 0
4233 0
4234 0
4235 0
4236 0
4237 0
4238 0
4239 0
4240 0
4241 0
4242 0
4243 0
4244 0
4245 0
4246 0
4247 -1
4248 -1
4249 -1
4250 -1
4251 -1
4252 0
4253 0
4254 0
4255 -1
4256 -1
4257 -1
4258 -1
4259 -1
4260 0
4261 0
4262 1
4263 0
4264 0
4265 0
4266 0
4267 0
4268 0
4269 0
4270 0
4271 0
4272 0
4273 0
4274 0
4275 0
4276 0
4277 0
4278 0
4279 0
4280 0
4281 0
4282 0
4283 0
4284 -1
4285 -1
4286 -1
4287 -1
4288 0
4289 0
4290 0
4291 0
4292 0
4293 0
4294 -1
4295 0
4296 0
4297 0
4298 -1
4299 -1
4300 0
4301 0
4302 0
4303 0
4304 0
4305 0
4306 0
4307 0
4308 -1
4309 -1
4310 -1
4311 -1
4312 -1
4313 0
4314 0
4315 -1
4316 -1
4317 -1
4318 -1
4319 -1
4320 -1
4321 -1
4322 -1
4323 0
4324 0
4325 -1
4326 -1
4327 -1
4328 0
4329 0
4330 -1
4331 -1
4332 -1
4333 -1
4334 -1
4335 -1
4336 -1
4337 0
4338 -1
4339 -1
4340 -1
4341 -1
4342 -1
4343 -1
4344 0
4345 0
4346 0
4347 -1
4348 -1
4349 -1
4350 -1
4351 -1
4352 -1
4353 -1
4354 -1
4355 0
4356 0
4357 -1
4358 0
4359 0
4360 0
4361 0
4362 0
4363 0
4364 0
4365 -1
4366 -1
4367 -1
4368 -1
4369 -1
4370 -1
4371 0
4372 0
4373 0
4374 0
4375 -1
4376 -1
4377 -1
4378 0
4379 0
4380 -1
4381 -1
4382 -1
4383 -1
4384 -1
4385 -1
4386 0
4387 0
4388 -1
4389 -1
4390 -1
4391 -1
4392 -1
4393 0
4394 -1
4395 -1
4396 0
4397 -1
4398 -1
4399 0
4400 -1
4401 -1
4402 -1
4403 0
4404 -1
4405 0
4406 0
4407 -1
4408 0
4409 0
4410 0
4411 -1
4412 -1
4413 -1
4414 -1
4415 0
4416 -1
4417 -1
4418 0
4419 -1
4420 -1
4421 -1
4422 -1
4423 -1
4424 -1
4425 0
4426 0
4427 0
4428 0
4429 0
4430 -1
4431 -1
4432 0
4433 -1
4434 -1
4435 0
4436 0
4437 0
4438 0
4439 -1
4440 -1
4441 -1
4442 0
4443 0
4444 -1
4445 -1
4446 -1
4447 -1
4448 -1
4449 -1
4450 -1
4451 -1
4452 -1
4453 -1
4454 -1
4455 -1
4456 -1
4457 -1
4458 -1
4459 -1
4460 -1
4461 -1
4462 0
4463 -1
4464 -1
4465 0
4466 -1
4467 -1
4468 0
4469 0
4470 -1
4471 -1
4472 0
4473 -1
4474 -1
4475 0
4476 0
4477 -1
4478 -1
4479 -1
4480 -1
4481 -1
4482 0
4483 0
4484 0
4485 -1
4486 -1
4487 -1
4488 -1
4489 -1
4490 -1
4491 -1
4492 -1
4493 -1
4494 -1
4495 -1
4496 -1
4497 -1
4498 -1
4499 -1
4500 -1
4501 -1
4502 -1
4503 -1
4504 -1
4505 -1
4506 -1
4507 -1
4508 -1
4509 0
4510 0
4511 -1
4512 0
4513 -1
4514 -1
4515 -1
4516 -1
4517 0
4518 0
4519 0
4520 -1
4521 0
4522 0
4523 -1
4524 -1
4525 0
4526 -1
4527 -1
4528 0
4529 0
4530 0
4531 0
4532 -1
4533 -1
4534 0
4535 0
4536 -1
4537 -1
4538 -1
4539 0
4540 -1
4541 -1
4542 0
4543 -1
4544 -1
4545 0
4546 -1
4547 0
4548 0
4549 -1
4550 -1
4551 -1
4552 -1
4553 -1
4554 -1
4555 -1
4556 -1
4557 -1
4558 -1
4559 0
4560 -1
4561 -1
4562 -1
4563 -1
4564 -1
4565 -1
4566 -1
4567 -1
4568 -1
4569 -1
4570 -1
4571 0
4572 -1
4573 -1
4574 -1
4575 -1
4576 -1
4577 -1
4578 0
4579 -1
4580 -1
4581 -1
4582 -1
4583 0
4584 -1
4585 -1
4586 1
4587 1
4588 0
4589 0
4590 0
4591 0
4592 0
4593 -1
4594 -1
4595 -1
4596 -1
4597 -1
4598 -1
4599 0
4600 0
4601 0
4602 0
4603 0
4604 0
4605 -1
4606 -1
4607 0
4608 0
4609 0
4610 0
4611 0
4612 -1
4613 0
4614 -1
4615 -1
4616 -1
4617 -1
4618 -1
4619 -1
4620 0
4621 -1
4622 0
4623 -1
4624 -1
4625 -1
4626 -1
4627 -1
4628 0
4629 0
4630 -1
4631 -1
4632 0
4633 -1
4634 -1
4635 -1
4636 -1
4637 -1
4638 -1
4639 -1
4640 0
4641 -1
4642 -1
4643 -1
4644 -1
4645 -1
4646 -1
4647 -1
4648 -1
4649 -1
4650 -1
4651 -1
4652 -1
4653 -1
4654 0
4655 -1
4656 -1
4657 -1
4658 -1
4659 -1
4660 -1
4661 -1
4662 -1
4663 0
4664 0
4665 0
4666 -1
4667 -1
4668 -1
4669 -1
4670 -1
4671 -1
4672 -1
4673 -1
4674 -1
4675 0
4676 0
4677 -1
4678 0
4679 -1
4680 -1
4681 -1
4682 -1
4683 -1
4684 -1
4685 -1
4686 -1
4687 -1
4688 -1
4689 -1
4690 -1
4691 -1
4692 -1
4693 -1
4694 -1
4695 -1
4696 -1
4697 -1
4698 -1
4699 -1
4700 -1
4701 -1
4702 -1
4703 -1
4704 -1
4705 -1
4706 -1
4707 -1
4708 -1
4709 -1
4710 -1
4711 -1
4712 -1
4713 -1
4714 -1
4715 -1
4716 -1
4717 -1
4718 -1
4719 -1
4720 0
4721 0
4722 -1
4723 -1
4724 -1
4725 -1
4726 -1
4727 0
4728 0
4729 0
4730 -1
4731 -1
4732 0
4733 0
4734 -1
4735 -1
4736 -1
4737 -1
4738 -1
4739 -1
4740 0
4741 0
4742 0
4743 0
4744 0
4745 0
4746 0
4747 -1
4748 -1
4749 -1
4750 0
4751 0
4752 0
4753 0
4754 0
4755 -1
4756 -1
4757 0
4758 0
4759 0
4760 0
4761 0
4762 0
4763 0
4764 0
4765 0
4766 0
4767 0
4768 0
4769 -1
4770 -1
4771 0
4772 0
4773 0
4774 -1
4775 -1
4776 0
4777 0
4778 -1
4779 0
4780 0
4781 0
4782 0
4783 0
4784 0
4785 0
4786 0
4787 0
4788 0
4789 -1
4790 -1
4791 0
4792 0
4793 -1
4794 0
4795 0
4796 0
4797 0
4798 0
4799 0
4800 0
4801 0
4802 -1
4803 -1
4804 -1
4805 -1
4806 -1
4807 -1
4808 0
4809 0
4810 -1
4811 -1
4812 -1
4813 -1
4814 -1
4815 0
4816 0
4817 -1
4818 -1
4819 -1
4820 0
4821 0
4822 0
4823 0
4824 0
4825 0
4826 0
4827 0
4828 0
4829 -1
4830 -1
4831 -1
4832 -1
4833 0
4834 0
4835 0
4836 1
4837 0
4838 -1
4839 -1
4840 -1
4841 -1
4842 0
4843 0
4844 -1
4845 -1
