0 28
1 28
2 28
3 28
4 28
5 28
6 28
7 28
8 28
9 28
10 28
11 28
12 28
13 28
14 28
15 28
16 28
17 28
18 28
19 28
20 28
21 28
22 28
23 28
24 28
25 28
26 28
27 28
28 28
29 28
30 28
31 28
32 28
33 28
34 28
35 28
36 28
37 28
38 28
39 28
40 28
41 28
42 28
43 28
44 28
45 28
46 28
47 28
48 28
49 28
50 28
51 28
52 28
53 28
54 28
55 28
56 28
57 28
58 28
59 28
60 28
61 28
62 28
63 28
64 28
65 28
66 28
67 28
68 28
69 28
70 28
71 28
72 28
73 28
74 28
75 28
76 28
77 28
78 28
79 28
80 28
81 28
82 28
83 28
84 28
85 28
86 28
87 28
88 28
89 28
90 28
91 28
92 28
93 28
94 35
95 35
96 35
97 35
98 35
99 35
100 19
101 19
102 19
103 19
104 19
105 19
106 19
107 19
108 19
109 19
110 19
111 19
112 19
113 19
114 19
115 19
116 19
117 19
118 19
119 19
120 44
121 44
122 44
123 44
124 44
125 44
126 44
127 44
128 44
129 44
130 44
131 44
132 44
133 44
134 44
135 31
136 31
137 31
138 31
139 31
140 31
141 31
142 31
143 31
144 31
145 31
146 31
147 31
148 31
149 31
150 31
151 31
152 31
153 31
154 31
155 31
156 31
157 31
158 31
159 31
160 31
161 31
162 31
163 31
164 31
165 31
166 31
167 31
168 31
169 31
170 31
171 31
172 31
173 31
174 31
175 31
176 31
177 31
178 31
179 31
180 31
181 31
182 31
183 31
184 31
185 31
186 31
187 31
188 31
189 30
190 30
191 30
192 30
193 30
194 30
195 30
196 30
197 30
198 30
199 30
200 30
201 30
202 30
203 30
204 30
205 30
206 30
207 30
208 30
209 30
210 30
211 30
212 30
213 30
214 30
215 30
216 30
217 30
218 30
219 30
220 30
221 30
222 30
223 30
224 30
225 30
226 30
227 30
228 30
229 30
230 30
231 30
232 30
233 30
234 30
235 30
236 30
237 30
238 30
239 30
240 30
241 30
242 30
243 30
244 30
245 30
246 30
247 30
248 30
249 30
250 30
251 30
252 30
253 30
254 30
255 30
256 30
257 30
258 30
259 30
260 30
261 30
262 30
263 30
264 30
265 30
266 30
267 30
268 30
269 30
270 30
271 30
272 30
273 30
274 30
275 30
276 30
277 30
278 30
279 30
280 30
281 30
282 30
283 30
284 30
285 30
286 30
287 30
288 30
289 30
290 30
291 30
292 30
293 30
294 30
295 30
296 30
297 30
298 30
299 30
300 30
301 30
302 30
303 30
304 30
305 30
306 30
307 30
308 30
309 30
310 30
311 30
312 30
313 21
314 21
315 21
316 21
317 21
318 21
319 21
320 21
321 21
322 21
323 21
324 21
325 21
326 21
327 21
328 21
329 21
330 21
331 21
332 21
333 21
334 21
335 21
336 21
337 21
338 21
339 21
340 21
341 21
342 21
343 21
344 21
345 21
346 21
347 21
348 21
349 21
350 21
351 21
352 21
353 21
354 21
355 21
356 21
357 21
358 21
359 21
360 22
361 22
362 22
363 22
364 22
365 22
366 22
367 22
368 22
369 22
370 22
371 22
372 22
373 22
374 22
375 22
376 22
377 22
378 22
379 22
380 22
381 22
382 22
383 22
384 22
385 22
386 22
387 22
388 22
389 22
390 22
391 22
392 22
393 22
394 22
395 22
396 22
397 22
398 22
399 22
400 22
401 22
402 22
403 22
404 22
405 22
406 22
407 22
408 22
409 22
410 22
411 22
412 22
413 22
414 22
415 22
416 22
417 22
418 22
419 22
420 22
421 22
422 22
423 22
424 22
425 22
426 22
427 22
428 22
429 22
430 22
431 22
432 22
433 22
434 22
435 22
436 22
437 22
438 22
439 22
440 22
441 22
442 22
443 22
444 22
445 22
446 22
447 22
448 22
449 22
450 22
451 22
452 22
453 22
454 22
455 22
456 22
457 22
458 22
459 22
460 22
461 22
462 22
463 22
464 22
465 22
466 22
467 22
468 22
469 22
470 22
471 22
472 22
473 22
474 22
475 22
476 22
477 22
478 22
479 22
480 22
481 22
482 22
483 22
484 22
485 22
486 22
487 22
488 22
489 22
490 22
491 22
492 22
493 22
494 22
495 22
496 22
497 22
498 22
499 22
500 22
501 22
502 22
503 22
504 22
505 22
506 22
507 22
508 22
509 22
510 22
511 22
512 22
513 22
514 22
515 22
516 22
517 22
518 22
519 22
520 22
521 22
522 22
523 22
524 22
525 22
526 22
527 22
528 22
529 22
530 22
531 22
532 22
533 22
534 22
535 22
536 22
537 22
538 22
539 22
540 22
541 22
542 22
543 22
544 22
545 22
546 22
547 22
548 22
549 22
550 22
551 22
552 22
553 22
554 22
555 22
556 22
557 22
558 22
559 22
560 22
561 22
562 22
563 22
564 22
565 22
566 22
567 22
568 22
569 22
570 22
571 22
572 22
573 22
574 22
575 22
576 22
577 22
578 22
579 22
580 22
581 22
582 22
583 22
584 22
585 22
586 22
587 22
588 22
589 22
590 22
591 24
592 24
593 24
594 24
595 24
596 24
597 24
598 24
599 24
600 24
601 24
602 24
603 24
604 24
605 24
606 24
607 24
608 24
609 24
610 24
611 24
612 24
613 24
614 24
615 24
616 24
617 24
618 24
619 24
620 24
621 24
622 24
623 24
624 24
625 24
626 24
627 24
628 24
629 24
630 24
631 24
632 24
633 24
634 24
635 24
636 24
637 24
638 24
639 24
640 24
641 24
642 24
643 24
644 24
645 24
646 24
647 24
648 24
649 24
650 24
651 24
652 24
653 24
654 24
655 24
656 24
657 24
658 24
659 24
660 24
661 24
662 24
663 24
664 24
665 24
666 24
667 24
668 24
669 24
670 24
671 24
672 24
673 24
674 24
675 24
676 24
677 24
678 24
679 24
680 24
681 24
682 24
683 24
684 24
685 24
686 24
687 24
688 24
689 24
690 24
691 24
692 24
693 24
694 24
695 24
696 24
697 24
698 24
699 24
700 24
701 20
702 20
703 20
704 20
705 20
706 20
707 20
708 20
709 20
710 20
711 20
712 20
713 20
714 20
715 20
716 20
717 20
718 20
719 20
720 20
721 20
722 20
723 20
724 20
725 20
726 20
727 20
728 20
729 20
730 20
731 20
732 20
733 20
734 20
735 20
736 20
737 20
738 20
739 20
740 20
741 20
742 20
743 20
744 20
745 20
746 20
747 20
748 20
749 20
750 20
751 20
752 20
753 20
754 20
755 20
756 20
757 20
758 20
759 20
760 20
761 20
762 20
763 20
764 20
765 20
766 20
767 20
768 20
769 20
770 20
771 20
772 20
773 20
774 20
775 20
776 20
777 20
778 20
779 20
780 20
781 20
782 20
783 20
784 20
785 20
786 20
787 20
788 20
789 20
790 20
791 20
792 20
793 20
794 20
795 20
796 20
797 20
798 20
799 20
800 20
801 20
802 20
803 20
804 20
805 20
806 20
807 20
808 20
809 20
810 20
811 20
812 20
813 20
814 20
815 20
816 20
817 20
818 20
819 20
820 20
821 20
822 20
823 20
824 20
825 20
826 23
827 23
828 23
829 23
830 23
831 23
832 23
833 23
834 23
835 23
836 23
837 23
838 23
839 23
840 23
841 23
842 23
843 23
844 23
845 23
846 23
847 23
848 23
849 23
850 23
851 23
852 23
853 23
854 23
855 23
856 23
857 23
858 23
859 23
860 23
861 23
862 23
863 23
864 23
865 23
866 23
867 23
868 23
869 23
870 23
871 23
872 23
873 23
874 23
875 23
876 23
877 23
878 23
879 23
880 23
881 23
882 23
883 23
884 23
885 23
886 23
887 23
888 23
889 23
890 23
891 23
892 23
893 23
894 23
895 23
896 23
897 23
898 23
899 23
900 23
901 23
902 23
903 23
904 23
905 23
906 23
907 23
908 23
909 23
910 23
911 23
912 23
913 23
914 23
915 23
916 23
917 23
918 23
919 23
920 23
921 23
922 23
923 23
924 23
925 23
926 23
927 23
928 23
929 23
930 23
931 23
932 23
933 23
934 23
935 23
936 23
937 23
938 23
939 23
940 23
941 23
942 23
943 23
944 23
945 23
946 23
947 23
948 23
949 23
950 23
951 23
952 23
953 23
954 23
955 23
956 23
957 23
958 23
959 23
960 23
961 23
962 23
963 23
964 23
965 23
966 23
967 23
968 23
969 23
970 23
971 23
972 23
973 23
974 23
975 23
976 23
977 23
978 23
979 23
980 23
981 23
982 23
983 23
984 23
985 23
986 23
987 23
988 23
989 23
990 23
991 23
992 23
993 23
994 23
995 23
996 23
997 23
998 23
999 23
1000 23
1001 23
1002 23
1003 23
1004 23
1005 23
1006 23
1007 23
1008 23
1009 23
1010 23
1011 23
1012 23
1013 23
1014 23
1015 23
1016 23
1017 23
1018 23
1019 23
1020 23
1021 23
1022 23
1023 23
1024 23
1025 23
1026 23
1027 23
1028 23
1029 23
1030 23
1031 23
1032 23
1033 23
1034 23
1035 23
1036 23
1037 23
1038 23
1039 23
1040 23
1041 23
1042 23
1043 23
1044 23
1045 23
1046 23
1047 23
1048 23
1049 23
1050 23
1051 23
1052 23
1053 23
1054 23
1055 23
1056 23
1057 23
1058 23
1059 23
1060 23
1061 23
1062 23
1063 23
1064 23
1065 23
1066 23
1067 23
1068 23
1069 23
1070 23
1071 23
1072 23
1073 23
1074 23
1075 23
1076 23
1077 23
1078 23
1079 23
1080 23
1081 23
1082 23
1083 23
1084 23
1085 23
1086 23
1087 23
1088 23
1089 23
1090 23
1091 23
1092 23
1093 23
1094 23
1095 23
1096 23
1097 23
1098 23
1099 23
1100 23
1101 23
1102 23
1103 23
1104 23
1105 23
1106 23
1107 23
1108 23
1109 23
1110 23
1111 23
1112 23
1113 23
1114 23
1115 23
1116 23
1117 17
1118 17
1119 17
1120 17
1121 17
1122 17
1123 17
1124 17
1125 17
1126 17
1127 17
1128 17
1129 17
1130 17
1131 17
1132 17
1133 17
1134 17
1135 17
1136 17
1137 17
1138 17
1139 17
1140 17
1141 17
1142 17
1143 17
1144 17
1145 17
1146 17
1147 17
1148 17
1149 13
1150 13
1151 13
1152 13
1153 13
1154 13
1155 13
1156 13
1157 13
1158 13
1159 13
1160 13
1161 13
1162 13
1163 14
1164 14
1165 14
1166 14
1167 14
1168 9
1169 9
1170 9
1171 9
1172 9
1173 9
1174 9
1175 9
1176 9
1177 9
1178 9
1179 9
1180 0
1181 0
1182 0
1183 0
1184 0
1185 0
1186 0
1187 0
1188 0
1189 0
1190 0
1191 0
1192 0
1193 0
1194 0
1195 0
1196 0
1197 4
1198 4
1199 4
1200 4
1201 4
1202 4
1203 4
1204 4
1205 4
1206 4
1207 4
1208 4
1209 4
1210 4
1211 4
1212 4
1213 4
1214 4
1215 4
1216 4
1217 4
1218 4
1219 4
1220 4
1221 4
1222 4
1223 4
1224 4
1225 4
1226 4
1227 29
1228 29
1229 29
1230 29
1231 29
1232 29
1233 29
1234 29
1235 29
1236 29
1237 29
1238 29
1239 29
1240 29
1241 29
1242 29
1243 29
1244 29
1245 29
1246 29
1247 29
1248 29
1249 29
1250 29
1251 29
1252 29
1253 29
1254 29
1255 29
1256 29
1257 29
1258 29
1259 29
1260 29
1261 29
1262 29
1263 29
1264 29
1265 29
1266 29
1267 29
1268 29
1269 29
1270 29
1271 29
1272 29
1273 29
1274 29
1275 29
1276 29
1277 29
1278 29
1279 29
1280 29
1281 29
1282 29
1283 29
1284 29
1285 29
1286 29
1287 29
1288 29
1289 29
1290 29
1291 29
1292 29
1293 29
1294 29
1295 29
1296 29
1297 29
1298 29
1299 29
1300 29
1301 29
1302 29
1303 29
1304 29
1305 29
1306 29
1307 29
1308 29
1309 29
1310 29
1311 29
1312 29
1313 29
1314 29
1315 29
1316 29
1317 29
1318 29
1319 29
1320 29
1321 29
1322 29
1323 29
1324 29
1325 29
1326 29
1327 29
1328 29
1329 29
1330 29
1331 29
1332 29
1333 29
1334 29
1335 29
1336 29
1337 29
1338 29
1339 29
1340 29
1341 29
1342 29
1343 29
1344 29
1345 29
1346 29
1347 29
1348 29
1349 29
1350 29
1351 29
1352 29
1353 29
1354 29
1355 29
1356 29
1357 29
1358 29
1359 29
1360 29
1361 29
1362 29
1363 29
1364 29
1365 29
1366 29
1367 29
1368 29
1369 29
1370 29
1371 29
1372 29
1373 29
1374 29
1375 29
1376 29
1377 29
1378 29
1379 29
1380 29
1381 29
1382 29
1383 29
1384 29
1385 29
1386 29
1387 29
1388 29
1389 29
1390 29
1391 29
1392 29
1393 29
1394 29
1395 29
1396 29
1397 29
1398 29
1399 29
1400 29
1401 29
1402 29
1403 29
1404 29
1405 29
1406 29
1407 29
1408 29
1409 29
1410 29
1411 29
1412 29
1413 29
1414 29
1415 29
1416 29
1417 29
1418 29
1419 29
1420 29
1421 29
1422 29
1423 29
1424 29
1425 29
1426 29
1427 29
1428 29
1429 29
1430 29
1431 29
1432 29
1433 29
1434 29
1435 29
1436 29
1437 29
1438 29
1439 29
1440 29
1441 29
1442 29
1443 29
1444 29
1445 29
1446 29
1447 29
1448 29
1449 29
1450 29
1451 29
1452 29
1453 29
1454 29
1455 29
1456 29
1457 29
1458 29
1459 29
1460 29
1461 29
1462 29
1463 29
1464 29
1465 29
1466 29
1467 29
1468 29
1469 29
1470 29
1471 29
1472 29
1473 29
1474 29
1475 29
1476 29
1477 29
1478 29
1479 29
1480 29
1481 29
1482 29
1483 29
1484 29
1485 29
1486 29
1487 29
1488 29
1489 29
1490 29
1491 29
1492 29
1493 29
1494 29
1495 29
1496 29
1497 29
1498 29
1499 29
1500 29
1501 29
1502 29
1503 29
1504 29
1505 29
1506 29
1507 29
1508 29
1509 29
1510 29
1511 29
1512 29
1513 29
1514 29
1515 29
1516 29
1517 29
1518 29
1519 29
1520 29
1521 29
1522 29
1523 29
1524 29
1525 29
1526 29
1527 29
1528 29
1529 29
1530 29
1531 29
1532 29
1533 29
1534 29
1535 29
1536 29
1537 29
1538 29
1539 29
1540 29
1541 29
1542 29
1543 29
1544 29
1545 29
1546 29
1547 29
1548 29
1549 29
1550 29
1551 29
1552 29
1553 29
1554 29
1555 29
1556 29
1557 29
1558 29
1559 29
1560 29
1561 29
1562 29
1563 29
1564 29
1565 29
1566 29
1567 29
1568 29
1569 29
1570 29
1571 29
1572 29
1573 29
1574 29
1575 29
1576 29
1577 29
1578 29
1579 29
1580 29
1581 29
1582 29
1583 29
1584 29
1585 29
1586 29
1587 29
1588 29
1589 29
1590 29
1591 29
1592 29
1593 29
1594 29
1595 29
1596 29
1597 29
1598 29
1599 29
1600 29
1601 29
1602 29
1603 29
1604 29
1605 29
1606 29
1607 29
1608 29
1609 29
1610 29
1611 29
1612 29
1613 29
1614 29
1615 29
1616 29
1617 29
1618 29
1619 29
1620 29
1621 29
1622 29
1623 29
1624 29
1625 29
1626 29
1627 29
1628 29
1629 29
1630 29
1631 29
1632 29
1633 29
1634 29
1635 29
1636 29
1637 29
1638 29
1639 29
1640 29
1641 29
1642 29
1643 29
1644 29
1645 29
1646 29
1647 29
1648 29
1649 29
1650 29
1651 29
1652 29
1653 29
1654 29
1655 29
1656 29
1657 29
1658 29
1659 29
1660 29
1661 29
1662 29
1663 29
1664 29
1665 29
1666 29
1667 29
1668 29
1669 29
1670 29
1671 29
1672 29
1673 29
1674 29
1675 29
1676 29
1677 29
1678 29
1679 29
1680 29
1681 29
1682 29
1683 29
1684 29
1685 29
1686 29
1687 29
1688 29
1689 29
1690 29
1691 29
1692 29
1693 29
1694 29
1695 29
1696 29
1697 29
1698 29
1699 29
1700 29
1701 29
1702 29
1703 29
1704 29
1705 29
1706 29
1707 29
1708 29
1709 29
1710 29
1711 29
1712 29
1713 29
1714 29
1715 29
1716 29
1717 29
1718 29
1719 29
1720 29
1721 29
1722 29
1723 29
1724 29
1725 29
1726 29
1727 29
1728 29
1729 29
1730 29
1731 29
1732 29
1733 29
1734 29
1735 29
1736 29
1737 29
1738 29
1739 29
1740 29
1741 29
1742 29
1743 29
1744 29
1745 29
1746 29
1747 29
1748 29
1749 29
1750 29
1751 29
1752 29
1753 29
1754 29
1755 29
1756 29
1757 29
1758 29
1759 29
1760 29
1761 29
1762 29
1763 29
1764 29
1765 29
1766 29
1767 29
1768 29
1769 29
1770 29
1771 29
1772 29
1773 29
1774 29
1775 29
1776 29
1777 29
1778 29
1779 29
1780 29
1781 29
1782 29
1783 29
1784 29
1785 29
1786 29
1787 29
1788 29
1789 29
1790 34
1791 34
1792 34
1793 34
1794 34
1795 34
1796 34
1797 34
1798 34
1799 34
1800 34
1801 34
1802 34
1803 34
1804 34
1805 34
1806 34
1807 34
1808 34
1809 34
1810 34
1811 34
1812 34
1813 34
1814 34
1815 34
1816 34
1817 34
1818 34
1819 34
1820 34
1821 34
1822 34
1823 34
1824 34
1825 34
1826 34
1827 34
1828 34
1829 34
1830 34
1831 34
1832 34
1833 34
1834 34
1835 34
1836 34
1837 34
1838 34
1839 34
1840 7
1841 7
1842 7
1843 7
1844 7
1845 7
1846 7
1847 7
1848 7
1849 7
1850 7
1851 7
1852 7
1853 7
1854 10
1855 10
1856 10
1857 10
1858 10
1859 10
1860 10
1861 10
1862 10
1863 10
1864 10
1865 10
1866 10
1867 10
1868 10
1869 10
1870 10
1871 10
1872 10
1873 10
1874 10
1875 10
1876 10
1877 10
1878 10
1879 10
1880 10
1881 10
1882 10
1883 10
1884 10
1885 10
1886 10
1887 10
1888 10
1889 10
1890 10
1891 6
1892 6
1893 6
1894 6
1895 6
1896 6
1897 6
1898 6
1899 6
1900 6
1901 6
1902 6
1903 6
1904 12
1905 12
1906 12
1907 12
1908 12
1909 12
1910 12
1911 39
1912 39
1913 39
1914 39
1915 39
1916 39
1917 39
1918 39
1919 39
1920 39
1921 39
1922 36
1923 36
1924 36
1925 36
1926 36
1927 36
1928 36
1929 36
1930 36
1931 36
1932 36
1933 50
1934 50
1935 50
1936 50
1937 50
1938 50
1939 50
1940 50
1941 50
1942 50
1943 50
1944 50
1945 50
1946 50
1947 50
1948 50
1949 50
1950 50
1951 50
1952 50
1953 50
1954 50
1955 52
1956 52
1957 52
1958 52
1959 52
1960 52
1961 52
1962 52
1963 52
1964 52
1965 52
1966 52
1967 52
1968 52
1969 52
1970 52
1971 52
1972 52
1973 52
1974 52
1975 52
1976 52
1977 52
1978 52
1979 52
1980 52
1981 52
1982 52
1983 52
1984 52
1985 52
1986 52
1987 52
1988 52
1989 52
1990 52
1991 52
1992 52
1993 52
1994 52
1995 52
1996 52
1997 52
1998 52
1999 52
2000 52
2001 52
2002 52
2003 52
2004 52
2005 52
2006 52
2007 52
2008 52
2009 52
2010 52
2011 52
2012 52
2013 52
2014 52
2015 33
2016 33
2017 33
2018 33
2019 33
2020 33
2021 33
2022 33
2023 33
2024 33
2025 33
2026 33
2027 33
2028 33
2029 33
2030 33
2031 33
2032 33
2033 33
2034 33
2035 42
2036 42
2037 42
2038 42
2039 42
2040 42
2041 42
2042 42
2043 42
2044 42
2045 42
2046 42
2047 42
2048 42
2049 42
2050 42
2051 42
2052 41
2053 41
2054 41
2055 41
2056 41
2057 41
2058 41
2059 41
2060 41
2061 41
2062 41
2063 41
2064 41
2065 41
2066 41
2067 41
2068 41
2069 41
2070 55
2071 55
2072 55
2073 55
2074 55
2075 55
2076 55
2077 46
2078 46
2079 46
2080 46
2081 47
2082 47
2083 47
2084 47
2085 47
2086 47
2087 47
2088 47
2089 47
2090 47
2091 47
2092 47
2093 47
2094 47
2095 47
2096 47
2097 47
2098 47
2099 47
2100 47
2101 35
2102 35
2103 35
2104 35
2105 35
2106 35
2107 35
2108 35
2109 35
2110 35
2111 35
2112 35
2113 35
2114 35
2115 35
2116 35
2117 35
2118 35
2119 35
2120 35
2121 35
2122 35
2123 35
2124 35
2125 35
2126 35
2127 35
2128 35
2129 35
2130 35
2131 35
2132 35
2133 35
2134 35
2135 35
2136 35
2137 35
2138 35
2139 35
2140 35
2141 35
2142 35
2143 35
2144 35
2145 35
2146 35
2147 35
2148 35
2149 35
2150 35
2151 35
2152 35
2153 35
2154 35
2155 35
2156 35
2157 35
2158 35
2159 35
2160 35
2161 35
2162 35
2163 35
2164 35
2165 35
2166 35
2167 35
2168 35
2169 35
2170 35
2171 35
2172 35
2173 35
2174 35
2175 35
2176 35
2177 35
2178 35
2179 35
2180 35
2181 35
2182 35
2183 35
2184 35
2185 35
2186 35
2187 35
2188 35
2189 35
2190 35
2191 35
2192 35
2193 35
2194 35
2195 35
2196 35
2197 35
2198 35
2199 35
2200 35
2201 35
2202 35
2203 35
2204 35
2205 35
2206 35
2207 35
2208 35
2209 35
2210 35
2211 35
2212 35
2213 35
2214 35
2215 35
2216 35
2217 35
2218 35
2219 35
2220 35
2221 35
2222 35
2223 35
2224 35
2225 35
2226 35
2227 35
2228 35
2229 35
2230 35
2231 35
2232 35
2233 35
2234 35
2235 35
2236 19
2237 19
2238 19
2239 19
2240 19
2241 19
2242 19
2243 19
2244 19
2245 19
2246 19
2247 19
2248 19
2249 19
2250 19
2251 19
2252 19
2253 19
2254 19
2255 19
2256 19
2257 19
2258 19
2259 19
2260 19
2261 19
2262 19
2263 19
2264 19
2265 19
2266 19
2267 19
2268 19
2269 19
2270 19
2271 19
2272 19
2273 19
2274 19
2275 19
2276 19
2277 19
2278 19
2279 19
2280 19
2281 19
2282 19
2283 19
2284 19
2285 19
2286 19
2287 19
2288 19
2289 19
2290 19
2291 19
2292 19
2293 19
2294 19
2295 19
2296 19
2297 19
2298 27
2299 27
2300 27
2301 27
2302 27
2303 27
2304 27
2305 27
2306 27
2307 27
2308 27
2309 27
2310 27
2311 27
2312 27
2313 27
2314 27
2315 27
2316 27
2317 27
2318 27
2319 27
2320 27
2321 27
2322 27
2323 27
2324 27
2325 27
2326 27
2327 27
2328 27
2329 27
2330 27
2331 27
2332 27
2333 27
2334 27
2335 27
2336 27
2337 27
2338 27
2339 27
2340 27
2341 27
2342 27
2343 27
2344 27
2345 27
2346 44
2347 44
2348 44
2349 44
2350 44
2351 44
2352 44
2353 44
2354 44
2355 44
2356 44
2357 44
2358 44
2359 44
2360 44
2361 44
2362 44
2363 44
2364 44
2365 44
2366 44
2367 44
2368 44
2369 44
2370 44
2371 44
2372 44
2373 44
2374 44
2375 44
2376 44
2377 44
2378 44
2379 44
2380 44
2381 44
2382 44
2383 44
2384 44
2385 44
2386 44
2387 44
2388 44
2389 22
2390 22
2391 22
2392 22
2393 22
2394 22
2395 22
2396 22
2397 22
2398 22
2399 22
2400 22
2401 22
2402 22
2403 22
2404 22
2405 22
2406 22
2407 22
2408 22
2409 22
2410 22
2411 22
2412 22
2413 22
2414 22
2415 22
2416 22
2417 22
2418 22
2419 22
2420 22
2421 22
2422 22
2423 22
2424 22
2425 22
2426 32
2427 32
2428 32
2429 32
2430 32
2431 32
2432 32
2433 32
2434 32
2435 32
2436 32
2437 32
2438 32
2439 32
2440 32
2441 32
2442 32
2443 32
2444 32
2445 32
2446 32
2447 32
2448 32
2449 32
2450 32
2451 32
2452 32
2453 32
2454 32
2455 32
2456 32
2457 32
2458 32
2459 32
2460 32
2461 32
2462 32
2463 32
2464 32
2465 32
2466 32
2467 32
2468 32
2469 32
2470 32
2471 32
2472 17
2473 17
2474 17
2475 17
2476 17
2477 17
2478 17
2479 17
2480 17
2481 17
2482 17
2483 17
2484 17
2485 17
2486 17
2487 17
2488 17
2489 17
2490 17
2491 17
2492 17
2493 17
2494 17
2495 17
2496 17
2497 17
2498 17
2499 17
2500 17
2501 17
2502 17
2503 17
2504 17
2505 17
2506 17
2507 17
2508 17
2509 17
2510 17
2511 17
2512 17
2513 17
2514 17
2515 17
2516 17
2517 17
2518 17
2519 17
2520 17
2521 17
2522 17
2523 17
2524 17
2525 17
2526 17
2527 17
2528 17
2529 17
2530 17
2531 17
2532 17
2533 17
2534 17
2535 17
2536 17
2537 17
2538 17
2539 17
2540 17
2541 17
2542 17
2543 17
2544 17
2545 17
2546 17
2547 17
2548 17
2549 17
2550 17
2551 17
2552 17
2553 17
2554 17
2555 17
2556 17
2557 17
2558 17
2559 17
2560 17
2561 17
2562 17
2563 17
2564 17
2565 17
2566 17
2567 17
2568 17
2569 17
2570 17
2571 17
2572 17
2573 17
2574 17
2575 25
2576 25
2577 25
2578 25
2579 25
2580 25
2581 25
2582 25
2583 25
2584 25
2585 25
2586 25
2587 25
2588 25
2589 25
2590 25
2591 25
2592 25
2593 25
2594 25
2595 25
2596 25
2597 25
2598 25
2599 25
2600 25
2601 25
2602 25
2603 25
2604 25
2605 25
2606 25
2607 25
2608 25
2609 25
2610 25
2611 25
2612 25
2613 25
2614 25
2615 25
2616 25
2617 25
2618 25
2619 25
2620 25
2621 25
2622 25
2623 25
2624 25
2625 25
2626 25
2627 25
2628 25
2629 25
2630 25
2631 25
2632 25
2633 25
2634 25
2635 25
2636 25
2637 25
2638 25
2639 25
2640 25
2641 25
2642 25
2643 25
2644 25
2645 25
2646 25
2647 25
2648 25
2649 25
2650 25
2651 25
2652 25
2653 25
2654 25
2655 25
2656 25
2657 25
2658 25
2659 25
2660 25
2661 25
2662 25
2663 25
2664 25
2665 25
2666 25
2667 25
2668 25
2669 25
2670 25
2671 25
2672 25
2673 25
2674 25
2675 15
2676 15
2677 15
2678 15
2679 15
2680 15
2681 15
2682 15
2683 15
2684 15
2685 15
2686 15
2687 15
2688 15
2689 15
2690 15
2691 15
2692 15
2693 15
2694 15
2695 15
2696 15
2697 15
2698 15
2699 15
2700 15
2701 15
2702 15
2703 15
2704 13
2705 13
2706 13
2707 13
2708 13
2709 13
2710 13
2711 13
2712 13
2713 13
2714 13
2715 13
2716 13
2717 13
2718 13
2719 13
2720 13
2721 13
2722 13
2723 18
2724 18
2725 18
2726 18
2727 18
2728 18
2729 18
2730 18
2731 18
2732 18
2733 18
2734 18
2735 18
2736 18
2737 18
2738 18
2739 18
2740 18
2741 18
2742 18
2743 18
2744 18
2745 18
2746 18
2747 18
2748 18
2749 18
2750 18
2751 18
2752 18
2753 18
2754 18
2755 18
2756 18
2757 18
2758 18
2759 18
2760 18
2761 18
2762 18
2763 18
2764 18
2765 18
2766 18
2767 18
2768 18
2769 18
2770 18
2771 18
2772 18
2773 18
2774 18
2775 18
2776 18
2777 18
2778 18
2779 18
2780 18
2781 18
2782 18
2783 18
2784 18
2785 18
2786 18
2787 18
2788 18
2789 18
2790 18
2791 18
2792 14
2793 14
2794 14
2795 14
2796 14
2797 14
2798 14
2799 14
2800 14
2801 14
2802 14
2803 14
2804 14
2805 14
2806 14
2807 14
2808 14
2809 14
2810 14
2811 14
2812 14
2813 14
2814 14
2815 14
2816 14
2817 14
2818 14
2819 14
2820 14
2821 14
2822 14
2823 14
2824 14
2825 14
2826 14
2827 14
2828 14
2829 14
2830 14
2831 14
2832 14
2833 14
2834 14
2835 14
2836 14
2837 14
2838 14
2839 14
2840 14
2841 14
2842 14
2843 14
2844 14
2845 14
2846 14
2847 14
2848 14
2849 14
2850 14
2851 14
2852 14
2853 14
2854 14
2855 14
2856 14
2857 14
2858 14
2859 14
2860 3
2861 3
2862 3
2863 3
2864 3
2865 3
2866 3
2867 3
2868 3
2869 3
2870 3
2871 3
2872 3
2873 3
2874 3
2875 3
2876 3
2877 3
2878 3
2879 3
2880 3
2881 3
2882 3
2883 3
2884 3
2885 3
2886 3
2887 3
2888 3
2889 3
2890 3
2891 3
2892 3
2893 3
2894 3
2895 3
2896 3
2897 3
2898 3
2899 3
2900 3
2901 3
2902 3
2903 3
2904 3
2905 3
2906 3
2907 3
2908 3
2909 3
2910 3
2911 3
2912 3
2913 3
2914 3
2915 3
2916 3
2917 3
2918 3
2919 3
2920 3
2921 3
2922 3
2923 3
2924 3
2925 3
2926 3
2927 9
2928 9
2929 9
2930 9
2931 9
2932 9
2933 9
2934 9
2935 9
2936 9
2937 9
2938 9
2939 9
2940 9
2941 9
2942 9
2943 9
2944 9
2945 9
2946 9
2947 9
2948 9
2949 9
2950 9
2951 9
2952 9
2953 9
2954 9
2955 9
2956 9
2957 9
2958 9
2959 9
2960 9
2961 9
2962 9
2963 9
2964 9
2965 9
2966 9
2967 9
2968 9
2969 9
2970 9
2971 9
2972 9
2973 9
2974 9
2975 9
2976 9
2977 9
2978 9
2979 9
2980 9
2981 9
2982 9
2983 9
2984 9
2985 9
2986 9
2987 9
2988 9
2989 9
2990 9
2991 9
2992 9
2993 9
2994 9
2995 9
2996 9
2997 9
2998 9
2999 9
3000 9
3001 9
3002 9
3003 9
3004 9
3005 9
3006 9
3007 9
3008 9
3009 9
3010 9
3011 9
3012 9
3013 9
3014 9
3015 9
3016 9
3017 9
3018 9
3019 9
3020 9
3021 9
3022 9
3023 9
3024 9
3025 9
3026 9
3027 9
3028 9
3029 9
3030 9
3031 9
3032 9
3033 9
3034 9
3035 9
3036 9
3037 9
3038 9
3039 9
3040 0
3041 0
3042 0
3043 0
3044 0
3045 0
3046 0
3047 0
3048 0
3049 0
3050 0
3051 0
3052 0
3053 0
3054 0
3055 0
3056 0
3057 0
3058 0
3059 0
3060 0
3061 0
3062 0
3063 0
3064 0
3065 0
3066 0
3067 0
3068 0
3069 0
3070 0
3071 0
3072 0
3073 0
3074 0
3075 0
3076 0
3077 0
3078 0
3079 0
3080 0
3081 0
3082 0
3083 0
3084 0
3085 0
3086 0
3087 0
3088 0
3089 0
3090 0
3091 0
3092 0
3093 0
3094 0
3095 0
3096 0
3097 0
3098 0
3099 0
3100 0
3101 0
3102 0
3103 0
3104 0
3105 0
3106 0
3107 0
3108 0
3109 0
3110 0
3111 0
3112 0
3113 0
3114 0
3115 0
3116 0
3117 0
3118 0
3119 0
3120 0
3121 0
3122 2
3123 2
3124 2
3125 2
3126 2
3127 2
3128 2
3129 2
3130 2
3131 2
3132 2
3133 2
3134 2
3135 2
3136 2
3137 2
3138 2
3139 2
3140 2
3141 2
3142 2
3143 2
3144 2
3145 2
3146 2
3147 2
3148 2
3149 2
3150 2
3151 2
3152 2
3153 2
3154 2
3155 2
3156 2
3157 2
3158 2
3159 2
3160 2
3161 2
3162 2
3163 4
3164 4
3165 4
3166 4
3167 4
3168 4
3169 4
3170 4
3171 4
3172 4
3173 4
3174 4
3175 4
3176 4
3177 4
3178 4
3179 4
3180 4
3181 4
3182 4
3183 4
3184 4
3185 4
3186 4
3187 4
3188 4
3189 4
3190 4
3191 4
3192 4
3193 4
3194 4
3195 4
3196 4
3197 4
3198 4
3199 4
3200 4
3201 4
3202 4
3203 4
3204 4
3205 4
3206 4
3207 4
3208 4
3209 4
3210 4
3211 4
3212 4
3213 4
3214 4
3215 4
3216 34
3217 34
3218 34
3219 34
3220 34
3221 34
3222 34
3223 34
3224 34
3225 34
3226 34
3227 34
3228 34
3229 34
3230 34
3231 34
3232 34
3233 34
3234 34
3235 34
3236 34
3237 34
3238 34
3239 34
3240 34
3241 34
3242 34
3243 34
3244 34
3245 34
3246 34
3247 34
3248 34
3249 34
3250 34
3251 34
3252 34
3253 34
3254 34
3255 34
3256 34
3257 34
3258 34
3259 34
3260 34
3261 34
3262 34
3263 34
3264 34
3265 34
3266 34
3267 34
3268 34
3269 34
3270 34
3271 34
3272 34
3273 34
3274 34
3275 34
3276 34
3277 34
3278 34
3279 34
3280 34
3281 34
3282 34
3283 34
3284 34
3285 34
3286 34
3287 34
3288 34
3289 34
3290 34
3291 34
3292 34
3293 34
3294 34
3295 34
3296 34
3297 7
3298 7
3299 7
3300 7
3301 7
3302 7
3303 7
3304 7
3305 7
3306 7
3307 7
3308 7
3309 7
3310 7
3311 7
3312 7
3313 7
3314 7
3315 7
3316 7
3317 7
3318 7
3319 7
3320 7
3321 7
3322 7
3323 7
3324 7
3325 7
3326 7
3327 7
3328 7
3329 7
3330 7
3331 7
3332 7
3333 7
3334 7
3335 7
3336 7
3337 7
3338 7
3339 7
3340 7
3341 7
3342 7
3343 7
3344 7
3345 7
3346 7
3347 7
3348 7
3349 7
3350 7
3351 7
3352 7
3353 7
3354 7
3355 7
3356 10
3357 10
3358 10
3359 10
3360 10
3361 10
3362 10
3363 10
3364 10
3365 10
3366 10
3367 10
3368 10
3369 10
3370 10
3371 10
3372 10
3373 10
3374 10
3375 10
3376 10
3377 10
3378 10
3379 10
3380 10
3381 10
3382 10
3383 10
3384 10
3385 10
3386 10
3387 10
3388 10
3389 10
3390 10
3391 10
3392 10
3393 10
3394 10
3395 10
3396 10
3397 10
3398 10
3399 10
3400 10
3401 10
3402 10
3403 10
3404 10
3405 10
3406 10
3407 10
3408 10
3409 10
3410 10
3411 10
3412 10
3413 10
3414 10
3415 10
3416 10
3417 10
3418 10
3419 10
3420 10
3421 10
3422 10
3423 10
3424 10
3425 10
3426 11
3427 11
3428 11
3429 11
3430 11
3431 11
3432 11
3433 11
3434 11
3435 11
3436 11
3437 11
3438 11
3439 11
3440 11
3441 11
3442 11
3443 11
3444 11
3445 11
3446 11
3447 11
3448 11
3449 11
3450 11
3451 11
3452 11
3453 11
3454 11
3455 11
3456 11
3457 11
3458 11
3459 11
3460 5
3461 5
3462 5
3463 5
3464 5
3465 5
3466 5
3467 5
3468 5
3469 5
3470 5
3471 5
3472 5
3473 5
3474 5
3475 5
3476 5
3477 5
3478 5
3479 5
3480 5
3481 6
3482 6
3483 6
3484 6
3485 6
3486 6
3487 6
3488 6
3489 6
3490 6
3491 6
3492 6
3493 6
3494 6
3495 6
3496 6
3497 6
3498 6
3499 6
3500 6
3501 6
3502 6
3503 6
3504 6
3505 6
3506 6
3507 6
3508 6
3509 6
3510 6
3511 6
3512 6
3513 6
3514 6
3515 6
3516 6
3517 6
3518 6
3519 6
3520 6
3521 6
3522 6
3523 6
3524 6
3525 6
3526 6
3527 6
3528 6
3529 6
3530 6
3531 6
3532 6
3533 6
3534 6
3535 6
3536 6
3537 6
3538 6
3539 6
3540 6
3541 6
3542 6
3543 6
3544 6
3545 6
3546 6
3547 6
3548 6
3549 6
3550 6
3551 6
3552 8
3553 8
3554 8
3555 8
3556 8
3557 8
3558 8
3559 8
3560 8
3561 8
3562 8
3563 8
3564 8
3565 8
3566 8
3567 8
3568 8
3569 8
3570 8
3571 8
3572 8
3573 8
3574 8
3575 8
3576 8
3577 8
3578 8
3579 8
3580 8
3581 8
3582 8
3583 8
3584 8
3585 8
3586 8
3587 8
3588 8
3589 8
3590 8
3591 8
3592 8
3593 8
3594 8
3595 8
3596 8
3597 8
3598 8
3599 8
3600 8
3601 8
3602 8
3603 8
3604 8
3605 8
3606 8
3607 8
3608 8
3609 8
3610 8
3611 8
3612 8
3613 8
3614 12
3615 12
3616 12
3617 12
3618 12
3619 12
3620 12
3621 12
3622 12
3623 12
3624 12
3625 12
3626 12
3627 12
3628 12
3629 12
3630 12
3631 12
3632 12
3633 12
3634 12
3635 12
3636 12
3637 12
3638 12
3639 12
3640 12
3641 12
3642 12
3643 12
3644 12
3645 12
3646 12
3647 12
3648 12
3649 12
3650 12
3651 12
3652 12
3653 12
3654 12
3655 12
3656 12
3657 12
3658 12
3659 12
3660 12
3661 12
3662 16
3663 16
3664 16
3665 16
3666 16
3667 16
3668 16
3669 16
3670 16
3671 16
3672 16
3673 16
3674 16
3675 16
3676 45
3677 45
3678 45
3679 45
3680 45
3681 45
3682 45
3683 45
3684 45
3685 45
3686 45
3687 45
3688 45
3689 45
3690 45
3691 45
3692 45
3693 45
3694 45
3695 45
3696 45
3697 45
3698 45
3699 45
3700 45
3701 45
3702 45
3703 45
3704 39
3705 39
3706 39
3707 39
3708 39
3709 39
3710 39
3711 39
3712 39
3713 39
3714 39
3715 39
3716 39
3717 39
3718 39
3719 39
3720 39
3721 39
3722 39
3723 39
3724 39
3725 39
3726 39
3727 39
3728 39
3729 39
3730 39
3731 39
3732 39
3733 39
3734 39
3735 39
3736 39
3737 39
3738 39
3739 39
3740 39
3741 39
3742 39
3743 39
3744 39
3745 39
3746 39
3747 39
3748 39
3749 39
3750 39
3751 39
3752 36
3753 36
3754 36
3755 36
3756 36
3757 36
3758 36
3759 36
3760 36
3761 36
3762 36
3763 36
3764 36
3765 36
3766 36
3767 36
3768 36
3769 36
3770 36
3771 36
3772 36
3773 36
3774 36
3775 36
3776 36
3777 36
3778 36
3779 36
3780 36
3781 36
3782 36
3783 36
3784 36
3785 36
3786 36
3787 36
3788 36
3789 36
3790 36
3791 36
3792 36
3793 36
3794 36
3795 36
3796 36
3797 36
3798 36
3799 36
3800 36
3801 36
3802 36
3803 36
3804 36
3805 36
3806 36
3807 37
3808 37
3809 37
3810 37
3811 37
3812 37
3813 37
3814 37
3815 37
3816 37
3817 37
3818 37
3819 37
3820 37
3821 37
3822 37
3823 37
3824 37
3825 37
3826 37
3827 37
3828 37
3829 37
3830 37
3831 38
3832 38
3833 38
3834 38
3835 38
3836 38
3837 38
3838 38
3839 38
3840 38
3841 38
3842 38
3843 38
3844 38
3845 38
3846 38
3847 38
3848 38
3849 38
3850 38
3851 38
3852 38
3853 38
3854 38
3855 38
3856 38
3857 38
3858 38
3859 38
3860 38
3861 38
3862 38
3863 38
3864 38
3865 38
3866 38
3867 38
3868 38
3869 38
3870 38
3871 38
3872 38
3873 38
3874 38
3875 38
3876 38
3877 38
3878 40
3879 40
3880 40
3881 40
3882 40
3883 40
3884 40
3885 40
3886 40
3887 40
3888 40
3889 40
3890 40
3891 40
3892 40
3893 40
3894 40
3895 40
3896 40
3897 40
3898 40
3899 40
3900 40
3901 40
3902 40
3903 40
3904 40
3905 40
3906 40
3907 40
3908 40
3909 40
3910 40
3911 40
3912 40
3913 40
3914 40
3915 40
3916 40
3917 40
3918 40
3919 40
3920 40
3921 40
3922 40
3923 40
3924 40
3925 40
3926 40
3927 40
3928 40
3929 40
3930 40
3931 40
3932 50
3933 50
3934 50
3935 50
3936 50
3937 50
3938 50
3939 50
3940 50
3941 50
3942 50
3943 50
3944 50
3945 50
3946 50
3947 50
3948 50
3949 50
3950 50
3951 50
3952 50
3953 50
3954 50
3955 50
3956 50
3957 50
3958 50
3959 50
3960 50
3961 50
3962 50
3963 50
3964 50
3965 50
3966 50
3967 50
3968 50
3969 50
3970 50
3971 50
3972 50
3973 50
3974 50
3975 50
3976 50
3977 50
3978 50
3979 50
3980 50
3981 50
3982 50
3983 50
3984 50
3985 50
3986 50
3987 50
3988 50
3989 50
3990 50
3991 50
3992 50
3993 50
3994 50
3995 50
3996 50
3997 50
3998 50
3999 50
4000 50
4001 50
4002 50
4003 50
4004 50
4005 50
4006 50
4007 50
4008 50
4009 50
4010 50
4011 50
4012 50
4013 50
4014 50
4015 50
4016 50
4017 50
4018 50
4019 50
4020 50
4021 50
4022 50
4023 50
4024 50
4025 50
4026 50
4027 50
4028 50
4029 50
4030 50
4031 50
4032 50
4033 50
4034 50
4035 50
4036 50
4037 50
4038 50
4039 50
4040 50
4041 50
4042 50
4043 50
4044 50
4045 50
4046 50
4047 50
4048 50
4049 50
4050 50
4051 50
4052 50
4053 50
4054 50
4055 50
4056 50
4057 50
4058 50
4059 50
4060 50
4061 50
4062 50
4063 50
4064 50
4065 50
4066 50
4067 50
4068 50
4069 50
4070 50
4071 50
4072 50
4073 50
4074 50
4075 50
4076 50
4077 50
4078 49
4079 49
4080 49
4081 49
4082 49
4083 49
4084 49
4085 49
4086 49
4087 49
4088 49
4089 49
4090 49
4091 49
4092 49
4093 51
4094 51
4095 51
4096 51
4097 51
4098 51
4099 51
4100 51
4101 51
4102 51
4103 51
4104 51
4105 51
4106 51
4107 51
4108 51
4109 51
4110 51
4111 51
4112 51
4113 51
4114 51
4115 51
4116 51
4117 51
4118 51
4119 51
4120 51
4121 51
4122 51
4123 51
4124 51
4125 51
4126 51
4127 51
4128 51
4129 51
4130 51
4131 51
4132 51
4133 51
4134 51
4135 51
4136 51
4137 51
4138 51
4139 51
4140 51
4141 51
4142 51
4143 51
4144 51
4145 51
4146 51
4147 51
4148 51
4149 51
4150 51
4151 51
4152 51
4153 51
4154 51
4155 51
4156 51
4157 51
4158 33
4159 33
4160 33
4161 33
4162 33
4163 33
4164 33
4165 33
4166 33
4167 33
4168 33
4169 33
4170 33
4171 33
4172 33
4173 33
4174 33
4175 33
4176 33
4177 33
4178 33
4179 42
4180 42
4181 42
4182 42
4183 42
4184 42
4185 42
4186 42
4187 42
4188 42
4189 42
4190 42
4191 42
4192 42
4193 42
4194 42
4195 42
4196 42
4197 42
4198 42
4199 42
4200 42
4201 42
4202 42
4203 42
4204 42
4205 42
4206 42
4207 42
4208 42
4209 42
4210 42
4211 42
4212 42
4213 42
4214 42
4215 42
4216 42
4217 42
4218 42
4219 42
4220 42
4221 42
4222 42
4223 42
4224 42
4225 42
4226 42
4227 42
4228 42
4229 42
4230 42
4231 42
4232 42
4233 42
4234 42
4235 42
4236 42
4237 42
4238 42
4239 42
4240 42
4241 42
4242 42
4243 42
4244 42
4245 42
4246 42
4247 42
4248 42
4249 42
4250 42
4251 42
4252 42
4253 42
4254 42
4255 42
4256 42
4257 42
4258 42
4259 42
4260 42
4261 42
4262 41
4263 41
4264 41
4265 41
4266 41
4267 41
4268 41
4269 41
4270 41
4271 41
4272 41
4273 41
4274 41
4275 41
4276 41
4277 41
4278 41
4279 41
4280 41
4281 41
4282 41
4283 41
4284 41
4285 41
4286 41
4287 41
4288 41
4289 41
4290 41
4291 41
4292 41
4293 41
4294 41
4295 41
4296 41
4297 41
4298 41
4299 41
4300 41
4301 41
4302 41
4303 41
4304 41
4305 41
4306 41
4307 41
4308 41
4309 41
4310 41
4311 41
4312 41
4313 41
4314 41
4315 41
4316 41
4317 41
4318 41
4319 41
4320 41
4321 41
4322 41
4323 41
4324 41
4325 41
4326 41
4327 41
4328 41
4329 41
4330 41
4331 41
4332 41
4333 41
4334 41
4335 41
4336 41
4337 41
4338 41
4339 41
4340 41
4341 41
4342 41
4343 41
4344 41
4345 41
4346 41
4347 41
4348 41
4349 41
4350 41
4351 41
4352 41
4353 55
4354 55
4355 55
4356 55
4357 55
4358 55
4359 55
4360 55
4361 55
4362 55
4363 55
4364 55
4365 55
4366 55
4367 55
4368 55
4369 55
4370 55
4371 55
4372 55
4373 55
4374 55
4375 55
4376 55
4377 55
4378 55
4379 55
4380 55
4381 55
4382 55
4383 55
4384 55
4385 55
4386 55
4387 55
4388 55
4389 55
4390 55
4391 55
4392 55
4393 55
4394 55
4395 55
4396 55
4397 55
4398 55
4399 55
4400 55
4401 55
4402 55
4403 55
4404 55
4405 55
4406 55
4407 55
4408 55
4409 55
4410 55
4411 55
4412 55
4413 55
4414 55
4415 55
4416 55
4417 55
4418 55
4419 55
4420 55
4421 55
4422 55
4423 55
4424 55
4425 55
4426 55
4427 55
4428 55
4429 55
4430 55
4431 55
4432 55
4433 55
4434 55
4435 55
4436 55
4437 55
4438 55
4439 55
4440 55
4441 55
4442 55
4443 55
4444 55
4445 55
4446 55
4447 55
4448 55
4449 55
4450 55
4451 55
4452 55
4453 55
4454 55
4455 55
4456 55
4457 55
4458 55
4459 55
4460 55
4461 55
4462 55
4463 55
4464 55
4465 55
4466 55
4467 55
4468 55
4469 55
4470 55
4471 55
4472 55
4473 55
4474 55
4475 55
4476 55
4477 55
4478 55
4479 55
4480 55
4481 55
4482 55
4483 55
4484 55
4485 55
4486 55
4487 55
4488 55
4489 55
4490 55
4491 55
4492 55
4493 55
4494 55
4495 55
4496 55
4497 55
4498 55
4499 55
4500 55
4501 55
4502 55
4503 55
4504 55
4505 55
4506 55
4507 55
4508 55
4509 55
4510 55
4511 55
4512 55
4513 48
4514 48
4515 48
4516 48
4517 48
4518 48
4519 48
4520 48
4521 48
4522 48
4523 48
4524 48
4525 48
4526 48
4527 48
4528 48
4529 48
4530 48
4531 48
4532 48
4533 48
4534 48
4535 48
4536 48
4537 48
4538 48
4539 48
4540 48
4541 48
4542 48
4543 48
4544 48
4545 48
4546 48
4547 48
4548 48
4549 48
4550 48
4551 48
4552 48
4553 48
4554 48
4555 48
4556 48
4557 48
4558 48
4559 48
4560 48
4561 48
4562 48
4563 48
4564 46
4565 46
4566 46
4567 46
4568 46
4569 46
4570 46
4571 46
4572 46
4573 46
4574 46
4575 46
4576 46
4577 46
4578 46
4579 46
4580 46
4581 46
4582 46
4583 46
4584 46
4585 46
4586 46
4587 46
4588 46
4589 46
4590 46
4591 46
4592 46
4593 46
4594 46
4595 46
4596 46
4597 46
4598 46
4599 46
4600 46
4601 46
4602 46
4603 46
4604 46
4605 54
4606 54
4607 54
4608 54
4609 54
4610 54
4611 54
4612 54
4613 54
4614 54
4615 54
4616 54
4617 54
4618 54
4619 54
4620 54
4621 54
4622 54
4623 54
4624 54
4625 54
4626 54
4627 54
4628 54
4629 54
4630 54
4631 54
4632 54
4633 54
4634 54
4635 54
4636 54
4637 54
4638 54
4639 54
4640 54
4641 54
4642 54
4643 54
4644 54
4645 54
4646 54
4647 54
4648 54
4649 54
4650 54
4651 54
4652 54
4653 54
4654 54
4655 54
4656 54
4657 54
4658 54
4659 54
4660 54
4661 54
4662 54
4663 54
4664 54
4665 54
4666 54
4667 54
4668 54
4669 54
4670 54
4671 54
4672 54
4673 54
4674 54
4675 54
4676 54
4677 54
4678 54
4679 54
4680 54
4681 54
4682 54
4683 54
4684 54
4685 54
4686 54
4687 54
4688 54
4689 54
4690 54
4691 54
4692 54
4693 54
4694 54
4695 54
4696 54
4697 54
4698 54
4699 54
4700 54
4701 54
4702 54
4703 54
4704 54
4705 54
4706 54
4707 54
4708 54
4709 54
4710 54
4711 54
4712 54
4713 54
4714 54
4715 54
4716 54
4717 54
4718 54
4719 54
4720 54
4721 54
4722 54
4723 54
4724 54
4725 54
4726 54
4727 54
4728 54
4729 54
4730 54
4731 54
4732 54
4733 54
4734 54
4735 54
4736 54
4737 54
4738 56
4739 56
4740 56
4741 56
4742 56
4743 56
4744 56
4745 56
4746 56
4747 56
4748 56
4749 56
4750 56
4751 56
4752 56
4753 56
4754 56
4755 56
4756 56
4757 56
4758 56
4759 56
4760 56
4761 56
4762 56
4763 56
4764 56
4765 56
4766 56
4767 47
4768 47
4769 47
4770 47
4771 47
4772 47
4773 47
4774 47
4775 47
4776 47
4777 47
4778 47
4779 47
4780 47
4781 47
4782 47
4783 47
4784 47
4785 47
4786 47
4787 47
4788 47
4789 47
4790 47
4791 47
4792 47
4793 47
4794 47
4795 47
4796 47
4797 47
4798 47
4799 47
4800 47
4801 53
4802 53
4803 53
4804 53
4805 53
4806 53
4807 53
4808 53
4809 53
4810 53
4811 53
4812 53
4813 53
4814 53
4815 53
4816 53
4817 53
4818 53
4819 53
4820 53
4821 53
4822 53
4823 53
4824 53
4825 53
4826 53
4827 53
4828 53
4829 53
4830 53
4831 53
4832 53
4833 53
4834 53
4835 53
4836 53
4837 53
4838 53
4839 53
4840 53
4841 53
4842 53
4843 53
4844 53
4845 53
