0 1 -0.2541965
1 1 -0.1599823
2 1 0.1733911
3 1 1.73155
4 1 0.6517096
5 1 0.985083
6 1 1.108286
7 1 -0.3991415
8 1 4.623202
9 1 1.811269
10 1 2.101159
11 1 -1.080383
12 1 0.9923303
13 1 -1.036899
14 1 -1.000663
15 1 -1.123866
16 1 1.579357
17 1 -1.2978
18 1 1.695313
19 1 0.3908086
20 1 -0.3991415
21 1 -0.5585809
22 1 0.1661439
23 1 -0.3629052
24 1 -0.1889713
25 1 0.3618196
26 1 -0.3194218
27 1 -0.2831855
28 1 -0.2831855
29 1 -0.7180204
30 1 0.6806986
31 1 0.4270448
32 1 -0.2759383
33 1 1.419918
34 1 0.4125504
35 1 -0.3411635
36 1 -0.6527952
37 1 -0.2904328
38 1 -0.2324548
39 1 -0.7832457
40 1 0.1444021
41 1 0.3980559
42 1 3.094032
43 1 0.3908086
44 1 -0.2831855
45 1 -0.5513337
46 1 -0.4643667
47 1 1.311209
48 1 1.398176
49 1 1.014072
50 1 -0.5078502
51 1 0.0501879
52 1 2.94184
53 1 0.6589568
54 1 1.818517
55 1 0.78216
56 1 0.5502481
57 1 0.7386765
58 1 0.6589568
59 1 0.5502481
60 1 1.854753
61 1 0.1516494
62 1 1.035814
63 1 -0.3773997
64 1 -0.239702
65 1 0.0139517
66 1 -0.6600425
67 1 -0.0657681
68 1 0.0864242
69 1 0.0429407
70 1 0.1516494
71 1 -0.616559
72 1 -0.8629654
73 1 1.477896
74 1 0.4632811
75 1 -1.218081
76 1 0.8546325
77 1 0.7386765
78 1 -0.8484709
79 1 -0.210713
80 1 0.2023801
81 1 0.3110889
82 1 0.4125504
83 1 -0.9281906
84 1 0.2820999
85 1 -0.413636
86 1 2.166384
87 1 1.101039
88 1 0.78216
89 1 0.2458636
90 1 0.0429407
91 1 0.2096274
92 1 0.4777756
93 1 -1.080383
94 1 0.78216
95 1 0.1951329
96 1 -0.1744768
97 1 -1.051394
98 1 -0.0440263
99 1 -0.8919544
100 1 0.0574352
101 1 0.6227205
102 1 1.695313
103 1 0.78216
104 1 0.5864843
105 1 -0.29768
106 1 -0.355658
107 1 -0.3918943
108 1 -0.5658282
109 1 0.6082261
110 1 0.78216
111 1 0.1226604
112 1 -0.3629052
113 1 0.927105
114 1 0.4197976
115 1 0.2458636
116 1 -0.1454878
117 1 0.9488468
118 1 -1.971794
119 1 -0.2904328
120 1 0.7169348
121 1 0.6589568
122 1 0.2820999
123 1 0.7169348
124 1 0.1299077
125 1 -0.268691
126 1 1.086545
127 1 0.5357535
128 1 0.9633412
129 1 -1.116619
130 1 3.565104
131 1 0.4632811
132 1 -0.1454878
133 1 1.615594
134 1 0.4053031
135 1 0.7604183
136 1 -0.7542567
137 1 -0.3411635
138 1 1.253231
139 1 0.9633412
140 1 0.2748526
141 1 0.9343522
142 1 -0.7252676
143 1 -1.703646
144 1 0.8908688
145 1 -0.6238062
146 1 0.3690669
147 1 0.2965944
148 1 0.9778357
149 1 -0.5078502
150 1 -0.268691
151 1 0.5285063
152 1 1.043061
153 1 0.6444623
154 1 0.1878856
155 1 1.122781
156 1 -0.413636
157 1 -0.3484108
158 1 0.0139517
159 1 0.6299678
160 1 -1.232575
161 1 0.9778357
162 1 0.7314293
163 1 0.3690669
164 1 -0.0512736
165 1 -0.7325149
166 1 -0.2831855
167 1 2.02144
168 1 0.2748526
169 1 0.3618196
170 1 0.5212591
171 1 -0.2831855
172 1 0.1154132
173 1 -0.6310534
174 1 0.2023801
175 1 1.296715
176 1 0.8836215
177 1 0.0501879
178 1 -0.3411635
179 1 -0.2324548
180 1 -0.7325149
181 1 1.057555
182 1 1.419918
183 1 1.427165
184 1 -0.6817842
185 1 0.6082261
186 1 0.2676054
187 1 -0.0947571
188 1 0.3908086
189 1 -0.123746
190 1 0.8473853
191 1 0.4777756
192 1 -1.036899
193 1 -0.1599823
194 1 0.2168746
195 1 0.1588967
196 1 -1.225328
197 1 -0.413636
198 1 -0.9209434
199 1 0.6806986
200 1 2.246104
201 1 0.1878856
202 1 1.695313
203 1 0.6589568
204 1 -0.29768
205 1 0.6734513
206 1 0.7096875
207 1 0.5430008
208 1 4.028927
209 1 -0.471614
210 1 -1.131114
211 1 -0.5078502
212 1 -0.5223447
213 1 -0.4281305
214 1 -0.2324548
215 1 0.4415393
216 1 -0.0150373
217 1 0.4270448
218 1 0.9198577
219 1 0.7604183
220 1 0.753171
221 1 1.49239
222 1 0.579237
223 1 -0.1889713
224 1 -0.4498722
225 1 -0.0222846
226 1 1.093792
227 1 0.8546325
228 1 -0.239702
229 1 0.0211989
230 1 -0.2904328
231 1 -1.87758
232 1 -1.74713
233 1 -0.8122346
234 1 -1.225328
235 1 -1.478981
236 1 -0.2034658
237 1 0.0356934
238 1 0.1878856
239 1 1.2025
240 1 0.5357535
241 1 0.0067044
242 1 0.8836215
243 1 -0.0875098
244 1 -0.5803227
245 1 0.1878856
246 1 -0.0440263
247 1 0.7024403
248 1 -0.3701525
249 1 1.130028
250 1 -0.8992016
251 1 0.9198577
252 1 -0.1454878
253 1 0.1444021
254 1 0.7024403
255 1 1.050308
256 1 0.2531109
257 1 -0.5223447
258 1 1.340198
259 1 0.8763742
260 1 0.4850228
261 1 0.6734513
262 1 1.245984
263 1 -0.6672897
264 1 -0.4208832
265 1 0.3110889
266 1 -0.6600425
267 1 -0.8484709
268 1 -0.3991415
269 1 1.427165
270 1 1.253231
271 1 -0.1454878
272 1 -0.2831855
273 1 -0.7542567
274 1 -0.442625
275 1 1.463401
276 1 0.2313691
277 1 0.3110889
278 1 -1.428251
279 1 -0.7252676
280 1 1.528627
281 1 1.079297
282 1 -0.152735
283 1 0.6009788
284 1 -0.471614
285 1 0.78216
286 1 0.6951931
287 1 0.927105
288 1 0.0139517
289 1 0.5357535
290 1 0.3328306
291 1 1.2025
292 1 -1.645668
293 1 -1.732635
294 1 0.4270448
295 1 0.4922701
296 1 2.202621
297 1 1.695313
298 1 -0.384647
299 1 1.180759
300 1 0.0936714
301 1 -0.9571796
302 1 -1.225328
303 1 2.079417
304 1 0.5285063
305 1 0.5357535
306 1 -0.5150974
307 1 0.9705885
308 1 0.0211989
309 1 0.1951329
310 1 0.3908086
311 1 -2.268932
312 1 1.325704
313 1 0.4632811
314 1 0.0139517
315 1 -1.986289
316 1 -0.2904328
317 1 -1.428251
318 1 -1.921064
319 1 -1.660163
320 1 -1.66741
321 1 -0.471614
322 1 -0.6527952
323 1 0.1733911
324 1 -1.24707
325 1 -1.058641
326 1 0.6806986
327 1 0.8546325
328 1 -0.6600425
329 1 0.1444021
330 1 0.869127
331 1 0.3400779
332 1 1.485143
333 1 -0.7180204
334 1 2.253351
335 1 0.8183963
336 1 -0.0730153
337 1 0.3980559
338 1 -0.0512736
339 1 -1.029652
340 1 0.2893471
341 1 -1.152855
342 1 -1.841344
343 1 0.7894073
344 1 -0.5440865
345 1 -2.471855
346 1 -0.1599823
347 1 -0.0730153
348 1 -0.5223447
349 1 -2.022525
350 1 -1.899322
351 1 1.332951
352 1 -0.3484108
353 1 -0.2831855
354 1 1.021319
355 1 0.5140119
356 1 -0.0730153
357 1 0.0356934
358 1 -0.0295318
359 1 -0.8484709
360 1 0.5212591
361 1 -0.1672295
362 1 -0.0150373
363 1 0.0719297
364 1 0.8328907
365 1 -0.8049874
366 1 -0.0077901
367 1 -1.160103
368 1 -1.442745
369 1 0.5067646
370 1 1.021319
371 1 -0.7687511
372 1 0.3545724
373 1 -0.1962185
374 1 1.079297
375 1 0.7749128
376 1 0.6372151
377 1 1.630088
378 1 0.9995775
379 1 -0.2904328
380 1 -0.6310534
381 1 0.4922701
382 1 1.173512
383 1 -0.0367791
384 1 0.1226604
385 1 -0.1382405
386 1 0.0574352
387 1 0.4922701
388 1 1.804022
389 1 1.209748
390 1 2.202621
391 1 -0.8267292
392 1 -0.4861085
393 1 0.1299077
394 1 1.137275
395 1 0.7096875
396 1 0.3545724
397 1 0.4125504
398 1 0.5067646
399 1 0.4125504
400 1 1.57211
401 1 -0.5513337
402 1 -0.3701525
403 1 0.3328306
404 1 0.7386765
405 1 -1.638421
406 1 1.622841
407 1 -0.29768
408 1 1.260478
409 1 0.6299678
410 1 -1.312295
411 1 0.0429407
412 1 -0.413636
413 1 -0.9571796
414 1 -1.718141
415 1 -0.0657681
416 1 -0.4933557
417 1 0.7314293
418 1 -0.8629654
419 1 -0.7977402
420 1 1.811269
421 1 0.8328907
422 1 0.724182
423 1 0.724182
424 1 -0.5658282
425 1 1.448907
426 1 0.9778357
427 1 0.7966545
428 1 0.2820999
429 1 -0.1744768
430 1 -0.6745369
431 1 1.912731
432 1 1.108286
433 1 1.78228
434 1 -0.2614438
435 1 0.6734513
436 1 0.3255834
437 1 0.666204
438 1 1.528627
439 1 -0.1382405
440 1 -0.1382405
441 1 -0.6383007
442 1 0.5285063
443 1 -0.9209434
444 1 1.130028
445 1 -1.602185
446 1 -0.5803227
447 1 -0.5078502
448 1 0.9923303
449 1 -0.0295318
450 1 -0.0585208
451 1 1.064803
452 1 0.4487866
453 1 -0.7325149
454 1 -1.022405
455 1 -0.0077901
456 1 0.2603581
457 1 1.289467
458 1 0.9633412
459 1 -0.5513337
460 1 -0.181724
461 1 -0.3121745
462 1 -0.3701525
463 1 -0.8629654
464 1 -0.8122346
465 1 4.507246
466 1 0.0429407
467 1 0.5864843
468 1 -0.442625
469 1 -0.4353777
470 1 -0.1164988
471 1 0.7459238
472 1 1.144522
473 1 0.5212591
474 1 0.3908086
475 1 1.238737
476 1 1.07205
477 1 1.44166
478 1 -0.355658
479 1 3.60134
480 1 -0.5658282
481 1 0.5864843
482 1 -0.0150373
483 1 -0.1599823
484 1 0.9923303
485 1 -0.9426851
486 1 -1.834097
487 1 0.4922701
488 1 -0.2541965
489 1 0.5212591
490 1 2.898357
491 1 -0.3773997
492 1 0.4850228
493 1 -0.8412237
494 1 0.7604183
495 1 0.9705885
496 1 2.282341
497 1 1.347445
498 1 0.4053031
499 1 1.035814
500 1 -0.29768
501 1 0.4632811
502 1 1.608346
503 1 1.448907
504 1 0.9778357
505 1 1.804022
506 1 0.6227205
507 1 -0.5585809
508 1 0.3980559
509 1 0.6227205
510 1 0.6227205
511 1 1.101039
512 1 0.7749128
513 1 -0.4353777
514 1 -0.4788612
515 1 1.659077
516 1 0.3255834
517 1 -1.421004
518 1 -0.3121745
519 1 -0.6890314
520 1 -2.392135
521 1 -1.464487
522 1 0.7604183
523 1 -0.9644269
524 1 1.050308
525 1 4.405784
526 1 0.0864242
527 1 0.9633412
528 1 0.8328907
529 1 -0.1382405
530 1 0.9995775
531 1 -0.4788612
532 1 0.2168746
533 1 -0.3339162
534 1 -2.435618
535 1 0.3328306
536 1 -0.6745369
537 1 -0.3121745
538 1 -0.7397622
539 1 -3.008151
540 1 -1.283306
541 1 0.0936714
542 1 0.2386164
543 1 1.093792
544 1 0.78216
545 1 -0.9861686
546 1 -0.5585809
547 1 -0.29768
548 1 0.7386765
549 1 0.3473251
550 1 -0.123746
551 1 1.115533
552 1 -0.210713
553 1 -0.2614438
554 1 -0.5803227
555 1 -0.1889713
556 1 0.869127
557 1 0.3110889
558 1 1.028566
559 1 1.07205
560 1 1.847506
561 1 1.49239
562 1 -0.3411635
563 1 -0.384647
564 1 0.6372151
565 1 2.666445
566 1 -0.0295318
567 1 -0.5730755
568 1 0.2168746
569 1 -0.5730755
570 1 -0.5513337
571 1 -0.0150373
572 1 1.666324
573 1 -0.2179603
574 1 -0.6093117
575 1 0.5864843
576 1 -0.0150373
577 1 0.8908688
578 1 -0.0222846
579 1 -0.4208832
580 1 0.0574352
581 1 -0.442625
582 1 0.2313691
583 1 -0.1309933
584 1 -0.0802626
585 1 0.0574352
586 1 0.7169348
587 1 2.064923
588 1 1.245984
589 1 0.4560339
590 1 -1.660163
591 1 -0.7252676
592 1 2.825884
593 1 1.050308
594 1 -0.3484108
595 1 0.5285063
596 1 0.7314293
597 1 -0.7687511
598 1 -0.4353777
599 1 -0.3918943
600 1 0.898116
601 1 1.477896
602 1 0.1516494
603 1 0.1009187
604 1 -0.1454878
605 1 0.4342921
606 1 0.9633412
607 1 0.6227205
608 1 1.093792
609 1 -0.7615039
610 1 1.014072
611 1 -0.529592
612 1 0.1516494
613 1 0.2313691
614 1 -1.152855
615 1 0.985083
616 1 -0.6455479
617 1 -1.363026
618 1 -0.703526
619 1 1.064803
620 1 1.94172
621 1 1.209748
622 1 -1.029652
623 1 -0.2904328
624 1 -0.3411635
625 1 0.666204
626 1 2.325824
627 1 0.666204
628 1 0.78216
629 1 0.7894073
630 1 0.5502481
631 1 0.8908688
632 1 0.0791769
633 1 0.840138
634 1 0.2676054
635 1 2.5215
636 1 1.804022
637 1 0.5502481
638 1 0.724182
639 1 0.0501879
640 1 -0.5440865
641 1 -0.7687511
642 1 0.0356934
643 1 -0.8194819
644 1 1.695313
645 1 0.9053633
646 1 0.6082261
647 1 0.4850228
648 1 0.0139517
649 1 -1.834097
650 1 0.6734513
651 1 1.470649
652 1 1.644583
653 1 0.6372151
654 1 2.23161
655 1 0.4922701
656 1 -0.1889713
657 1 0.0429407
658 1 0.5357535
659 1 0.3690669
660 1 1.354693
661 1 0.6517096
662 1 0.1226604
663 1 0.5864843
664 1 -1.993536
665 1 -1.841344
666 1 0.840138
667 1 0.6227205
668 1 0.0574352
669 1 -0.9789214
670 1 -0.9644269
671 1 -0.413636
672 1 -0.1599823
673 1 0.840138
674 1 -1.174597
675 1 1.021319
676 1 1.332951
677 1 1.006825
678 1 0.4850228
679 1 0.3908086
680 1 -0.6672897
681 1 -1.399262
682 1 -0.6962787
683 1 0.9923303
684 1 0.0429407
685 1 0.0139517
686 1 0.9198577
687 1 1.340198
688 1 0.4777756
689 1 0.3183361
690 1 -0.6383007
691 1 0.3400779
692 1 0.3400779
693 1 1.093792
694 1 -0.3121745
695 1 0.1951329
696 1 0.4415393
697 1 0.6734513
698 1 1.2025
699 1 0.6372151
700 1 1.180759
701 1 -0.1962185
702 1 -0.2759383
703 1 -3.087871
704 1 0.5067646
705 1 -2.53708
706 1 -1.065888
707 1 1.398176
708 1 0.6734513
709 1 0.2893471
710 1 0.8183963
711 1 0.9995775
712 1 -0.413636
713 1 1.238737
714 1 0.0211989
715 1 0.8908688
716 1 2.470769
717 1 0.0864242
718 1 0.753171
719 1 0.1878856
720 1 0.6517096
721 1 1.456154
722 1 0.1733911
723 1 0.0791769
724 1 0.1806384
725 1 -0.7252676
726 1 0.4053031
727 1 1.709808
728 1 0.2965944
729 1 0.8473853
730 1 0.8256435
731 1 1.448907
732 1 -0.7397622
733 1 -0.0005428
734 1 0.8473853
735 1 -0.0802626
736 1 -1.471734
737 1 0.3038416
738 1 -0.9716741
739 1 0.0501879
740 1 0.4777756
741 1 1.260478
742 1 0.5502481
743 1 0.1299077
744 1 1.253231
745 1 1.093792
746 1 1.035814
747 1 0.4632811
748 1 0.811149
749 1 1.303962
750 1 0.2676054
751 1 1.709808
752 1 1.130028
753 1 0.666204
754 1 1.253231
755 1 0.9488468
756 1 0.0719297
757 1 0.1081659
758 1 0.1009187
759 1 -0.9644269
760 1 2.035934
761 1 -0.0585208
762 1 0.8618798
763 1 0.9705885
764 1 0.2241219
765 1 1.137275
766 1 1.07205
767 1 -0.210713
768 1 0.0864242
769 1 1.514132
770 1 -0.6962787
771 1 -0.0005428
772 1 -1.478981
773 1 1.006825
774 1 -0.123746
775 1 -0.2034658
776 1 -1.355778
777 1 -0.1309933
778 1 0.9126105
779 1 0.3763141
780 1 -0.1454878
781 1 -0.7397622
782 1 -0.210713
783 1 0.7386765
784 1 1.122781
785 1 1.847506
786 1 0.8328907
787 1 -1.74713
788 1 0.0936714
789 1 -0.3411635
790 1 -1.058641
791 1 0.2023801
792 1 0.1226604
793 1 -2.370393
794 1 1.166264
795 1 -0.9209434
796 1 0.3763141
797 1 -1.022405
798 1 0.4995173
799 1 -3.029893
800 1 0.7096875
801 1 0.5647426
802 1 -0.0585208
803 1 -0.7759984
804 1 0.0429407
805 1 0.7966545
806 1 0.5212591
807 1 -0.6455479
808 1 0.6589568
809 1 -0.2541965
810 1 1.622841
811 1 0.8546325
812 1 -1.123866
813 1 2.333071
814 1 0.7749128
815 1 -1.732635
816 1 -1.558701
817 1 0.9995775
818 1 0.1226604
819 1 -1.428251
820 1 -0.0440263
821 1 0.3110889
822 1 -1.305048
823 1 -0.6817842
824 1 0.4632811
825 1 0.6589568
826 1 0.5719898
827 1 0.0067044
828 1 -1.145608
829 1 1.528627
830 1 0.4487866
831 1 1.94172
832 1 -1.812355
833 1 -0.9281906
834 1 -0.6817842
835 1 0.3038416
836 1 -0.4861085
837 1 0.7386765
838 1 0.6879458
839 1 -1.239822
840 1 -2.268932
841 1 1.028566
842 1 -0.0585208
843 1 -1.254317
844 1 -0.9426851
845 1 0.1516494
846 1 0.3473251
847 1 0.0864242
848 1 1.079297
849 1 -0.5585809
850 1 -0.4353777
851 1 2.601219
852 1 -0.2324548
853 1 -1.363026
854 1 1.543121
855 1 -0.2614438
856 1 0.4777756
857 1 0.0646824
858 1 -1.022405
859 1 0.6517096
860 1 0.0864242
861 1 -0.8484709
862 1 0.5140119
863 1 0.3545724
864 1 0.3980559
865 1 0.9488468
866 1 2.267846
867 1 0.3618196
868 1 -0.7397622
869 1 0.0719297
870 1 3.333192
871 1 -0.7542567
872 1 0.0719297
873 1 -0.5730755
874 1 0.3980559
875 1 -0.4498722
876 1 0.0864242
877 1 -0.0657681
878 1 0.4777756
879 1 -1.979042
880 1 -0.6600425
881 1 0.0284462
882 1 0.3255834
883 1 0.927105
884 1 0.6517096
885 1 -1.790613
886 1 -0.239702
887 1 1.73155
888 1 0.3110889
889 1 0.9705885
890 1 0.2893471
891 1 -0.4788612
892 1 -0.0875098
893 1 -0.2759383
894 1 -0.3629052
895 1 2.217115
896 1 -0.8412237
897 1 1.738797
898 1 0.0139517
899 1 -0.8847072
900 1 1.340198
901 1 1.043061
902 1 1.840258
903 1 -1.609432
904 1 0.0719297
905 1 -0.6310534
906 1 -0.1962185
907 1 1.354693
908 1 -0.5513337
909 1 2.064923
910 1 -1.928311
911 1 -0.8557181
912 1 -0.0512736
913 1 0.4705283
914 1 0.4850228
915 1 2.188126
916 1 -1.384767
917 1 1.021319
918 1 3.949208
919 1 -1.848591
920 1 -0.7180204
921 1 0.3400779
922 1 0.4415393
923 1 0.5430008
924 1 0.3618196
925 1 0.4342921
926 1 -0.3773997
927 1 0.4632811
928 1 1.144522
929 1 1.035814
930 1 -0.6238062
931 1 -1.181844
932 1 -0.0947571
933 1 0.7459238
934 1 0.9778357
935 1 -0.3701525
936 1 -0.0222846
937 1 -0.239702
938 1 -0.7615039
939 1 0.4705283
940 1 0.8763742
941 1 -1.254317
942 1 -0.3049273
943 1 0.0356934
944 1 0.0429407
945 1 -0.9281906
946 1 0.956094
947 1 -0.6383007
948 1 0.6806986
949 1 1.086545
950 1 0.7676655
951 1 0.3763141
952 1 -0.2324548
953 1 0.4705283
954 1 0.7894073
955 1 -0.3121745
956 1 0.4922701
957 1 -0.4281305
958 1 -1.428251
959 1 0.2313691
960 1 -0.5730755
961 1 0.1371549
962 1 -0.9281906
963 1 0.811149
964 1 0.5067646
965 1 -0.8919544
966 1 -1.529712
967 1 -0.2324548
968 1 -0.7977402
969 1 -0.0367791
970 1 0.753171
971 1 -0.0440263
972 1 2.5215
973 1 0.2096274
974 1 0.6879458
975 1 1.637335
976 1 0.9995775
977 1 1.260478
978 1 1.485143
979 1 -0.5658282
980 1 0.7749128
981 1 0.8473853
982 1 -0.5150974
983 1 -2.008031
984 1 -0.2324548
985 1 -1.805108
986 1 -0.0730153
987 1 -0.326669
988 1 -0.268691
989 1 2.333071
990 1 0.2965944
991 1 0.5140119
992 1 -0.442625
993 1 -0.326669
994 1 0.7676655
995 1 -0.616559
996 1 0.0211989
997 1 -0.0947571
998 1 2.463522
999 1 1.050308
1000 1 0.6299678
1001 1 0.7459238
1002 1 0.3473251
1003 1 -0.4788612
1004 1 -0.0875098
1005 1 -0.2759383
1006 1 -0.4643667
1007 1 -1.776119
1008 1 0.3908086
1009 1 0.3183361
1010 1 -0.2252075
1011 1 0.2893471
1012 1 0.1878856
1013 1 0.3763141
1014 1 0.4415393
1015 1 0.4197976
1016 1 -0.3991415
1017 1 1.890989
1018 1 -1.312295
1019 1 -0.9499324
1020 1 -0.6962787
1021 1 1.253231
1022 1 0.0574352
1023 1 0.3473251
1024 1 -0.58757
1025 1 0.927105
1026 1 1.427165
1027 1 0.753171
1028 1 0.8328907
1029 1 0.2531109
1030 1 0.2965944
1031 1 -0.5440865
1032 1 0.4995173
1033 1 0.2603581
1034 1 0.6517096
1035 1 -0.9716741
1036 1 0.6589568
1037 1 0.6879458
1038 1 -2.645789
1039 1 -0.9136962
1040 1 -1.254317
1041 1 -1.681904
1042 1 0.2313691
1043 1 1.535874
1044 1 -0.152735
1045 1 -0.5513337
1046 1 -0.5730755
1047 1 0.2893471
1048 1 -0.0730153
1049 1 -0.1962185
1050 1 -0.7832457
1051 1 0.3980559
1052 1 0.9053633
1053 1 0.4777756
1054 1 0.9343522
1055 1 0.9633412
1056 1 -0.8049874
1057 1 2.666445
1058 1 0.0646824
1059 1 0.4632811
1060 1 1.94172
1061 1 1.738797
1062 1 1.07205
1063 1 1.260478
1064 1 0.1081659
1065 1 -1.74713
1066 1 -1.131114
1067 1 -0.0875098
1068 1 0.666204
1069 1 -0.268691
1070 1 -0.8557181
1071 1 -0.6817842
1072 1 0.3038416
1073 1 -1.116619
1074 1 -1.58769
1075 1 0.5430008
1076 1 1.07205
1077 1 -0.326669
1078 1 0.9343522
1079 1 0.1878856
1080 1 0.2023801
1081 1 0.5937316
1082 1 0.0139517
1083 1 -0.0077901
1084 1 0.4125504
1085 1 -0.1889713
1086 1 0.2458636
1087 1 -1.652915
1088 1 0.3328306
1089 1 1.36194
1090 1 0.4995173
1091 1 -0.7252676
1092 1 -0.1092516
1093 1 -1.950053
1094 1 0.6009788
1095 1 1.448907
1096 1 -1.000663
1097 1 1.448907
1098 1 -0.4788612
1099 1 1.224242
1100 1 0.4632811
1101 1 -0.210713
1102 1 -0.7107732
1103 1 1.180759
1104 1 -0.0005428
1105 1 0.9198577
1106 1 -0.3773997
1107 1 0.5067646
1108 1 -0.1382405
1109 1 1.173512
1110 1 1.383682
1111 1 2.666445
1112 1 -1.181844
1113 1 0.1226604
1114 1 -0.4353777
1115 1 2.876615
1116 1 0.2168746
1117 1 -0.7180204
1118 1 0.3400779
1119 1 -0.6962787
1120 1 0.4850228
1121 1 0.2168746
1122 1 -0.210713
1123 1 0.6734513
1124 1 -0.8194819
1125 1 -1.268811
1126 1 1.398176
1127 1 -0.0440263
1128 1 -0.529592
1129 1 0.8039018
1130 1 0.0284462
1131 1 0.6734513
1132 1 0.9923303
1133 1 -0.1309933
1134 1 0.3110889
1135 1 -1.051394
1136 1 1.115533
1137 1 0.1878856
1138 1 -0.4571195
1139 1 0.5937316
1140 1 1.021319
1141 1 1.2025
1142 1 -1.732635
1143 1 1.267726
1144 1 -0.3411635
1145 1 0.7314293
1146 1 0.4995173
1147 1 1.506885
1148 1 1.15177
1149 1 0.6806986
1150 1 0.0139517
1151 1 -0.5658282
1152 1 1.260478
1153 1 -2.624047
1154 1 0.2023801
1155 1 -1.522465
1156 1 -1.906569
1157 1 -0.0295318
1158 1 -0.0947571
1159 1 0.724182
1160 1 1.180759
1161 1 -0.4571195
1162 1 0.0646824
1163 1 -0.1962185
1164 1 0.0067044
1165 1 1.245984
1166 1 1.115533
1167 1 0.0284462
1168 1 0.5574953
1169 1 0.4270448
1170 1 0.9923303
1171 1 0.2820999
1172 1 0.8039018
1173 1 0.9633412
1174 1 0.3183361
1175 1 1.28222
1176 1 0.2531109
1177 1 -0.1020043
1178 1 0.3038416
1179 1 -0.9644269
1180 1 -0.1744768
1181 1 -0.3918943
1182 1 1.818517
1183 1 -1.464487
1184 1 -1.819602
1185 1 -2.123987
1186 1 0.6227205
1187 1 -1.754377
1188 1 -1.478981
1189 1 -0.1962185
1190 1 0.1733911
1191 1 0.0646824
1192 1 0.8546325
1193 1 -1.348531
1194 1 -0.4933557
1195 1 -0.7107732
1196 1 -0.8339764
1197 1 -0.3484108
1198 1 0.753171
1199 1 0.6879458
1200 1 0.8256435
1201 1 0.3255834
1202 1 0.9126105
1203 1 -0.1672295
1204 1 -0.4571195
1205 1 0.724182
1206 1 0.1878856
1207 1 0.2820999
1208 1 0.1806384
1209 1 -0.0150373
1210 1 1.137275
1211 1 0.0211989
1212 1 -1.326789
1213 1 0.3980559
1214 1 -0.442625
1215 1 -0.0875098
1216 1 1.086545
1217 1 0.0284462
1218 1 -1.276059
1219 1 -0.6962787
1220 1 -1.094877
1221 1 -0.4788612
1222 1 -0.2252075
1223 1 -0.7904929
1224 1 -0.58757
1225 1 -0.3701525
1226 1 -0.3701525
1227 1 -0.1454878
1228 1 -0.3629052
1229 1 0.6589568
1230 1 -0.2324548
1231 1 0.4922701
1232 1 -1.413756
1233 1 -1.392015
1234 1 -0.0730153
1235 1 0.927105
1236 1 -0.1020043
1237 1 1.485143
1238 1 2.086665
1239 1 -0.1672295
1240 1 -0.3121745
1241 1 -0.9426851
1242 1 -0.0875098
1243 1 0.9415995
1244 1 2.202621
1245 1 -0.3701525
1246 1 0.4125504
1247 1 0.2313691
1248 1 -0.3049273
1249 1 0.2531109
1250 1 0.9923303
1251 1 -0.3049273
1252 1 -0.2904328
1253 1 1.245984
1254 1 -0.9136962
1255 1 -0.0730153
1256 1 1.064803
1257 1 -1.696399
1258 1 -0.1164988
1259 1 4.115894
1260 1 1.44166
1261 1 -1.138361
1262 1 0.8618798
1263 1 -0.2904328
1264 1 -0.6238062
1265 1 -1.16735
1266 1 -2.189212
1267 1 0.4197976
1268 1 1.209748
1269 1 -0.7904929
1270 1 -0.4208832
1271 1 -1.421004
1272 1 1.673572
1273 1 0.3690669
1274 1 0.2386164
1275 1 -0.4063887
1276 1 0.3183361
1277 1 -0.58757
1278 1 0.2893471
1279 1 0.6154733
1280 1 -0.7542567
1281 1 1.115533
1282 1 0.3400779
1283 1 0.3473251
1284 1 1.303962
1285 1 0.2023801
1286 1 0.2313691
1287 1 -0.7832457
1288 1 -0.6383007
1289 1 -0.529592
1290 1 0.0864242
1291 1 1.064803
1292 1 1.050308
1293 1 -1.319542
1294 1 -1.036899
1295 1 -0.500603
1296 1 -1.732635
1297 1 -0.0295318
1298 1 0.724182
1299 1 -0.2179603
1300 1 0.5937316
1301 1 -1.239822
1302 1 0.6082261
1303 1 0.4053031
1304 1 -0.6745369
1305 1 -0.0947571
1306 1 0.3183361
1307 1 -0.239702
1308 1 -0.8122346
1309 1 0.5937316
1310 1 0.3473251
1311 1 -0.2541965
1312 1 0.1154132
1313 1 -0.2469493
1314 1 -1.123866
1315 1 1.195253
1316 1 0.8183963
1317 1 -0.4571195
1318 1 0.8836215
1319 1 0.3255834
1320 1 0.5285063
1321 1 1.035814
1322 1 0.898116
1323 1 -0.6020644
1324 1 -0.6310534
1325 1 -0.0295318
1326 1 -0.7687511
1327 1 1.383682
1328 1 0.1371549
1329 1 0.3328306
1330 1 0.1516494
1331 1 0.1299077
1332 1 0.1733911
1333 1 1.101039
1334 1 -0.5803227
1335 1 -0.2469493
1336 1 0.2168746
1337 1 1.905484
1338 1 0.6154733
1339 1 0.1154132
1340 1 0.7676655
1341 1 0.5140119
1342 1 -0.181724
1343 1 1.847506
1344 1 -2.305168
1345 1 0.6879458
1346 1 0.0429407
1347 1 -1.739882
1348 1 -0.6745369
1349 1 0.6806986
1350 1 -0.6310534
1351 1 0.2603581
1352 1 0.0139517
1353 1 1.064803
1354 1 -0.0222846
1355 1 -0.8267292
1356 1 -0.4063887
1357 1 1.890989
1358 1 -0.29768
1359 1 0.6154733
1360 1 1.130028
1361 1 0.9198577
1362 1 0.4705283
1363 1 -0.7252676
1364 1 -1.421004
1365 1 -1.529712
1366 1 -0.6455479
1367 1 -0.4208832
1368 1 -0.4571195
1369 1 -0.7180204
1370 1 0.9343522
1371 1 0.5647426
1372 1 -0.9644269
1373 1 0.0067044
1374 1 1.028566
1375 1 0.0791769
1376 1 0.4053031
1377 1 1.195253
1378 1 -0.1962185
1379 1 -1.196339
1380 1 -0.1382405
1381 1 1.035814
1382 1 0.2965944
1383 1 0.2096274
1384 1 0.2313691
1385 1 -0.8339764
1386 1 -0.29768
1387 1 -0.1454878
1388 1 0.3183361
1389 1 -0.4498722
1390 1 0.4270448
1391 1 0.5357535
1392 1 -0.0005428
1393 1 1.463401
1394 1 2.767906
1395 1 1.137275
1396 1 2.137396
1397 1 0.0356934
1398 1 1.15177
1399 1 1.057555
1400 1 -0.7759984
1401 1 -0.1164988
1402 1 -0.6962787
1403 1 0.5430008
1404 1 -1.834097
1405 1 -0.1164988
1406 1 0.4632811
1407 1 0.7894073
1408 1 1.057555
1409 1 0.6589568
1410 1 -0.0367791
1411 1 -0.6310534
1412 1 -0.2541965
1413 1 0.4487866
1414 1 -0.8774599
1415 1 1.166264
1416 1 -0.2179603
1417 1 0.1081659
1418 1 -1.160103
1419 1 -0.1744768
1420 1 -0.9354379
1421 1 -0.8412237
1422 1 0.3110889
1423 1 0.0864242
1424 1 -0.1020043
1425 1 1.173512
1426 1 -0.0005428
1427 1 -0.239702
1428 1 -0.268691
1429 1 -1.08763
1430 1 0.5067646
1431 1 -1.921064
1432 1 -0.4353777
1433 1 -1.065888
1434 1 -0.1382405
1435 1 -0.5658282
1436 1 -0.2614438
1437 1 0.5285063
1438 1 0.4125504
1439 1 -0.3701525
1440 1 -0.7397622
1441 1 0.3763141
1442 1 -0.8774599
1443 1 -1.87758
1444 1 -0.1164988
1445 1 -1.841344
1446 1 -0.239702
1447 1 0.7749128
1448 1 -0.2469493
1449 1 -0.4353777
1450 1 0.0646824
1451 1 -0.152735
1452 1 0.6879458
1453 1 -2.406629
1454 1 0.3908086
1455 1 0.6879458
1456 1 -1.029652
1457 1 -2.479102
1458 1 -0.7252676
1459 1 0.8473853
1460 1 0.0284462
1461 1 0.3400779
1462 1 1.180759
1463 1 0.3618196
1464 1 -1.739882
1465 1 -0.7325149
1466 1 -0.3194218
1467 1 -0.1889713
1468 1 -0.442625
1469 1 0.3473251
1470 1 1.057555
1471 1 0.1009187
1472 1 1.195253
1473 1 -0.0947571
1474 1 2.217115
1475 1 -1.189092
1476 1 0.5067646
1477 1 0.4197976
1478 1 1.15177
1479 1 1.245984
1480 1 0.5357535
1481 1 -0.4861085
1482 1 1.231489
1483 1 0.0211989
1484 1 -0.9064489
1485 1 -0.8194819
1486 1 0.6517096
1487 1 -0.7615039
1488 1 -1.24707
1489 1 0.8836215
1490 1 0.2458636
1491 1 0.1154132
1492 1 -0.6527952
1493 1 -0.7832457
1494 1 -0.1889713
1495 1 0.4197976
1496 1 -0.0802626
1497 1 1.245984
1498 1 1.470649
1499 1 -0.0077901
1500 1 -0.4498722
1501 1 -0.3701525
1502 1 0.78216
1503 1 -0.5223447
1504 1 -0.8194819
1505 1 0.6589568
1506 1 -1.094877
1507 1 -1.392015
1508 1 0.2168746
1509 1 -0.0802626
1510 1 -0.6238062
1511 1 -1.109372
1512 1 -0.0367791
1513 1 0.6154733
1514 1 -0.0875098
1515 1 1.615594
1516 1 1.188006
1517 1 1.296715
1518 1 0.0429407
1519 1 -0.3991415
1520 1 0.5212591
1521 1 0.3110889
1522 1 0.4487866
1523 1 -0.6745369
1524 1 -1.102125
1525 1 -0.326669
1526 1 -0.6310534
1527 1 -0.7252676
1528 1 1.238737
1529 1 3.086785
1530 1 0.5502481
1531 1 1.528627
1532 1 1.419918
1533 1 -0.2324548
1534 1 -1.326789
1535 1 1.579357
1536 1 -0.3121745
1537 1 -0.326669
1538 1 0.8836215
1539 1 -0.1744768
1540 1 0.6372151
1541 1 1.883742
1542 1 -0.326669
1543 1 1.673572
1544 1 0.6082261
1545 1 -0.1309933
1546 1 -0.3701525
1547 1 0.1299077
1548 1 -0.0512736
1549 1 0.9488468
1550 1 0.7169348
1551 1 0.2241219
1552 1 -1.493476
1553 1 1.637335
1554 1 1.630088
1555 1 1.006825
1556 1 1.014072
1557 1 -1.544207
1558 1 1.796775
1559 1 2.347566
1560 1 -0.9426851
1561 1 -0.3991415
1562 1 1.253231
1563 1 -0.8122346
1564 1 -1.819602
1565 1 1.789528
1566 1 1.101039
1567 1 0.0864242
1568 1 1.064803
1569 1 0.2023801
1570 1 -0.0585208
1571 1 -0.6238062
1572 1 -0.5078502
1573 1 1.340198
1574 1 -1.174597
1575 1 -0.3629052
1576 1 1.180759
1577 1 0.3763141
1578 1 -0.4063887
1579 1 -1.442745
1580 1 -0.2541965
1581 1 0.3980559
1582 1 0.9415995
1583 1 0.2386164
1584 1 0.811149
1585 1 0.3835613
1586 1 -0.3049273
1587 1 0.4125504
1588 1 0.1226604
1589 1 1.021319
1590 1 0.3545724
1591 1 1.07205
1592 1 0.0139517
1593 1 0.3328306
1594 1 1.238737
1595 1 0.0211989
1596 1 1.666324
1597 1 1.354693
1598 1 -0.58757
1599 1 0.1299077
1600 1 0.4705283
1601 1 -0.3049273
1602 1 0.4270448
1603 1 -1.073136
1604 1 -0.7615039
1605 1 0.0501879
1606 1 0.3400779
1607 1 0.1951329
1608 1 -0.6890314
1609 1 0.811149
1610 1 0.4415393
1611 1 0.6444623
1612 1 1.448907
1613 1 -0.3121745
1614 1 -0.6455479
1615 1 0.3690669
1616 1 1.115533
1617 1 -0.0222846
1618 1 -0.9861686
1619 1 0.4487866
1620 1 0.8618798
1621 1 1.064803
1622 1 0.4197976
1623 1 -0.1889713
1624 1 0.3545724
1625 1 0.6734513
1626 1 -0.4208832
1627 1 1.405423
1628 1 -0.1309933
1629 1 1.717055
1630 1 0.2893471
1631 1 -1.058641
1632 1 3.89123
1633 1 -1.116619
1634 1 2.253351
1635 1 1.477896
1636 1 -0.0657681
1637 1 1.101039
1638 1 0.2965944
1639 1 0.2893471
1640 1 1.760539
1641 1 -1.449993
1642 1 -1.225328
1643 1 -0.9644269
1644 1 0.3038416
1645 1 2.028687
1646 1 -0.6745369
1647 1 1.514132
1648 1 0.2965944
1649 1 0.6372151
1650 1 1.238737
1651 1 -0.268691
1652 1 -0.2904328
1653 1 0.0791769
1654 1 3.086785
1655 1 1.644583
1656 1 0.2820999
1657 1 1.398176
1658 1 0.7966545
1659 1 0.0936714
1660 1 0.4053031
1661 1 1.130028
1662 1 1.521379
1663 1 1.847506
1664 1 0.6951931
1665 1 0.3980559
1666 1 -0.0875098
1667 1 1.934473
1668 1 -0.4933557
1669 1 0.4560339
1670 1 -0.1599823
1671 1 0.6589568
1672 1 -0.9644269
1673 1 0.1444021
1674 1 1.064803
1675 1 0.9343522
1676 1 0.6951931
1677 1 0.6806986
1678 1 -0.9426851
1679 1 0.0791769
1680 1 0.3618196
1681 1 -0.2831855
1682 1 0.3908086
1683 1 0.2168746
1684 1 0.3545724
1685 1 0.6734513
1686 1 0.4415393
1687 1 1.303962
1688 1 0.6806986
1689 1 0.6517096
1690 1 0.2748526
1691 1 -0.123746
1692 1 -1.102125
1693 1 -0.6745369
1694 1 0.0067044
1695 1 -0.6527952
1696 1 -0.3701525
1697 1 0.9053633
1698 1 0.927105
1699 1 1.528627
1700 1 0.2386164
1701 1 1.398176
1702 1 0.8473853
1703 1 0.2168746
1704 1 1.354693
1705 1 0.8836215
1706 1 1.311209
1707 1 0.1371549
1708 1 0.1661439
1709 1 0.4197976
1710 1 0.5212591
1711 1 -1.616679
1712 1 0.869127
1713 1 0.1951329
1714 1 0.9633412
1715 1 1.325704
1716 1 1.216995
1717 1 -0.0077901
1718 1 0.3183361
1719 1 0.9995775
1720 1 -0.1309933
1721 1 0.724182
1722 1 -1.37752
1723 1 2.202621
1724 1 0.1733911
1725 1 -0.4571195
1726 1 -0.3121745
1727 1 1.079297
1728 1 0.3038416
1729 1 0.1516494
1730 1 -0.1382405
1731 1 -0.8484709
1732 1 0.1516494
1733 1 0.1009187
1734 1 0.2313691
1735 1 3.079538
1736 1 0.0936714
1737 1 0.3835613
1738 1 -0.413636
1739 1 -0.1962185
1740 1 -0.0077901
1741 1 1.325704
1742 1 -0.0730153
1743 1 0.4487866
1744 1 1.557616
1745 1 0.1733911
1746 1 1.050308
1747 1 0.3908086
1748 1 0.4053031
1749 1 0.3400779
1750 1 0.1444021
1751 1 -0.1962185
1752 1 -1.986289
1753 1 0.2676054
1754 1 0.7024403
1755 1 1.405423
1756 1 0.4197976
1757 1 0.8473853
1758 1 -1.022405
1759 1 -0.1382405
1760 1 -0.239702
1761 1 -0.0222846
1762 1 0.6372151
1763 1 -0.1744768
1764 1 -0.1164988
1765 1 0.2096274
1766 1 -0.8919544
1767 1 1.485143
1768 1 0.3835613
1769 1 0.4270448
1770 1 1.180759
1771 1 1.876495
1772 1 0.840138
1773 1 0.0284462
1774 1 -2.942926
1775 1 0.2386164
1776 1 0.0864242
1777 1 0.5212591
1778 1 0.4850228
1779 1 -1.558701
1780 1 1.195253
1781 1 0.2820999
1782 1 1.144522
1783 1 -0.9209434
1784 1 0.6082261
1785 1 0.927105
1786 1 1.586605
1787 1 1.332951
1788 1 -0.3629052
1789 1 -1.152855
1790 1 0.6879458
1791 1 -1.225328
1792 1 0.7459238
1793 1 -0.4788612
1794 1 -0.1889713
1795 1 0.753171
1796 1 0.753171
1797 1 -1.174597
1798 1 0.1661439
1799 1 3.963702
1800 1 0.6951931
1801 1 0.0356934
1802 1 -0.5513337
1803 1 -0.0367791
1804 1 -0.5368392
1805 1 -0.3411635
1806 1 1.934473
1807 1 0.3400779
1808 1 0.8763742
1809 1 -0.1962185
1810 1 1.499638
1811 1 0.1009187
1812 1 1.470649
1813 1 1.245984
1814 1 1.245984
1815 1 -0.4788612
1816 1 0.2603581
1817 1 1.521379
1818 1 2.499758
1819 1 1.07205
1820 1 0.6154733
1821 1 1.419918
1822 1 -0.0367791
1823 1 1.122781
1824 1 0.1588967
1825 1 -0.6310534
1826 1 0.9995775
1827 1 -0.4788612
1828 1 -0.3339162
1829 1 2.985324
1830 1 -0.9571796
1831 1 0.4850228
1832 1 0.5937316
1833 1 1.340198
1834 1 -0.3049273
1835 1 0.3763141
1836 1 -0.1164988
1837 1 -0.0802626
1838 1 -0.2179603
1839 1 -0.1020043
1840 1 0.5067646
1841 1 0.6517096
1842 1 -1.950053
1843 1 -0.703526
1844 1 0.5574953
1845 1 0.6589568
1846 1 0.3110889
1847 1 -0.529592
1848 1 3.282461
1849 1 0.2168746
1850 1 -0.1020043
1851 1 -1.718141
1852 1 0.0429407
1853 1 1.115533
1854 1 -0.0005428
1855 1 0.6589568
1856 1 0.4777756
1857 1 1.260478
1858 1 1.311209
1859 1 0.7386765
1860 1 -0.3121745
1861 1 -0.5440865
1862 1 0.0067044
1863 1 0.3400779
1864 1 1.521379
1865 1 0.3545724
1866 1 -1.24707
1867 1 -0.3339162
1868 1 0.5285063
1869 1 -0.9499324
1870 1 -0.2324548
1871 1 1.166264
1872 1 -1.065888
1873 1 -0.500603
1874 1 1.173512
1875 1 -0.6527952
1876 1 0.2676054
1877 1 1.44166
1878 1 0.3835613
1879 1 0.0067044
1880 1 -0.7977402
1881 1 2.159137
1882 1 0.8908688
1883 1 1.231489
1884 1 1.303962
1885 1 0.1299077
1886 1 0.7966545
1887 1 -0.9064489
1888 1 -0.0440263
1889 1 0.4995173
1890 1 -0.529592
1891 1 -0.6817842
1892 1 -1.58769
1893 1 0.3110889
1894 1 0.0067044
1895 1 1.876495
1896 1 0.1009187
1897 1 -0.7180204
1898 1 0.0067044
1899 1 1.267726
1900 1 -0.7904929
1901 1 2.014192
1902 1 1.383682
1903 1 0.3110889
1904 1 -0.4571195
1905 1 -0.1092516
1906 1 0.2965944
1907 1 0.1444021
1908 1 -1.051394
1909 1 0.1806384
1910 1 -0.7687511
1911 1 1.122781
1912 1 0.1081659
1913 1 0.1733911
1914 1 0.2313691
1915 1 0.2168746
1916 1 0.6227205
1917 1 0.2313691
1918 1 1.224242
1919 1 -0.1382405
1920 1 -0.2034658
1921 1 0.1806384
1922 1 0.898116
1923 1 -0.5078502
1924 1 -0.7832457
1925 1 -1.094877
1926 1 -1.138361
1927 1 0.4632811
1928 1 0.5067646
1929 1 1.144522
1930 1 0.1806384
1931 1 -0.3121745
1932 1 1.608346
1933 1 -0.7252676
1934 1 0.9705885
1935 1 -0.0367791
1936 1 -0.6817842
1937 1 -0.1889713
1938 1 -0.1889713
1939 1 1.108286
1940 1 0.5937316
1941 1 -0.3339162
1942 1 -1.66741
1943 1 -1.022405
1944 1 0.9995775
1945 1 1.535874
1946 1 -0.9789214
1947 1 0.0646824
1948 1 0.5067646
1949 1 0.7894073
1950 1 -1.181844
1951 1 -0.7977402
1952 1 0.1009187
1953 1 0.7169348
1954 1 2.064923
1955 1 1.238737
1956 1 1.688066
1957 1 1.477896
1958 1 1.238737
1959 1 1.427165
1960 1 0.0501879
1961 1 -0.0367791
1962 1 -0.471614
1963 1 -0.4861085
1964 1 0.985083
1965 1 -0.3411635
1966 1 0.0574352
1967 1 -0.471614
1968 1 -0.0222846
1969 1 -1.225328
1970 1 1.622841
1971 1 -0.529592
1972 1 -0.2541965
1973 1 -1.131114
1974 1 0.3835613
1975 1 0.5864843
1976 1 0.9488468
1977 1 1.448907
1978 1 -0.8412237
1979 1 0.3618196
1980 1 0.4777756
1981 1 0.5502481
1982 1 0.8908688
1983 1 0.4125504
1984 1 1.043061
1985 1 0.5285063
1986 1 0.6154733
1987 1 -0.8049874
1988 1 0.0574352
1989 1 -0.8194819
1990 1 -0.4498722
1991 1 -0.8339764
1992 1 -0.8847072
1993 1 0.5719898
1994 1 0.840138
1995 1 0.1226604
1996 1 0.8763742
1997 1 -0.5513337
1998 1 0.898116
1999 1 -0.268691
2000 1 -0.9571796
2001 1 -1.37752
2002 1 0.3908086
2003 1 0.4560339
2004 1 0.2748526
2005 1 0.9923303
2006 1 0.6444623
2007 1 0.4705283
2008 1 -0.0150373
2009 1 -0.4788612
2010 1 1.231489
2011 1 -0.268691
2012 1 0.3038416
2013 1 -0.6527952
2014 1 1.369187
2015 1 0.6372151
2016 1 -0.2469493
2017 1 -1.37752
2018 1 -1.210833
2019 1 -0.5585809
2020 1 1.470649
2021 1 -0.1599823
2022 1 0.3690669
2023 1 0.3908086
2024 1 -0.4788612
2025 1 -0.2034658
2026 1 -0.6962787
2027 1 0.4053031
2028 1 -0.5585809
2029 1 1.78228
2030 1 0.1444021
2031 1 -0.3484108
2032 1 0.1154132
2033 1 0.2748526
2034 1 -0.6527952
2035 1 0.1806384
2036 1 2.122901
2037 1 0.9053633
2038 1 -0.4281305
2039 1 -0.4281305
2040 1 -0.0005428
2041 1 -0.6455479
2042 1 0.753171
2043 1 -1.08763
2044 1 -0.413636
2045 1 -0.0875098
2046 1 1.159017
2047 1 0.9778357
2048 1 -1.051394
2049 1 0.4705283
2050 1 0.1588967
2051 1 -0.4063887
2052 1 -0.8919544
2053 1 0.2168746
2054 1 0.9995775
2055 1 0.6154733
2056 1 0.3473251
2057 1 -0.6455479
2058 1 2.325824
2059 1 0.9633412
2060 1 1.666324
2061 1 2.499758
2062 1 0.2458636
2063 1 0.0501879
2064 1 0.840138
2065 1 0.6734513
2066 1 0.0067044
2067 1 0.3400779
2068 1 1.195253
2069 1 0.1588967
2070 1 -0.2469493
2071 1 0.6009788
2072 1 0.0646824
2073 1 3.420159
2074 1 -1.471734
2075 1 -1.37752
2076 1 -0.529592
2077 1 0.9053633
2078 1 1.216995
2079 1 -0.0512736
2080 1 -0.7832457
2081 1 -0.9281906
2082 1 0.2603581
2083 1 -0.3773997
2084 1 0.3545724
2085 1 -0.5585809
2086 1 -1.355778
2087 1 0.0646824
2088 1 0.7386765
2089 1 -0.7687511
2090 1 -0.500603
2091 1 0.6082261
2092 1 -0.1092516
2093 1 0.1154132
2094 1 0.1154132
2095 1 1.064803
2096 1 -0.4861085
2097 1 -0.9861686
2098 1 0.3328306
2099 1 0.3400779
2100 1 -0.7107732
2101 1 -0.4208832
2102 1 0.3908086
2103 1 0.3835613
2104 1 1.564863
2105 1 -0.4208832
2106 1 0.811149
2107 1 0.2313691
2108 1 -0.0005428
2109 1 1.115533
2110 1 -2.276179
2111 1 0.6372151
2112 1 0.4053031
2113 1 0.1009187
2114 1 0.9415995
2115 1 0.7894073
2116 1 0.1371549
2117 1 -0.4788612
2118 1 -0.500603
2119 1 0.9488468
2120 1 0.7894073
2121 1 1.608346
2122 1 -0.4933557
2123 1 -0.3773997
2124 1 -0.1454878
2125 1 0.3110889
2126 1 0.78216
2127 1 -1.181844
2128 1 0.5502481
2129 1 -1.225328
2130 1 -1.138361
2131 1 0.0791769
2132 1 0.4053031
2133 1 -0.6093117
2134 1 -0.529592
2135 1 -0.9209434
2136 1 0.1226604
2137 1 1.434412
2138 1 -0.1889713
2139 1 -0.0222846
2140 1 0.1878856
2141 1 0.2531109
2142 1 0.0936714
2143 1 -1.305048
2144 1 1.296715
2145 1 -0.6890314
2146 1 -0.3991415
2147 1 0.3110889
2148 1 0.6299678
2149 1 -0.1599823
2150 1 -0.2904328
2151 1 -1.522465
2152 1 0.6299678
2153 1 -1.312295
2154 1 -0.9789214
2155 1 0.3328306
2156 1 -0.2179603
2157 1 1.804022
2158 1 0.6154733
2159 1 2.115654
2160 1 1.2025
2161 1 0.3473251
2162 1 0.8546325
2163 1 -1.189092
2164 1 -1.870333
2165 1 0.5067646
2166 1 0.4342921
2167 1 0.0067044
2168 1 -0.3411635
2169 1 -0.8267292
2170 1 -0.355658
2171 1 -0.1889713
2172 1 0.5864843
2173 1 -0.6890314
2174 1 0.2893471
2175 1 -0.9281906
2176 1 -0.8847072
2177 1 0.4777756
2178 1 0.1371549
2179 1 1.630088
2180 1 -0.0657681
2181 1 0.9705885
2182 1 1.050308
2183 1 -0.0295318
2184 1 1.470649
2185 1 1.499638
2186 1 0.724182
2187 1 -0.1962185
2188 1 1.050308
2189 1 1.108286
2190 1 0.5430008
2191 1 0.666204
2192 1 0.3183361
2193 1 -0.6310534
2194 1 0.5574953
2195 1 -0.1599823
2196 1 0.5212591
2197 1 0.3690669
2198 1 -0.1164988
2199 1 1.405423
2200 1 -0.616559
2201 1 -0.3629052
2202 1 0.6879458
2203 1 -0.4063887
2204 1 0.0646824
2205 1 -0.1889713
2206 1 0.0067044
2207 1 -0.0512736
2208 1 0.1444021
2209 1 -0.2541965
2210 1 1.043061
2211 1 0.724182
2212 1 -0.2541965
2213 1 1.274973
2214 1 0.2241219
2215 1 -0.8194819
2216 1 1.630088
2217 1 1.463401
2218 1 0.6009788
2219 1 0.5937316
2220 1 0.8836215
2221 1 0.1226604
2222 1 0.1371549
2223 1 1.267726
2224 1 0.5864843
2225 1 2.550489
2226 1 -1.094877
2227 1 -0.4933557
2228 1 0.869127
2229 1 1.137275
2230 1 1.535874
2231 1 -1.232575
2232 1 0.7894073
2233 1 -0.3918943
2234 1 -0.123746
2235 1 0.1444021
2236 1 -1.044147
2237 1 -1.036899
2238 1 0.6517096
2239 1 0.7459238
2240 1 -0.7180204
2241 1 0.1009187
2242 1 -0.58757
2243 1 -2.044267
2244 1 -2.993656
2245 1 -0.4208832
2246 1 -0.7615039
2247 1 -1.826849
2248 1 -0.3339162
2249 1 0.3328306
2250 1 -0.8557181
2251 1 -0.0585208
2252 1 -0.3339162
2253 1 0.1878856
2254 1 -0.7252676
2255 1 -1.37752
2256 1 -0.8992016
2257 1 -1.37752
2258 1 0.1951329
2259 1 0.2676054
2260 1 0.2676054
2261 1 -1.515218
2262 1 -0.6890314
2263 1 -0.6238062
2264 1 2.630208
2265 1 -1.203586
2266 1 -0.1382405
2267 1 -0.529592
2268 1 -3.066129
2269 1 -2.290673
2270 1 0.4342921
2271 1 -1.036899
2272 1 -0.529592
2273 1 -1.08763
2274 1 1.796775
2275 1 0.3980559
2276 1 -1.551454
2277 1 0.5647426
2278 1 0.579237
2279 1 1.644583
2280 1 0.1806384
2281 1 -2.131234
2282 1 -0.413636
2283 1 0.7749128
2284 1 -1.225328
2285 1 -0.0802626
2286 1 -0.4498722
2287 1 -0.181724
2288 1 -0.3629052
2289 1 -1.993536
2290 1 -1.819602
2291 1 -0.9861686
2292 1 -2.406629
2293 1 -0.239702
2294 1 -0.4788612
2295 1 -2.022525
2296 1 -0.7687511
2297 1 1.231489
2298 1 -0.9644269
2299 1 0.8908688
2300 1 -2.008031
2301 1 1.093792
2302 1 -0.5658282
2303 1 0.0936714
2304 1 -1.718141
2305 1 -0.7904929
2306 1 0.1299077
2307 1 -0.7397622
2308 1 -0.5150974
2309 1 0.3763141
2310 1 1.535874
2311 1 -0.471614
2312 1 -0.7397622
2313 1 1.159017
2314 1 0.0139517
2315 1 0.2893471
2316 1 1.927225
2317 1 0.0356934
2318 1 -0.471614
2319 1 0.6009788
2320 1 -0.7832457
2321 1 -0.1164988
2322 1 -1.573196
2323 1 -1.674657
2324 1 0.4705283
2325 1 -0.4861085
2326 1 1.108286
2327 1 -1.218081
2328 1 -0.1599823
2329 1 -0.0295318
2330 1 -2.45736
2331 1 -0.326669
2332 1 0.9198577
2333 1 -1.573196
2334 1 -0.5368392
2335 1 -0.8194819
2336 1 0.2168746
2337 1 1.216995
2338 1 -0.0295318
2339 1 -1.392015
2340 1 -1.24707
2341 1 2.673692
2342 1 3.079538
2343 1 -2.754497
2344 1 -0.1454878
2345 1 0.7459238
2346 1 0.6517096
2347 1 0.0067044
2348 1 -0.0875098
2349 1 -0.7542567
2350 1 0.7314293
2351 1 -0.7252676
2352 1 -1.384767
2353 1 -1.145608
2354 1 -0.9861686
2355 1 0.5430008
2356 1 0.5574953
2357 1 -0.7470094
2358 1 -0.326669
2359 1 -0.8194819
2360 1 0.1733911
2361 1 -0.0440263
2362 1 0.7169348
2363 1 -1.623927
2364 1 -0.7325149
2365 1 0.3763141
2366 1 0.811149
2367 1 0.1371549
2368 1 0.5357535
2369 1 0.3400779
2370 1 0.1661439
2371 1 0.3183361
2372 1 -0.5440865
2373 1 0.7459238
2374 1 -1.123866
2375 1 1.514132
2376 1 2.267846
2377 1 -0.4281305
2378 1 1.014072
2379 1 0.0574352
2380 1 -0.0512736
2381 1 0.927105
2382 1 0.1299077
2383 1 -0.0947571
2384 1 -0.3701525
2385 1 1.57211
2386 1 -0.2831855
2387 1 1.137275
2388 1 -0.6238062
2389 1 1.753291
2390 1 0.2458636
2391 1 2.354813
2392 1 0.8763742
2393 1 0.8908688
2394 1 3.615834
2395 1 2.354813
2396 1 1.825764
2397 1 0.8908688
2398 1 1.166264
2399 1 -0.8267292
2400 1 -0.123746
2401 1 -0.703526
2402 1 -0.7687511
2403 1 -0.3701525
2404 1 -0.7470094
2405 1 -0.0150373
2406 1 1.412671
2407 1 1.666324
2408 1 4.608707
2409 1 -0.1309933
2410 1 -2.703767
2411 1 0.7386765
2412 1 -0.8122346
2413 1 0.9198577
2414 1 -1.594938
2415 1 -0.4063887
2416 1 -1.239822
2417 1 -0.5440865
2418 1 -0.0077901
2419 1 -1.109372
2420 1 0.0936714
2421 1 1.209748
2422 1 0.811149
2423 1 -0.4643667
2424 1 -0.4208832
2425 1 -0.7107732
2426 1 2.615714
2427 1 -0.5150974
2428 1 -1.16735
2429 1 -1.16735
2430 1 -1.522465
2431 1 -2.181965
2432 1 -0.5730755
2433 1 -0.703526
2434 1 -1.094877
2435 1 1.883742
2436 1 0.869127
2437 1 0.0067044
2438 1 0.2820999
2439 1 -1.906569
2440 1 1.231489
2441 1 0.2603581
2442 1 -0.8702127
2443 1 -0.2324548
2444 1 0.6806986
2445 1 -0.6238062
2446 1 0.6227205
2447 1 1.912731
2448 1 1.057555
2449 1 -1.065888
2450 1 0.1951329
2451 1 -1.015158
2452 1 -0.9354379
2453 1 -0.4281305
2454 1 -0.0150373
2455 1 -0.6310534
2456 1 0.9488468
2457 1 -0.6383007
2458 1 0.2676054
2459 1 1.079297
2460 1 1.934473
2461 1 0.840138
2462 1 1.209748
2463 1 2.07217
2464 1 -3.11686
2465 1 -0.8339764
2466 1 1.49239
2467 1 1.746044
2468 1 -0.9716741
2469 1 4.166625
2470 1 4.268086
2471 1 -1.102125
2472 1 0.3183361
2473 1 -0.9136962
2474 1 -1.051394
2475 1 -1.029652
2476 1 0.4342921
2477 1 -0.0077901
2478 1 0.5937316
2479 1 -0.9571796
2480 1 0.9995775
2481 1 -0.3411635
2482 1 -0.4861085
2483 1 -0.3629052
2484 1 -0.413636
2485 1 -0.9136962
2486 1 1.528627
2487 1 -1.594938
2488 1 0.3618196
2489 1 -0.4643667
2490 1 0.9488468
2491 1 -0.1599823
2492 1 0.7314293
2493 1 -0.471614
2494 1 -0.7977402
2495 1 -1.290553
2496 1 2.376555
2497 1 1.724302
2498 1 -0.0150373
2499 1 -0.7832457
2500 1 -0.9209434
2501 1 1.035814
2502 1 0.7314293
2503 1 1.260478
2504 1 1.535874
2505 1 -0.384647
2506 1 -0.9571796
2507 1 -0.6745369
2508 1 -0.703526
2509 1 -0.1889713
2510 1 -0.0730153
2511 1 0.4487866
2512 1 0.2676054
2513 1 -0.0875098
2514 1 -1.00791
2515 1 0.2313691
2516 1 -0.7832457
2517 1 0.1878856
2518 1 0.3255834
2519 1 -1.348531
2520 1 -0.7180204
2521 1 -0.6672897
2522 1 0.8763742
2523 1 -0.5368392
2524 1 0.1878856
2525 1 0.3980559
2526 1 0.5067646
2527 1 -0.3049273
2528 1 0.4415393
2529 1 1.434412
2530 1 -1.406509
2531 1 0.0864242
2532 1 -0.4571195
2533 1 0.2965944
2534 1 -0.9934159
2535 1 0.78216
2536 1 0.1154132
2537 1 -0.7687511
2538 1 0.6444623
2539 1 0.3690669
2540 1 -0.9861686
2541 1 -0.2831855
2542 1 -0.9789214
2543 1 1.340198
2544 1 -1.544207
2545 1 -0.9354379
2546 1 0.0864242
2547 1 -0.0440263
2548 1 -1.109372
2549 1 -0.4571195
2550 1 0.9415995
2551 1 -0.9064489
2552 1 1.564863
2553 1 -0.9861686
2554 1 0.3690669
2555 1 0.9198577
2556 1 0.7096875
2557 1 -0.529592
2558 1 -1.102125
2559 1 -0.6600425
2560 1 -0.9281906
2561 1 -0.0875098
2562 1 0.5140119
2563 1 -0.4281305
2564 1 -1.790613
2565 1 0.1661439
2566 1 -0.6093117
2567 1 -1.442745
2568 1 0.1588967
2569 1 0.0356934
2570 1 0.1371549
2571 1 1.15177
2572 1 0.8546325
2573 1 0.8908688
2574 1 0.6082261
2575 1 -0.4208832
2576 1 -0.2324548
2577 1 -1.123866
2578 1 0.1733911
2579 1 -0.3484108
2580 1 0.3690669
2581 1 1.093792
2582 1 0.3980559
2583 1 0.4777756
2584 1 -1.739882
2585 1 -1.210833
2586 1 -0.1889713
2587 1 0.1081659
2588 1 -0.0875098
2589 1 -0.3484108
2590 1 -0.0150373
2591 1 -0.471614
2592 1 -0.7180204
2593 1 -0.616559
2594 1 -0.7904929
2595 1 -0.4788612
2596 1 -0.239702
2597 1 -0.6310534
2598 1 -0.9934159
2599 1 -0.0657681
2600 1 -0.6890314
2601 1 -0.3194218
2602 1 1.311209
2603 1 0.1806384
2604 1 0.8256435
2605 1 3.014313
2606 1 -0.0512736
2607 1 0.3400779
2608 1 -0.6890314
2609 1 -0.703526
2610 1 0.2965944
2611 1 0.3473251
2612 1 -0.3411635
2613 1 -0.1454878
2614 1 -0.5513337
2615 1 -0.529592
2616 1 0.4922701
2617 1 -0.2831855
2618 1 -0.181724
2619 1 0.8618798
2620 1 0.0067044
2621 1 -0.0005428
2622 1 -1.812355
2623 1 -0.6962787
2624 1 0.5864843
2625 1 -0.7470094
2626 1 0.3690669
2627 1 0.4705283
2628 1 1.050308
2629 1 0.2820999
2630 1 0.0211989
2631 1 0.3038416
2632 1 -0.239702
2633 1 -0.9644269
2634 1 0.5430008
2635 1 -2.254437
2636 1 -2.174717
2637 1 -0.9716741
2638 1 -0.1599823
2639 1 -0.4281305
2640 1 -0.181724
2641 1 0.7314293
2642 1 2.260599
2643 1 -1.123866
2644 1 -1.16735
2645 1 -2.109492
2646 1 -0.5730755
2647 1 -0.6238062
2648 1 1.303962
2649 1 0.0501879
2650 1 -0.6962787
2651 1 0.3110889
2652 1 0.5574953
2653 1 -0.7977402
2654 1 1.180759
2655 1 0.0356934
2656 1 0.5067646
2657 1 -0.8484709
2658 1 0.0501879
2659 1 -0.0367791
2660 1 -0.0367791
2661 1 -3.044387
2662 1 0.1226604
2663 1 -0.3194218
2664 1 0.5285063
2665 1 1.528627
2666 1 -0.3773997
2667 1 0.7096875
2668 1 -0.9499324
2669 1 0.9343522
2670 1 0.811149
2671 1 -0.0512736
2672 1 -1.239822
2673 1 -0.8557181
2674 1 -0.0440263
2675 1 0.4705283
2676 1 0.2965944
2677 1 -1.015158
2678 1 -0.4643667
2679 1 -0.2252075
2680 1 0.0574352
2681 1 -1.674657
2682 1 -1.413756
2683 1 0.5212591
2684 1 -1.145608
2685 1 -0.9499324
2686 1 0.0356934
2687 1 0.4560339
2688 1 0.4560339
2689 1 -1.102125
2690 1 -0.3629052
2691 1 -0.8339764
2692 1 -0.3701525
2693 1 -0.6020644
2694 1 -1.058641
2695 1 0.2458636
2696 1 -0.6238062
2697 1 -0.1092516
2698 1 0.7676655
2699 1 0.8763742
2700 1 0.5430008
2701 1 -1.160103
2702 1 0.0936714
2703 1 0.0284462
2704 1 -1.000663
2705 1 -1.819602
2706 1 -0.1962185
2707 1 0.869127
2708 1 -1.058641
2709 1 -1.428251
2710 1 -0.8122346
2711 1 -0.6455479
2712 1 -0.1744768
2713 1 0.6372151
2714 1 -0.0150373
2715 1 -0.152735
2716 1 -0.5658282
2717 1 0.0719297
2718 1 -0.9644269
2719 1 -1.964547
2720 1 0.9995775
2721 1 0.3763141
2722 1 0.0211989
2723 1 0.1226604
2724 1 -0.8412237
2725 1 -0.3701525
2726 1 -1.558701
2727 1 0.2241219
2728 1 -0.5948172
2729 1 0.0864242
2730 1 -1.16735
2731 1 0.985083
2732 1 0.4487866
2733 1 0.4415393
2734 1 -0.471614
2735 1 0.1444021
2736 1 -1.276059
2737 1 0.1081659
2738 1 0.2241219
2739 1 -1.522465
2740 1 0.2603581
2741 1 -0.123746
2742 1 -0.0367791
2743 1 -0.5948172
2744 1 -0.5513337
2745 1 -0.2831855
2746 1 0.8836215
2747 1 1.267726
2748 1 0.0067044
2749 1 -0.7904929
2750 1 -0.6672897
2751 1 0.7386765
2752 1 0.1226604
2753 1 -1.363026
2754 1 -0.7180204
2755 1 -0.9571796
2756 1 0.1009187
2757 1 -0.9934159
2758 1 -0.326669
2759 1 -0.0802626
2760 1 0.4270448
2761 1 -0.58757
2762 1 0.6734513
2763 1 -1.290553
2764 1 -0.3629052
2765 1 -1.551454
2766 1 -0.7180204
2767 1 0.1588967
2768 1 -0.8049874
2769 1 -0.1020043
2770 1 0.1444021
2771 1 0.6009788
2772 1 -0.3773997
2773 1 -1.848591
2774 1 0.2748526
2775 1 0.5140119
2776 1 -1.283306
2777 1 -0.9354379
2778 1 -1.232575
2779 1 -0.3918943
2780 1 1.303962
2781 1 0.0501879
2782 1 -1.181844
2783 1 -0.1020043
2784 1 -0.6745369
2785 1 0.2168746
2786 1 0.5212591
2787 1 0.1444021
2788 1 -1.268811
2789 1 -1.044147
2790 1 -2.029773
2791 1 -1.478981
2792 1 -1.174597
2793 1 -0.6310534
2794 1 -0.2759383
2795 1 0.78216
2796 1 -0.5730755
2797 1 -0.152735
2798 1 -1.073136
2799 1 0.1661439
2800 1 -0.6600425
2801 1 1.180759
2802 1 -0.3484108
2803 1 -0.58757
2804 1 -2.464607
2805 1 -1.53696
2806 1 -1.623927
2807 1 -0.5440865
2808 1 0.2096274
2809 1 0.6372151
2810 1 -0.326669
2811 1 0.1444021
2812 1 -1.123866
2813 1 -0.1382405
2814 1 -3.066129
2815 1 -2.913937
2816 1 -1.196339
2817 1 -2.066009
2818 1 -1.196339
2819 1 -1.2978
2820 1 0.7314293
2821 1 -1.094877
2822 1 0.1878856
2823 1 -1.268811
2824 1 -0.9571796
2825 1 -1.413756
2826 1 -0.268691
2827 1 -2.848711
2828 1 1.579357
2829 1 -0.8194819
2830 1 -1.993536
2831 1 -0.0440263
2832 1 0.1371549
2833 1 -0.2179603
2834 1 -1.493476
2835 1 -0.2324548
2836 1 0.0356934
2837 1 -1.515218
2838 1 -0.8194819
2839 1 -0.0657681
2840 1 -0.239702
2841 1 0.3618196
2842 1 -0.7180204
2843 1 -1.334037
2844 1 -0.2034658
2845 1 -0.3701525
2846 1 -0.210713
2847 1 1.043061
2848 1 -0.268691
2849 1 -0.3121745
2850 1 -0.1744768
2851 1 1.144522
2852 1 -0.7397622
2853 1 2.289588
2854 1 1.253231
2855 1 0.0356934
2856 1 -1.218081
2857 1 -1.580443
2858 1 0.0719297
2859 1 -1.16735
2860 1 0.3908086
2861 1 -1.319542
2862 1 0.4125504
2863 1 1.137275
2864 1 0.4415393
2865 1 -1.507971
2866 1 -0.2541965
2867 1 -0.6238062
2868 1 -2.790734
2869 1 -1.000663
2870 1 -1.00791
2871 1 0.2386164
2872 1 0.1661439
2873 1 -0.0875098
2874 1 -1.9573
2875 1 -0.471614
2876 1 -1.326789
2877 1 -0.3411635
2878 1 -1.449993
2879 1 -2.797981
2880 1 0.1878856
2881 1 1.543121
2882 1 1.347445
2883 1 0.2386164
2884 1 -1.986289
2885 1 0.5719898
2886 1 -0.7397622
2887 1 0.9488468
2888 1 -2.254437
2889 1 -0.1164988
2890 1 0.7169348
2891 1 1.28222
2892 1 0.0864242
2893 1 -0.9281906
2894 1 -1.689152
2895 1 -0.9426851
2896 1 0.6517096
2897 1 -0.8339764
2898 1 -1.558701
2899 1 -0.6890314
2900 1 -1.109372
2901 1 -0.5078502
2902 1 0.4995173
2903 1 -0.355658
2904 1 -0.7397622
2905 1 -0.4353777
2906 1 0.5502481
2907 1 0.4487866
2908 1 0.4777756
2909 1 0.6082261
2910 1 3.123021
2911 1 0.2096274
2912 1 -0.3484108
2913 1 -1.109372
2914 1 -0.6890314
2915 1 0.1226604
2916 1 0.1444021
2917 1 -1.232575
2918 1 4.478257
2919 1 -0.7615039
2920 1 0.6372151
2921 1 -0.9934159
2922 1 -0.9644269
2923 1 0.1588967
2924 1 -0.2904328
2925 1 -0.2179603
2926 1 -1.754377
2927 1 0.2313691
2928 1 1.485143
2929 1 -0.0947571
2930 1 0.4777756
2931 1 -0.9209434
2932 1 -1.53696
2933 1 -2.645789
2934 1 2.499758
2935 1 2.949087
2936 1 0.7676655
2937 1 -2.066009
2938 1 -1.058641
2939 1 -1.00791
2940 1 -2.725508
2941 1 0.0139517
2942 1 0.2820999
2943 1 -2.210954
2944 1 -0.181724
2945 1 -1.884827
2946 1 -1.290553
2947 1 -1.884827
2948 1 -1.254317
2949 1 0.2386164
2950 1 -1.950053
2951 1 -0.500603
2952 1 -0.4498722
2953 1 1.15177
2954 1 0.1154132
2955 1 4.876855
2956 1 -0.9789214
2957 1 -0.500603
2958 1 -0.6817842
2959 1 0.0139517
2960 1 -0.9281906
2961 1 -0.4571195
2962 1 0.579237
2963 1 -0.4861085
2964 1 -0.4281305
2965 1 -0.6600425
2966 1 0.0719297
2967 1 -1.529712
2968 1 -0.4861085
2969 1 1.057555
2970 1 -0.8847072
2971 1 -1.116619
2972 1 -0.8267292
2973 1 1.093792
2974 1 0.4850228
2975 1 -1.000663
2976 1 2.122901
2977 1 0.5647426
2978 1 -0.6383007
2979 1 -1.979042
2980 1 -0.326669
2981 1 -0.5440865
2982 1 -1.058641
2983 1 -1.160103
2984 1 1.159017
2985 1 -0.3701525
2986 1 0.3545724
2987 1 -0.6890314
2988 1 0.8328907
2989 1 0.4995173
2990 1 -0.3121745
2991 1 -1.312295
2992 1 -2.863206
2993 1 -1.051394
2994 1 -0.0077901
2995 1 -1.841344
2996 1 0.3618196
2997 1 -0.3484108
2998 1 -0.3773997
2999 1 0.9705885
3000 1 -0.0947571
3001 1 -0.8702127
3002 1 -0.8774599
3003 1 -2.682025
3004 1 -0.0730153
3005 1 -1.971794
3006 1 -0.500603
3007 1 -2.218201
3008 1 0.0791769
3009 1 -0.4063887
3010 1 -1.181844
3011 1 -1.341284
3012 1 -0.7470094
3013 1 -0.181724
3014 1 1.101039
3015 1 2.260599
3016 1 0.8328907
3017 1 -1.16735
3018 1 -1.558701
3019 1 -1.58769
3020 1 -1.993536
3021 1 -0.1744768
3022 1 -2.493596
3023 1 0.2096274
3024 1 1.224242
3025 1 2.166384
3026 1 -0.1092516
3027 1 0.4632811
3028 1 -0.9789214
3029 1 0.1878856
3030 1 0.4850228
3031 1 -1.703646
3032 1 0.5140119
3033 1 -0.6672897
3034 1 -1.573196
3035 1 -1.319542
3036 1 0.2096274
3037 1 -0.6238062
3038 1 -0.4933557
3039 1 0.2096274
3040 1 0.0284462
3041 1 -1.065888
3042 1 -0.8122346
3043 1 -0.6745369
3044 1 -0.2469493
3045 1 -0.8122346
3046 1 -0.7325149
3047 1 0.3473251
3048 1 -0.471614
3049 1 -2.051514
3050 1 -0.7325149
3051 1 -0.9789214
3052 1 -0.7180204
3053 1 -1.319542
3054 1 0.4922701
3055 1 -0.7759984
3056 1 -1.051394
3057 1 0.5864843
3058 1 -2.870453
3059 1 -0.9571796
3060 1 -0.0367791
3061 1 -0.2614438
3062 1 0.5285063
3063 1 -0.1164988
3064 1 0.1371549
3065 1 -0.3773997
3066 1 -1.334037
3067 1 -0.4933557
3068 1 1.014072
3069 1 4.275334
3070 1 2.579478
3071 1 -1.123866
3072 1 -0.1092516
3073 1 0.7024403
3074 1 -1.797861
3075 1 -1.203586
3076 1 -1.029652
3077 1 0.898116
3078 1 -0.0730153
3079 1 0.7604183
3080 1 0.2168746
3081 1 -0.1092516
3082 1 -1.725388
3083 1 0.8473853
3084 1 -0.0512736
3085 1 -1.710894
3086 1 -2.16747
3087 1 -0.5223447
3088 1 0.5357535
3089 1 -0.4933557
3090 1 -1.790613
3091 1 0.4850228
3092 1 0.3255834
3093 1 -0.9571796
3094 1 -0.0585208
3095 1 -1.631174
3096 1 -1.529712
3097 1 -1.341284
3098 1 -2.53708
3099 1 -2.261684
3100 1 -0.4353777
3101 1 -0.4571195
3102 1 2.304082
3103 1 -2.276179
3104 1 -0.7325149
3105 1 3.804263
3106 1 1.2025
3107 1 -0.7107732
3108 1 3.23173
3109 1 -0.6455479
3110 1 -2.261684
3111 1 -1.74713
3112 1 -1.580443
3113 1 0.6951931
3114 1 -0.8774599
3115 1 -0.5440865
3116 1 -1.848591
3117 1 -0.3629052
3118 1 -1.674657
3119 1 -0.3629052
3120 1 -1.24707
3121 1 -0.442625
3122 1 0.1588967
3123 1 -0.2759383
3124 1 0.2458636
3125 1 -0.5368392
3126 1 0.2676054
3127 1 -1.268811
3128 1 0.2458636
3129 1 -1.544207
3130 1 -1.196339
3131 1 0.3690669
3132 1 -2.196459
3133 1 -1.102125
3134 1 -0.8702127
3135 1 -1.051394
3136 1 -0.5803227
3137 1 -1.921064
3138 1 -1.145608
3139 1 1.166264
3140 1 -1.326789
3141 1 1.267726
3142 1 -1.870333
3143 1 -2.892195
3144 1 -0.413636
3145 1 -0.0512736
3146 1 -0.8629654
3147 1 -0.5368392
3148 1 -0.3411635
3149 1 -1.015158
3150 1 -1.029652
3151 1 -0.3991415
3152 1 -1.109372
3153 1 -0.2831855
3154 1 0.6806986
3155 1 -0.5440865
3156 1 0.2458636
3157 1 0.2676054
3158 1 -0.5150974
3159 1 0.4197976
3160 1 -2.421124
3161 1 -0.8194819
3162 1 -0.268691
3163 1 -0.4281305
3164 1 -0.500603
3165 1 0.8836215
3166 1 2.528747
3167 1 0.7966545
3168 1 0.6879458
3169 1 -0.0222846
3170 1 -1.319542
3171 1 -1.674657
3172 1 0.7676655
3173 1 -0.2179603
3174 1 -0.3411635
3175 1 0.6517096
3176 1 -0.6020644
3177 1 0.1661439
3178 1 -0.500603
3179 1 -0.7325149
3180 1 -0.2904328
3181 1 -1.283306
3182 1 -1.334037
3183 1 -0.0150373
3184 1 -0.8339764
3185 1 -2.768992
3186 1 0.3473251
3187 1 -1.181844
3188 1 -0.6238062
3189 1 -0.6527952
3190 1 1.579357
3191 1 -0.9281906
3192 1 -1.232575
3193 1 0.8328907
3194 1 -1.073136
3195 1 0.6082261
3196 1 -2.37764
3197 1 -0.9571796
3198 1 0.3473251
3199 1 -0.8122346
3200 1 -0.2034658
3201 1 -1.174597
3202 1 0.0356934
3203 1 -1.283306
3204 1 0.0791769
3205 1 -0.1962185
3206 1 -0.0947571
3207 1 -0.0512736
3208 1 0.4777756
3209 1 -1.942805
3210 1 0.2531109
3211 1 -1.203586
3212 1 0.8183963
3213 1 0.2531109
3214 1 -2.45736
3215 1 -0.8267292
3216 1 0.0646824
3217 1 -1.928311
3218 1 0.2531109
3219 1 0.579237
3220 1 0.3038416
3221 1 0.5719898
3222 1 1.166264
3223 1 0.4125504
3224 1 0.9415995
3225 1 0.1009187
3226 1 -0.58757
3227 1 -0.0222846
3228 1 1.332951
3229 1 -0.0150373
3230 1 0.8836215
3231 1 0.2386164
3232 1 -0.5658282
3233 1 2.369308
3234 1 -0.3701525
3235 1 -0.123746
3236 1 0.4415393
3237 1 1.470649
3238 1 1.137275
3239 1 1.079297
3240 1 -0.152735
3241 1 1.550368
3242 1 -1.399262
3243 1 -0.326669
3244 1 -0.3411635
3245 1 0.0719297
3246 1 0.3255834
3247 1 0.5067646
3248 1 -0.471614
3249 1 0.0501879
3250 1 0.2386164
3251 1 0.7894073
3252 1 -0.6527952
3253 1 -1.073136
3254 1 -0.2252075
3255 1 1.65183
3256 1 1.28222
3257 1 1.746044
3258 1 0.8256435
3259 1 1.702561
3260 1 0.4125504
3261 1 -0.8992016
3262 1 0.6299678
3263 1 -0.6527952
3264 1 0.3545724
3265 1 0.724182
3266 1 -0.0440263
3267 1 -0.0005428
3268 1 -0.0077901
3269 1 -0.4861085
3270 1 -0.29768
3271 1 1.101039
3272 1 1.427165
3273 1 1.238737
3274 1 0.666204
3275 1 0.869127
3276 1 -1.768871
3277 1 -0.3339162
3278 1 0.3473251
3279 1 -1.181844
3280 1 0.5502481
3281 1 0.724182
3282 1 -0.5585809
3283 1 0.9923303
3284 1 0.9488468
3285 1 0.4197976
3286 1 0.6372151
3287 1 -2.008031
3288 1 0.1661439
3289 1 0.0067044
3290 1 -1.341284
3291 1 -0.4571195
3292 1 -0.0077901
3293 1 -0.4281305
3294 1 -0.8122346
3295 1 0.1951329
3296 1 -0.210713
3297 1 -1.732635
3298 1 -1.522465
3299 1 0.5574953
3300 1 -0.2904328
3301 1 -1.993536
3302 1 -1.834097
3303 1 -0.5150974
3304 1 -0.529592
3305 1 0.3255834
3306 1 -1.268811
3307 1 0.8473853
3308 1 -0.7977402
3309 1 -1.841344
3310 1 -0.6310534
3311 1 -0.7615039
3312 1 0.1951329
3313 1 -0.1092516
3314 1 -1.392015
3315 1 -0.6672897
3316 1 -2.196459
3317 1 -1.283306
3318 1 -1.471734
3319 1 0.0574352
3320 1 -0.9354379
3321 1 -1.464487
3322 1 0.8328907
3323 1 -1.109372
3324 1 -1.210833
3325 1 -0.4861085
3326 1 2.579478
3327 1 -1.819602
3328 1 0.0067044
3329 1 -0.4933557
3330 1 -1.471734
3331 1 -0.8919544
3332 1 -1.319542
3333 1 -0.8919544
3334 1 -1.797861
3335 1 -1.674657
3336 1 -0.1164988
3337 1 0.4705283
3338 1 -0.1962185
3339 1 -2.363146
3340 1 -1.2978
3341 1 -1.174597
3342 1 -2.899442
3343 1 0.0646824
3344 1 -1.783366
3345 1 -1.855838
3346 1 -0.5730755
3347 1 -2.841464
3348 1 0.724182
3349 1 -0.5948172
3350 1 -1.218081
3351 1 -1.312295
3352 1 -1.015158
3353 1 -1.435498
3354 1 -1.029652
3355 1 0.6009788
3356 1 0.4705283
3357 1 -0.5803227
3358 1 -0.9571796
3359 1 -0.4643667
3360 1 -1.022405
3361 1 -0.5803227
3362 1 -1.232575
3363 1 0.1081659
3364 1 -1.218081
3365 1 -0.5585809
3366 1 0.3255834
3367 1 -0.7542567
3368 1 1.021319
3369 1 0.6372151
3370 1 0.0501879
3371 1 -1.312295
3372 1 -1.783366
3373 1 -0.6310534
3374 1 0.4632811
3375 1 -1.073136
3376 1 -0.3991415
3377 1 -0.4933557
3378 1 1.332951
3379 1 0.0067044
3380 1 -0.9934159
3381 1 -0.6020644
3382 1 -0.0295318
3383 1 0.840138
3384 1 -0.616559
3385 1 2.702681
3386 1 0.9198577
3387 1 -1.732635
3388 1 1.528627
3389 1 -0.9571796
3390 1 0.5430008
3391 1 1.593852
3392 1 0.3473251
3393 1 -0.1672295
3394 1 -1.044147
3395 1 -1.319542
3396 1 0.1371549
3397 1 -1.602185
3398 1 -0.5368392
3399 1 -0.8557181
3400 1 -0.2759383
3401 1 0.6806986
3402 1 -1.442745
3403 1 -1.123866
3404 1 -1.754377
3405 1 0.7676655
3406 1 -2.740003
3407 1 0.6227205
3408 1 0.1371549
3409 1 -1.544207
3410 1 -1.326789
3411 1 0.1444021
3412 1 0.4270448
3413 1 -0.0295318
3414 1 -0.5078502
3415 1 -0.29768
3416 1 0.1516494
3417 1 -0.4571195
3418 1 -1.16735
3419 1 -0.1889713
3420 1 0.2748526
3421 1 2.775153
3422 1 0.1154132
3423 1 0.2820999
3424 1 -1.478981
3425 1 0.7169348
3426 1 0.3110889
3427 1 -0.2252075
3428 1 0.1371549
3429 1 -0.6238062
3430 1 0.4777756
3431 1 -0.8049874
3432 1 0.579237
3433 1 0.1009187
3434 1 -0.5440865
3435 1 0.4270448
3436 1 0.1878856
3437 1 -1.660163
3438 1 -1.602185
3439 1 0.2386164
3440 1 -1.725388
3441 1 -0.2541965
3442 1 -2.000783
3443 1 -0.9934159
3444 1 -0.5368392
3445 1 -0.442625
3446 1 -1.08763
3447 1 0.1733911
3448 1 -0.3411635
3449 1 -0.2324548
3450 1 -1.065888
3451 1 -1.174597
3452 1 0.2893471
3453 1 1.180759
3454 1 -1.681904
3455 1 0.9995775
3456 1 0.0067044
3457 1 -1.971794
3458 1 -1.66741
3459 1 1.122781
3460 1 -0.210713
3461 1 0.3400779
3462 1 -1.189092
3463 1 0.3980559
3464 1 -1.964547
3465 1 -1.000663
3466 1 -1.580443
3467 1 0.4197976
3468 1 -2.138481
3469 1 -2.181965
3470 1 -0.8339764
3471 1 -1.602185
3472 1 -0.703526
3473 1 -1.935558
3474 1 -1.370273
3475 1 0.6009788
3476 1 0.1516494
3477 1 -0.5803227
3478 1 -1.094877
3479 1 -0.7180204
3480 1 -0.3991415
3481 1 0.2458636
3482 1 -0.9571796
3483 1 -0.5368392
3484 1 2.564983
3485 1 -1.406509
3486 1 0.3980559
3487 1 -0.6455479
3488 1 -1.109372
3489 1 -0.7252676
3490 1 0.5864843
3491 1 -0.5150974
3492 1 0.1878856
3493 1 -0.4281305
3494 1 -1.812355
3495 1 0.3400779
3496 1 -0.0222846
3497 1 -1.464487
3498 1 -0.384647
3499 1 -0.6527952
3500 1 1.079297
3501 1 -0.3121745
3502 1 -0.2541965
3503 1 -1.710894
3504 1 -1.181844
3505 1 -0.7687511
3506 1 -1.558701
3507 1 -1.102125
3508 1 -1.145608
3509 1 0.5067646
3510 1 -0.8557181
3511 1 -0.2324548
3512 1 0.2531109
3513 1 -1.051394
3514 1 -0.9499324
3515 1 -0.9136962
3516 1 1.101039
3517 1 3.985444
3518 1 -0.2614438
3519 1 0.0719297
3520 1 -0.1020043
3521 1 -1.58769
3522 1 -1.181844
3523 1 -1.210833
3524 1 -0.5368392
3525 1 -0.5585809
3526 1 -1.152855
3527 1 -0.1164988
3528 1 -0.3484108
3529 1 -0.703526
3530 1 0.5140119
3531 1 0.5647426
3532 1 -0.8847072
3533 1 -1.232575
3534 1 0.7749128
3535 1 -1.00791
3536 1 -2.53708
3537 1 -0.4571195
3538 1 -0.9064489
3539 1 -0.1599823
3540 1 0.8473853
3541 1 1.804022
3542 1 0.0791769
3543 1 -0.1672295
3544 1 0.7459238
3545 1 -1.203586
3546 1 -1.507971
3547 1 -1.638421
3548 1 1.137275
3549 1 -2.689272
3550 1 -1.421004
3551 1 -1.674657
3552 1 1.448907
3553 1 -2.24719
3554 1 -0.7470094
3555 1 -0.5730755
3556 1 -1.950053
3557 1 -0.3701525
3558 1 -0.29768
3559 1 -0.703526
3560 1 -0.3194218
3561 1 0.3110889
3562 1 -0.384647
3563 1 0.2023801
3564 1 -0.4571195
3565 1 -0.29768
3566 1 1.166264
3567 1 -1.768871
3568 1 -1.254317
3569 1 0.3690669
3570 1 -0.1454878
3571 1 0.0429407
3572 1 -0.123746
3573 1 -0.5803227
3574 1 -0.6890314
3575 1 -2.384888
3576 1 -2.210954
3577 1 -0.4281305
3578 1 -2.174717
3579 1 -0.7904929
3580 1 0.3835613
3581 1 -0.7397622
3582 1 -0.5223447
3583 1 0.6734513
3584 1 -0.6383007
3585 1 -0.5078502
3586 1 -1.189092
3587 1 -0.3121745
3588 1 0.0501879
3589 1 -0.8992016
3590 1 0.3038416
3591 1 0.0936714
3592 1 0.2313691
3593 1 0.1444021
3594 1 -0.7397622
3595 1 1.535874
3596 1 -0.3629052
3597 1 3.485384
3598 1 0.6517096
3599 1 0.7966545
3600 1 1.224242
3601 1 -2.073256
3602 1 -1.660163
3603 1 2.217115
3604 1 1.521379
3605 1 -2.000783
3606 1 -1.899322
3607 1 0.0719297
3608 1 -0.355658
3609 1 -1.015158
3610 1 1.890989
3611 1 -1.768871
3612 1 0.2965944
3613 1 3.949208
3614 1 0.869127
3615 1 -0.3701525
3616 1 -0.210713
3617 1 -0.442625
3618 1 -0.471614
3619 1 0.5357535
3620 1 -0.5948172
3621 1 -1.203586
3622 1 -1.594938
3623 1 0.0791769
3624 1 -0.0585208
3625 1 -0.5150974
3626 1 -0.0730153
3627 1 -1.00791
3628 1 -0.2034658
3629 1 -0.413636
3630 1 -0.442625
3631 1 2.267846
3632 1 0.3183361
3633 1 -0.29768
3634 1 0.1081659
3635 1 0.2676054
3636 1 0.898116
3637 1 -1.841344
3638 1 0.2820999
3639 1 -1.268811
3640 1 -0.123746
3641 1 -0.6672897
3642 1 -0.7180204
3643 1 -1.696399
3644 1 0.0211989
3645 1 -0.5513337
3646 1 0.2023801
3647 1 0.6372151
3648 1 -0.355658
3649 1 1.274973
3650 1 -0.1309933
3651 1 -0.5368392
3652 1 2.601219
3653 1 1.854753
3654 1 0.1009187
3655 1 -0.8847072
3656 1 -0.5948172
3657 1 -0.3991415
3658 1 -0.9789214
3659 1 0.0719297
3660 1 -0.8484709
3661 1 -0.4933557
3662 1 0.8328907
3663 1 -0.471614
3664 1 -2.341404
3665 1 -0.8919544
3666 1 -0.3121745
3667 1 -1.848591
3668 1 0.9488468
3669 1 0.0067044
3670 1 0.1371549
3671 1 -1.036899
3672 1 0.0791769
3673 1 -0.268691
3674 1 -3.051635
3675 1 1.289467
3676 1 -1.776119
3677 1 -0.1454878
3678 1 1.470649
3679 1 -0.0005428
3680 1 -2.595058
3681 1 -1.783366
3682 1 -1.131114
3683 1 -0.4353777
3684 1 -0.0150373
3685 1 0.3183361
3686 1 -0.5513337
3687 1 -0.6383007
3688 1 0.1299077
3689 1 -0.442625
3690 1 -1.9573
3691 1 -0.6527952
3692 1 0.8836215
3693 1 -0.5368392
3694 1 -1.109372
3695 1 -1.696399
3696 1 0.2096274
3697 1 0.3473251
3698 1 -0.9281906
3699 1 -1.522465
3700 1 0.6879458
3701 1 -0.4208832
3702 1 -0.2034658
3703 1 -1.181844
3704 1 0.5212591
3705 1 0.6227205
3706 1 -0.2469493
3707 1 1.245984
3708 1 -0.8122346
3709 1 -0.1020043
3710 1 -0.0222846
3711 1 0.0719297
3712 1 -0.0440263
3713 1 -1.681904
3714 1 0.0646824
3715 1 -1.058641
3716 1 -0.0440263
3717 1 -1.080383
3718 1 -0.616559
3719 1 1.028566
3720 1 -2.058761
3721 1 0.6879458
3722 1 -1.645668
3723 1 0.579237
3724 1 -0.123746
3725 1 0.8256435
3726 1 0.3183361
3727 1 -1.623927
3728 1 0.3618196
3729 1 -0.0875098
3730 1 1.340198
3731 1 -1.2978
3732 1 -0.8194819
3733 1 -0.4208832
3734 1 1.173512
3735 1 0.869127
3736 1 0.927105
3737 1 0.1878856
3738 1 -0.2034658
3739 1 0.0864242
3740 1 0.4125504
3741 1 -2.370393
3742 1 -1.051394
3743 1 0.4053031
3744 1 0.3038416
3745 1 -0.4063887
3746 1 1.209748
3747 1 -0.4281305
3748 1 -0.7759984
3749 1 0.9633412
3750 1 0.4922701
3751 1 -0.123746
3752 1 -0.471614
3753 1 0.0356934
3754 1 -1.290553
3755 1 -0.2324548
3756 1 -0.9064489
3757 1 0.0139517
3758 1 -0.6455479
3759 1 1.738797
3760 1 -0.0802626
3761 1 0.1444021
3762 1 -2.479102
3763 1 0.4560339
3764 1 2.391049
3765 1 1.448907
3766 1 1.376434
3767 1 -0.8194819
3768 1 -0.1092516
3769 1 -0.3484108
3770 1 1.006825
3771 1 -0.8339764
3772 1 -0.6020644
3773 1 -0.268691
3774 1 -1.210833
3775 1 0.5067646
3776 1 -0.6745369
3777 1 0.2168746
3778 1 0.0936714
3779 1 0.1951329
3780 1 -0.3629052
3781 1 -0.0295318
3782 1 -0.4281305
3783 1 -0.0947571
3784 1 0.6009788
3785 1 -0.4353777
3786 1 0.0067044
3787 1 0.4632811
3788 1 -0.58757
3789 1 -0.8194819
3790 1 -1.384767
3791 1 -1.058641
3792 1 0.5357535
3793 1 0.8836215
3794 1 0.6879458
3795 1 -0.7180204
3796 1 0.2458636
3797 1 -0.6383007
3798 1 -0.4861085
3799 1 0.6082261
3800 1 0.2676054
3801 1 0.5430008
3802 1 0.7096875
3803 1 0.4270448
3804 1 -0.7107732
3805 1 -1.464487
3806 1 -0.355658
3807 1 -1.355778
3808 1 -0.471614
3809 1 -1.921064
3810 1 0.8328907
3811 1 0.7676655
3812 1 -2.145728
3813 1 -0.6020644
3814 1 -0.1889713
3815 1 0.0791769
3816 1 -0.4353777
3817 1 -0.1889713
3818 1 0.5140119
3819 1 1.173512
3820 1 -1.218081
3821 1 -0.123746
3822 1 -0.2614438
3823 1 -1.522465
3824 1 -1.449993
3825 1 -0.9571796
3826 1 -1.660163
3827 1 0.0791769
3828 1 -1.370273
3829 1 1.825764
3830 1 0.6227205
3831 1 -0.0222846
3832 1 -0.4063887
3833 1 0.4922701
3834 1 -0.4498722
3835 1 -0.5150974
3836 1 -0.9499324
3837 1 0.1081659
3838 1 -2.08775
3839 1 -0.123746
3840 1 0.2241219
3841 1 -0.6745369
3842 1 -0.6093117
3843 1 -0.58757
3844 1 -1.638421
3845 1 0.4487866
3846 1 -0.703526
3847 1 -1.848591
3848 1 -0.5223447
3849 1 0.579237
3850 1 -0.1454878
3851 1 -0.2904328
3852 1 -0.5150974
3853 1 -0.181724
3854 1 -0.0657681
3855 1 -0.6383007
3856 1 -0.4063887
3857 1 -0.9934159
3858 1 0.9343522
3859 1 -0.1599823
3860 1 -1.029652
3861 1 -1.602185
3862 1 -1.594938
3863 1 -0.5440865
3864 1 -0.0802626
3865 1 -0.7180204
3866 1 -0.0005428
3867 1 -1.138361
3868 1 0.0284462
3869 1 -1.276059
3870 1 1.398176
3871 1 -0.1672295
3872 1 -0.239702
3873 1 -1.413756
3874 1 -0.0222846
3875 1 -0.0367791
3876 1 -0.3701525
3877 1 -2.11674
3878 1 0.0429407
3879 1 0.8908688
3880 1 1.028566
3881 1 0.0139517
3882 1 0.2096274
3883 1 -0.6745369
3884 1 0.7459238
3885 1 0.2965944
3886 1 -1.276059
3887 1 -1.363026
3888 1 0.1299077
3889 1 -0.9644269
3890 1 -1.254317
3891 1 -1.015158
3892 1 -0.8194819
3893 1 -0.0222846
3894 1 0.7749128
3895 1 -0.1020043
3896 1 -0.210713
3897 1 -1.051394
3898 1 0.2603581
3899 1 0.3038416
3900 1 0.0936714
3901 1 -0.616559
3902 1 0.2820999
3903 1 0.5502481
3904 1 -0.0295318
3905 1 -0.2541965
3906 1 0.2820999
3907 1 0.1371549
3908 1 -0.1889713
3909 1 -1.116619
3910 1 0.0791769
3911 1 -0.5803227
3912 1 -0.7687511
3913 1 0.956094
3914 1 -0.1672295
3915 1 0.2748526
3916 1 -0.3411635
3917 1 -0.4933557
3918 1 -0.0077901
3919 1 0.4560339
3920 1 0.2965944
3921 1 -0.9426851
3922 1 1.130028
3923 1 -0.0585208
3924 1 -0.123746
3925 1 0.3328306
3926 1 -0.0005428
3927 1 2.086665
3928 1 -1.435498
3929 1 -0.0875098
3930 1 -1.203586
3931 1 -0.1744768
3932 1 0.0429407
3933 1 -0.0585208
3934 1 1.296715
3935 1 0.1226604
3936 1 0.7169348
3937 1 1.043061
3938 1 -0.7977402
3939 1 0.927105
3940 1 0.9343522
3941 1 1.332951
3942 1 -0.1454878
3943 1 -0.0367791
3944 1 -0.6093117
3945 1 -0.500603
3946 1 0.2893471
3947 1 0.3400779
3948 1 2.253351
3949 1 0.0429407
3950 1 -0.0657681
3951 1 1.78228
3952 1 0.9488468
3953 1 1.144522
3954 1 -0.0512736
3955 1 -0.355658
3956 1 -0.0295318
3957 1 1.216995
3958 1 -0.9354379
3959 1 -0.5440865
3960 1 0.9633412
3961 1 1.2025
3962 1 0.5140119
3963 1 -1.776119
3964 1 -0.3411635
3965 1 -0.210713
3966 1 -0.0730153
3967 1 -0.0222846
3968 1 0.840138
3969 1 0.8183963
3970 1 -0.471614
3971 1 0.8473853
3972 1 0.0646824
3973 1 0.2096274
3974 1 0.8618798
3975 1 -2.971915
3976 1 0.0646824
3977 1 1.477896
3978 1 0.1154132
3979 1 2.195374
3980 1 0.5864843
3981 1 -0.2759383
3982 1 -0.268691
3983 1 -2.029773
3984 1 0.7749128
3985 1 -0.8412237
3986 1 0.3400779
3987 1 0.1444021
3988 1 0.1081659
3989 1 -0.1382405
3990 1 -0.0730153
3991 1 0.7749128
3992 1 0.5140119
3993 1 0.4487866
3994 1 1.057555
3995 1 0.2676054
3996 1 -0.9136962
3997 1 -0.4208832
3998 1 0.0646824
3999 1 -0.58757
4000 1 -0.9136962
4001 1 -0.5948172
4002 1 0.3835613
4003 1 -0.0367791
4004 1 0.6444623
4005 1 -0.4208832
4006 1 0.4632811
4007 1 0.0646824
4008 1 0.2965944
4009 1 0.1299077
4010 1 -0.0730153
4011 1 0.1299077
4012 1 0.7459238
4013 1 0.5430008
4014 1 1.702561
4015 1 0.7096875
4016 1 -0.5513337
4017 1 0.6734513
4018 1 -0.0150373
4019 1 0.5719898
4020 1 -1.319542
4021 1 -1.065888
4022 1 -0.1672295
4023 1 0.6951931
4024 1 -0.4208832
4025 1 0.9633412
4026 1 1.622841
4027 1 0.4632811
4028 1 0.8836215
4029 1 -2.218201
4030 1 -2.435618
4031 1 -0.1744768
4032 1 -0.4063887
4033 1 0.4995173
4034 1 0.3835613
4035 1 0.4560339
4036 1 -0.152735
4037 1 -1.116619
4038 1 0.6372151
4039 1 2.043181
4040 1 -0.3629052
4041 1 0.7024403
4042 1 -0.3701525
4043 1 0.5285063
4044 1 1.427165
4045 1 -0.5585809
4046 1 0.2458636
4047 1 0.985083
4048 1 -1.703646
4049 1 -0.1454878
4050 1 -0.4281305
4051 1 -0.5803227
4052 1 -0.6383007
4053 1 -0.8122346
4054 1 -0.0222846
4055 1 0.1733911
4056 1 -1.022405
4057 1 0.3183361
4058 1 -0.0947571
4059 1 0.1878856
4060 1 -0.3484108
4061 1 0.3183361
4062 1 0.3255834
4063 1 0.0067044
4064 1 -0.7542567
4065 1 -0.6093117
4066 1 0.8328907
4067 1 1.115533
4068 1 0.4415393
4069 1 -0.2759383
4070 1 -0.8774599
4071 1 -0.6093117
4072 1 -0.6310534
4073 1 -0.3411635
4074 1 -0.0802626
4075 1 0.2096274
4076 1 0.1951329
4077 1 0.9995775
4078 1 0.6517096
4079 1 1.789528
4080 1 0.5647426
4081 1 0.4342921
4082 1 1.173512
4083 1 0.0936714
4084 1 -1.036899
4085 1 0.1299077
4086 1 -0.6600425
4087 1 0.579237
4088 1 0.2603581
4089 1 -0.471614
4090 1 0.1516494
4091 1 -1.029652
4092 1 -0.5948172
4093 1 1.159017
4094 1 -0.8702127
4095 1 0.2748526
4096 1 -0.4498722
4097 1 -0.0005428
4098 1 -1.094877
4099 1 0.4053031
4100 1 0.7386765
4101 1 -0.7977402
4102 1 -0.6093117
4103 1 0.2531109
4104 1 0.869127
4105 1 -0.2541965
4106 1 0.4487866
4107 1 0.0284462
4108 1 1.398176
4109 1 -0.0222846
4110 1 0.1009187
4111 1 0.3038416
4112 1 -0.4281305
4113 1 2.202621
4114 1 0.8039018
4115 1 1.434412
4116 1 0.1226604
4117 1 -0.5585809
4118 1 -0.4063887
4119 1 1.470649
4120 1 -0.58757
4121 1 -0.7759984
4122 1 -0.6962787
4123 1 0.4270448
4124 1 0.4342921
4125 1 0.9633412
4126 1 -0.0802626
4127 1 -0.5803227
4128 1 3.238977
4129 1 1.274973
4130 1 1.564863
4131 1 0.9995775
4132 1 0.1299077
4133 1 -0.0657681
4134 1 0.1733911
4135 1 0.0719297
4136 1 0.6299678
4137 1 0.6734513
4138 1 -0.413636
4139 1 1.079297
4140 1 1.130028
4141 1 0.0501879
4142 1 0.9415995
4143 1 -0.123746
4144 1 -1.174597
4145 1 -0.8629654
4146 1 0.9923303
4147 1 0.7096875
4148 1 0.3980559
4149 1 0.1661439
4150 1 1.521379
4151 1 -0.8629654
4152 1 0.0936714
4153 1 -0.1382405
4154 1 0.0864242
4155 1 -0.5368392
4156 1 -1.66741
4157 1 0.1299077
4158 1 0.3545724
4159 1 -0.1454878
4160 1 -0.1454878
4161 1 0.1081659
4162 1 -0.2759383
4163 1 0.8836215
4164 1 -0.471614
4165 1 0.3980559
4166 1 0.2965944
4167 1 -1.768871
4168 1 1.919978
4169 1 -1.326789
4170 1 -2.283426
4171 1 1.079297
4172 1 -2.66753
4173 1 0.2603581
4174 1 2.253351
4175 1 0.1733911
4176 1 -0.355658
4177 1 0.4560339
4178 1 0.2748526
4179 1 0.1226604
4180 1 0.6879458
4181 1 0.0284462
4182 1 -0.0947571
4183 1 -0.1962185
4184 1 -0.326669
4185 1 0.0211989
4186 1 1.130028
4187 1 0.2820999
4188 1 -0.1020043
4189 1 0.3400779
4190 1 -0.3484108
4191 1 -0.5658282
4192 1 -0.4788612
4193 1 0.1009187
4194 1 1.130028
4195 1 -0.7180204
4196 1 -0.6093117
4197 1 1.238737
4198 1 -0.29768
4199 1 -0.8919544
4200 1 0.8183963
4201 1 0.5067646
4202 1 0.2676054
4203 1 -0.3049273
4204 1 -0.7180204
4205 1 -0.7397622
4206 1 0.4777756
4207 1 0.7024403
4208 1 1.057555
4209 1 1.216995
4210 1 0.9415995
4211 1 1.115533
4212 1 0.1154132
4213 1 -0.239702
4214 1 1.383682
4215 1 0.5067646
4216 1 0.5864843
4217 1 -0.1092516
4218 1 1.354693
4219 1 -0.4933557
4220 1 0.6589568
4221 1 0.1081659
4222 1 -0.7180204
4223 1 0.0864242
4224 1 -0.3991415
4225 1 0.898116
4226 1 0.4632811
4227 1 -0.0222846
4228 1 1.108286
4229 1 -0.3411635
4230 1 -0.3629052
4231 1 -0.2324548
4232 1 0.956094
4233 1 1.44166
4234 1 -1.805108
4235 1 -0.8919544
4236 1 0.1516494
4237 1 -0.6527952
4238 1 0.2820999
4239 1 -0.2831855
4240 1 0.6082261
4241 1 0.0139517
4242 1 -0.58757
4243 1 -0.181724
4244 1 -0.29768
4245 1 -0.2614438
4246 1 0.1661439
4247 1 0.5719898
4248 1 1.862
4249 1 0.6444623
4250 1 4.340559
4251 1 0.8473853
4252 1 0.1444021
4253 1 0.3835613
4254 1 0.2676054
4255 1 -0.471614
4256 1 0.0211989
4257 1 -1.718141
4258 1 0.3980559
4259 1 1.398176
4260 1 1.296715
4261 1 0.2748526
4262 1 0.2748526
4263 1 0.1226604
4264 1 -0.0367791
4265 1 2.006945
4266 1 0.9053633
4267 1 1.586605
4268 1 0.5067646
4269 1 0.3328306
4270 1 1.398176
4271 1 0.1154132
4272 1 -0.529592
4273 1 -0.7252676
4274 1 -0.6383007
4275 1 0.4415393
4276 1 0.5864843
4277 1 0.1806384
4278 1 -1.478981
4279 1 1.15177
4280 1 0.4632811
4281 1 -0.2904328
4282 1 0.4995173
4283 1 -0.3339162
4284 1 -0.5585809
4285 1 -1.421004
4286 1 0.0791769
4287 1 -0.8557181
4288 1 0.5140119
4289 1 0.9053633
4290 1 -0.0875098
4291 1 1.224242
4292 1 -0.181724
4293 1 -1.384767
4294 1 -0.0585208
4295 1 1.564863
4296 1 0.6372151
4297 1 0.2893471
4298 1 -0.703526
4299 1 0.4270448
4300 1 2.014192
4301 1 -1.145608
4302 1 1.173512
4303 1 0.6951931
4304 1 0.3400779
4305 1 0.6589568
4306 1 0.7096875
4307 1 -0.4861085
4308 1 -0.4208832
4309 1 0.0791769
4310 1 0.1588967
4311 1 1.274973
4312 1 -0.0875098
4313 1 -0.1382405
4314 1 0.3690669
4315 1 -0.9209434
4316 1 -1.355778
4317 1 0.3328306
4318 1 -0.4861085
4319 1 0.1299077
4320 1 0.8763742
4321 1 0.5430008
4322 1 -0.8919544
4323 1 -1.080383
4324 1 0.4487866
4325 1 -0.5223447
4326 1 -0.413636
4327 1 -0.3991415
4328 1 0.0936714
4329 1 1.028566
4330 1 -0.1309933
4331 1 -0.0802626
4332 1 0.1951329
4333 1 1.137275
4334 1 -0.3194218
4335 1 0.0139517
4336 1 0.3908086
4337 1 -0.4281305
4338 1 -0.6383007
4339 1 0.6806986
4340 1 0.2023801
4341 1 -0.5803227
4342 1 0.2458636
4343 1 -0.0077901
4344 1 -0.3918943
4345 1 -1.290553
4346 1 -0.8194819
4347 1 -0.326669
4348 1 -0.0440263
4349 1 0.8836215
4350 1 0.9053633
4351 1 -0.6745369
4352 1 0.666204
4353 1 0.0574352
4354 1 -0.2034658
4355 1 -0.5658282
4356 1 -1.406509
4357 1 0.1951329
4358 1 -0.1309933
4359 1 -0.0077901
4360 1 0.5864843
4361 1 0.4342921
4362 1 0.3763141
4363 1 0.3980559
4364 1 0.4125504
4365 1 -0.4208832
4366 1 -0.239702
4367 1 -0.7252676
4368 1 -0.616559
4369 1 -0.123746
4370 1 0.0574352
4371 1 -1.232575
4372 1 -1.370273
4373 1 -0.3411635
4374 1 -1.406509
4375 1 -0.3773997
4376 1 0.6009788
4377 1 -0.2324548
4378 1 1.412671
4379 1 0.5285063
4380 1 0.2965944
4381 1 1.448907
4382 1 1.579357
4383 1 -0.4063887
4384 1 -1.160103
4385 1 -0.529592
4386 1 -0.2614438
4387 1 -0.6600425
4388 1 1.064803
4389 1 -2.131234
4390 1 -0.7904929
4391 1 -1.24707
4392 1 -0.355658
4393 1 -0.2904328
4394 1 -0.2904328
4395 1 -1.254317
4396 1 -0.0150373
4397 1 -1.355778
4398 1 -0.8484709
4399 1 0.3545724
4400 1 -0.7759984
4401 1 0.9923303
4402 1 1.093792
4403 1 0.2820999
4404 1 -0.4353777
4405 1 2.224363
4406 1 -0.3701525
4407 1 0.0501879
4408 1 0.8039018
4409 1 0.1009187
4410 1 1.499638
4411 1 -0.181724
4412 1 0.6806986
4413 1 -0.8919544
4414 1 0.8763742
4415 1 -1.464487
4416 1 -0.7180204
4417 1 -0.471614
4418 1 0.1154132
4419 1 0.2386164
4420 1 -0.4208832
4421 1 0.2748526
4422 1 -1.493476
4423 1 -0.413636
4424 1 -1.196339
4425 1 -0.384647
4426 1 0.5719898
4427 1 0.4415393
4428 1 -0.413636
4429 1 -0.210713
4430 1 -0.8919544
4431 1 -0.4498722
4432 1 -0.0077901
4433 1 0.2096274
4434 1 1.195253
4435 1 -0.3991415
4436 1 0.1588967
4437 1 0.5285063
4438 1 0.1154132
4439 1 -0.6672897
4440 1 -1.558701
4441 1 -0.4353777
4442 1 -0.5513337
4443 1 0.3763141
4444 1 -1.138361
4445 1 -0.9064489
4446 1 -0.4643667
4447 1 -1.573196
4448 1 -0.9716741
4449 1 -0.181724
4450 1 -0.4498722
4451 1 -0.123746
4452 1 0.0284462
4453 1 3.927466
4454 1 -0.8267292
4455 1 -0.2179603
4456 1 -1.00791
4457 1 -3.044387
4458 1 0.3908086
4459 1 0.7096875
4460 1 0.9705885
4461 1 -0.152735
4462 1 0.6299678
4463 1 -0.2904328
4464 1 -1.565948
4465 1 -0.1962185
4466 1 0.1371549
4467 1 -0.7759984
4468 1 0.78216
4469 1 0.78216
4470 1 -0.0367791
4471 1 0.0864242
4472 1 -0.4281305
4473 1 -1.181844
4474 1 -0.9861686
4475 1 0.5864843
4476 1 0.4487866
4477 1 -1.268811
4478 1 -0.0150373
4479 1 0.2965944
4480 1 0.4632811
4481 1 1.260478
4482 1 -0.0730153
4483 1 -0.1092516
4484 1 -0.3773997
4485 1 0.4560339
4486 1 0.4415393
4487 1 -0.0440263
4488 1 0.8473853
4489 1 1.159017
4490 1 1.260478
4491 1 1.376434
4492 1 -0.471614
4493 1 0.1588967
4494 1 -0.5585809
4495 1 0.6951931
4496 1 1.854753
4497 1 0.2603581
4498 1 0.1516494
4499 1 0.898116
4500 1 0.811149
4501 1 -0.8774599
4502 1 -0.5078502
4503 1 0.2023801
4504 1 -0.8339764
4505 1 -0.1382405
4506 1 0.7169348
4507 1 -0.6672897
4508 1 -0.6745369
4509 1 1.332951
4510 1 -0.2904328
4511 1 -1.928311
4512 1 0.0501879
4513 1 0.3908086
4514 1 1.347445
4515 1 1.724302
4516 1 0.0791769
4517 1 -0.2759383
4518 1 0.6154733
4519 1 0.5212591
4520 1 0.2096274
4521 1 0.7604183
4522 1 0.956094
4523 1 -1.08763
4524 1 -0.0802626
4525 1 -0.2469493
4526 1 0.7314293
4527 1 0.1661439
4528 1 -0.0875098
4529 1 -0.529592
4530 1 -1.131114
4531 1 1.108286
4532 1 -0.9789214
4533 1 -0.6962787
4534 1 -0.0440263
4535 1 0.4270448
4536 1 0.4342921
4537 1 -0.6238062
4538 1 -0.1454878
4539 1 -0.5078502
4540 1 0.6806986
4541 1 -0.1454878
4542 1 -0.0585208
4543 1 -0.6020644
4544 1 -0.6890314
4545 1 -0.4498722
4546 1 0.1154132
4547 1 -0.9499324
4548 1 0.9923303
4549 1 -1.37752
4550 1 0.0864242
4551 1 -0.1672295
4552 1 -0.8629654
4553 1 -0.8412237
4554 1 -0.0657681
4555 1 0.3763141
4556 1 1.847506
4557 1 -1.370273
4558 1 -0.8629654
4559 1 -0.1309933
4560 1 -0.384647
4561 1 1.347445
4562 1 0.2965944
4563 1 -1.051394
4564 1 -0.9716741
4565 1 -2.015278
4566 1 -0.6745369
4567 1 0.1371549
4568 1 -0.3629052
4569 1 -0.8629654
4570 1 1.093792
4571 1 -0.0947571
4572 1 0.2096274
4573 1 -0.0295318
4574 1 -0.2831855
4575 1 0.5502481
4576 1 0.4270448
4577 1 0.4487866
4578 1 -0.6383007
4579 1 -0.326669
4580 1 1.07205
4581 1 0.0936714
4582 1 -1.406509
4583 1 -0.1962185
4584 1 -1.392015
4585 1 -1.703646
4586 1 -0.703526
4587 1 -0.9426851
4588 1 0.4850228
4589 1 0.1444021
4590 1 0.5937316
4591 1 -2.218201
4592 1 1.296715
4593 1 0.5647426
4594 1 0.5067646
4595 1 2.65195
4596 1 -0.6600425
4597 1 0.2820999
4598 1 0.1588967
4599 1 -0.3991415
4600 1 -1.449993
4601 1 -0.6383007
4602 1 0.7894073
4603 1 -0.8919544
4604 1 0.0501879
4605 1 -0.5948172
4606 1 0.6444623
4607 1 0.2386164
4608 1 0.3255834
4609 1 -0.123746
4610 1 -1.00791
4611 1 -0.7832457
4612 1 0.4270448
4613 1 -1.370273
4614 1 -0.6600425
4615 1 0.1951329
4616 1 0.8473853
4617 1 0.4415393
4618 1 -0.0802626
4619 1 -0.5078502
4620 1 -0.0222846
4621 1 1.166264
4622 1 -0.7904929
4623 1 0.9778357
4624 1 0.7386765
4625 1 0.9488468
4626 1 -0.0295318
4627 1 0.1299077
4628 1 1.760539
4629 1 0.0139517
4630 1 -1.478981
4631 1 -1.544207
4632 1 -1.210833
4633 1 0.0791769
4634 1 0.8183963
4635 1 -0.1889713
4636 1 0.3618196
4637 1 0.8328907
4638 1 -0.0512736
4639 1 2.557736
4640 1 0.0429407
4641 1 -0.268691
4642 1 0.7314293
4643 1 0.2676054
4644 1 -0.5658282
4645 1 -1.000663
4646 1 -0.0947571
4647 1 0.1878856
4648 1 0.6009788
4649 1 -1.145608
4650 1 -0.9426851
4651 1 -0.2034658
4652 1 0.724182
4653 1 -0.0875098
4654 1 -0.0367791
4655 1 -1.044147
4656 1 -0.6020644
4657 1 1.035814
4658 1 -0.4861085
4659 1 0.4487866
4660 1 0.0791769
4661 1 -0.1309933
4662 1 0.3183361
4663 1 0.2241219
4664 1 -0.8122346
4665 1 -0.2324548
4666 1 -0.4063887
4667 1 -0.3339162
4668 1 -0.0512736
4669 1 0.6154733
4670 1 0.666204
4671 1 2.006945
4672 1 0.6517096
4673 1 -0.5150974
4674 1 0.3473251
4675 1 -0.4933557
4676 1 -2.855959
4677 1 -1.189092
4678 1 -0.4281305
4679 1 0.1878856
4680 1 0.8908688
4681 1 0.840138
4682 1 0.7386765
4683 1 0.5067646
4684 1 0.2023801
4685 1 0.2168746
4686 1 1.15177
4687 1 -0.4861085
4688 1 -0.5948172
4689 1 -0.6020644
4690 1 4.1014
4691 1 1.833011
4692 1 0.6589568
4693 1 -1.181844
4694 1 -0.355658
4695 1 0.8908688
4696 1 -1.696399
4697 1 -1.428251
4698 1 0.0211989
4699 1 -0.9354379
4700 1 -0.2252075
4701 1 -0.6020644
4702 1 1.57211
4703 1 -0.58757
4704 1 0.1951329
4705 1 -2.486349
4706 1 0.0211989
4707 1 -0.8339764
4708 1 -0.6238062
4709 1 1.122781
4710 1 -1.123866
4711 1 0.78216
4712 1 0.9126105
4713 1 -0.1164988
4714 1 -1.145608
4715 1 -2.855959
4716 1 -0.7107732
4717 1 -0.2759383
4718 1 -0.152735
4719 1 1.216995
4720 1 1.144522
4721 1 1.608346
4722 1 -0.1092516
4723 1 -1.109372
4724 1 0.7169348
4725 1 -0.7180204
4726 1 -0.8267292
4727 1 0.5067646
4728 1 -0.5440865
4729 1 0.4705283
4730 1 0.5864843
4731 1 -0.3339162
4732 1 0.579237
4733 1 -0.4281305
4734 1 -0.4353777
4735 1 -0.5803227
4736 1 -0.1672295
4737 1 0.2458636
4738 1 -0.4498722
4739 1 0.0864242
4740 1 0.2965944
4741 1 0.6154733
4742 1 -0.529592
4743 1 1.267726
4744 1 0.0067044
4745 1 -0.7252676
4746 1 0.5140119
4747 1 0.0936714
4748 1 0.9633412
4749 1 0.8763742
4750 1 0.0646824
4751 1 0.0501879
4752 1 -0.2179603
4753 1 1.709808
4754 1 0.7676655
4755 1 -0.9209434
4756 1 -0.6238062
4757 1 0.4270448
4758 1 1.035814
4759 1 -0.1744768
4760 1 0.4632811
4761 1 -0.0730153
4762 1 0.4270448
4763 1 0.1444021
4764 1 -0.4498722
4765 1 0.7604183
4766 1 -0.268691
4767 1 0.7096875
4768 1 1.115533
4769 1 -0.9861686
4770 1 -1.486229
4771 1 -0.210713
4772 1 -0.7615039
4773 1 0.3618196
4774 1 -0.3991415
4775 1 0.1516494
4776 1 -0.9861686
4777 1 -0.355658
4778 1 -0.3484108
4779 1 0.3908086
4780 1 0.1661439
4781 1 1.57211
4782 1 0.0356934
4783 1 0.2676054
4784 1 -0.7542567
4785 1 -1.834097
4786 1 -0.58757
4787 1 1.854753
4788 1 0.4560339
4789 1 -1.863086
4790 1 -0.4643667
4791 1 2.028687
4792 1 -0.8919544
4793 1 -0.0512736
4794 1 -0.5513337
4795 1 -0.0947571
4796 1 -0.5658282
4797 1 -1.334037
4798 1 -0.6383007
4799 1 0.4270448
4800 1 0.1878856
4801 1 -0.5223447
4802 1 -0.9499324
4803 1 0.9778357
4804 1 0.1299077
4805 1 -0.0730153
4806 1 -0.2469493
4807 1 -0.0150373
4808 1 0.1661439
4809 1 -1.109372
4810 1 -0.3339162
4811 1 -0.1672295
4812 1 -0.3991415
4813 1 -0.0585208
4814 1 0.3835613
4815 1 -1.428251
4816 1 0.1009187
4817 1 -0.703526
4818 1 -0.123746
4819 1 -0.326669
4820 1 -0.3629052
4821 1 0.6517096
4822 1 1.07205
4823 1 -2.276179
4824 1 1.296715
4825 1 0.0067044
4826 1 0.2748526
4827 1 0.2023801
4828 1 0.898116
4829 1 -0.7977402
4830 1 -0.0295318
4831 1 -0.2541965
4832 1 -0.0947571
4833 1 -0.6817842
4834 1 -0.239702
4835 1 -0.3121745
4836 1 0.2458636
4837 1 0.2168746
4838 1 -0.8339764
4839 1 0.8908688
4840 1 -0.6962787
4841 1 0.7024403
4842 1 0.4487866
4843 1 -0.8412237
4844 1 -1.319542
4845 1 -0.5948172
