0 0 25.5564616641187143
0 1 -6.81505644376510844040
0 2 -6.81505644376493169290
0 3 -6.81505644376500807624
0 4 -6.81505644376497699000
0 5 -6.81505644376495389736
0 7 1.70376411094125890244
0 8 1.70376411094124713408
0 9 1.70376411094124335932
0 10 1.70376411094124402545
0 11 1.70376411094127422352
1 1 25.5564616641185012
1 2 -6.81505644376490948844
1 3 1.70376411094125557177
1 4 1.70376411094125179702
1 5 -6.81505644376492192293
1 6 1.70376411094108526356
1 7 -6.81505644376495833825
1 8 1.70376411094124602386
1 10 1.70376411094119650791
1 11 -6.81505644376463948220
2 2 25.5564616641186149
2 3 -6.81505644376496455550
2 4 1.70376411094123358936
2 5 1.70376411094119983858
2 6 1.70376411094124513568
2 7 -6.81505644376499031267
2 8 -6.81505644376497965453
2 9 1.70376411094124113887
2 11 1.70376411094124446954
3 3 25.5564616641186753
3 4 -6.81505644376497432546
3 5 1.70376411094124424750
3 6 1.70376411094124224910
3 7 1.70376411094124113887
3 8 -6.81505644376497965453
3 9 -6.81505644376497521364
3 10 1.70376411094124602386
4 4 25.5564616641186717
4 5 -6.81505644376498231907
4 6 1.70376411094123980661
4 8 1.70376411094124535772
4 9 -6.81505644376498231907
4 10 -6.81505644376496544368
4 11 1.70376411094124025070
5 5 25.5564616641186646
5 6 1.70376411094119006862
5 7 1.70376411094135171709
5 9 1.70376411094124424750
5 10 -6.81505644376490593572
5 11 -6.81505644376513419758
6 6 25.5564616641184905
6 7 -6.81505644376496633186
6 8 -6.81505644376497787817
6 9 -6.81505644376496810821
6 10 -6.81505644376501429349
6 11 -6.81505644376456398703
7 7 25.5564616641188920
7 8 -6.81505644376498054271
7 9 1.70376411094124269319
7 10 1.70376411094137591995
7 11 -6.81505644376546548813
8 8 25.5564616641186682
8 9 -6.81505644376497521364
8 10 1.70376411094124557977
8 11 1.70376411094124358137
9 9 25.5564616641186646
9 10 -6.81505644376497876635
9 11 1.70376411094124224910
10 10 25.5564616641186895
10 11 -6.81505644376513330940
11 11 25.5564616641186895
