Log-density of sample: -9.537986860412

Sub-index mean (unconstr) mean (constr):
1           0.244652       -0.470394
3           0.420537       -0.294509
5           0.348750       -0.829304
7           0.325922       -0.228238
9           0.399286       -0.154874
11          0.394796       -0.581305
13          0.398828       -0.137457
15          0.420460       -0.115824
17          0.279265       -0.663178
19          0.484196       -0.052088
21          0.475638       -0.060646
23          0.384558       -0.557885
25          0.380659       -0.173501
27          0.370326       -0.183834
29          0.437764       -0.538338
31          0.384011       -0.331034
33          0.288129       -0.426917
35          0.534661       -0.643393
