test_no = 109  nargs = 0
-10.000000000000 0.000008577560
-9.950000000000 0.000009017323
-9.900000000000 0.000009479635
-9.850000000000 0.000009965648
-9.800000000000 0.000010476573
-9.750000000000 0.000011013697
-9.700000000000 0.000011578354
-9.650000000000 0.000012171959
-9.600000000000 0.000012795996
-9.550000000000 0.000013452027
-9.500000000000 0.000014141687
-9.450000000000 0.000014866702
-9.400000000000 0.000015628884
-9.350000000000 0.000016430140
-9.300000000000 0.000017272474
-9.250000000000 0.000018157988
-9.200000000000 0.000019088894
-9.150000000000 0.000020067524
-9.100000000000 0.000021096318
-9.050000000000 0.000022177851
-9.000000000000 0.000023314826
-8.950000000000 0.000024510085
-8.900000000000 0.000025766610
-8.850000000000 0.000027087547
-8.800000000000 0.000028476194
-8.750000000000 0.000029936022
-8.700000000000 0.000031470679
-8.650000000000 0.000033083996
-8.600000000000 0.000034780009
-8.550000000000 0.000036562953
-8.500000000000 0.000038437280
-8.450000000000 0.000040407679
-8.400000000000 0.000042479066
-8.350000000000 0.000044656617
-8.300000000000 0.000046945773
-8.250000000000 0.000049352250
-8.200000000000 0.000051882060
-8.150000000000 0.000054541519
-8.100000000000 0.000057337269
-8.050000000000 0.000060276291
-8.000000000000 0.000063365925
-7.950000000000 0.000066613884
-7.900000000000 0.000070028276
-7.850000000000 0.000073617626
-7.800000000000 0.000077390891
-7.750000000000 0.000081357491
-7.700000000000 0.000085527326
-7.650000000000 0.000089910799
-7.600000000000 0.000094518849
-7.550000000000 0.000099362972
-7.500000000000 0.000104455252
-7.450000000000 0.000109808392
-7.400000000000 0.000115435740
-7.350000000000 0.000121351331
-7.300000000000 0.000127569913
-7.250000000000 0.000134106988
-7.200000000000 0.000140978851
-7.150000000000 0.000148202628
-7.100000000000 0.000155796316
-7.050000000000 0.000163778834
-7.000000000000 0.000172170064
-6.950000000000 0.000180990904
-6.900000000000 0.000190263313
-6.850000000000 0.000200010374
-6.800000000000 0.000210256341
-6.750000000000 0.000221026708
-6.700000000000 0.000232348264
-6.650000000000 0.000244249162
-6.600000000000 0.000256758987
-6.550000000000 0.000269908829
-6.500000000000 0.000283731358
-6.450000000000 0.000298260904
-6.400000000000 0.000313533540
-6.350000000000 0.000329587170
-6.300000000000 0.000346461623
-6.250000000000 0.000364198743
-6.200000000000 0.000382842500
-6.150000000000 0.000402439087
-6.100000000000 0.000423037037
-6.050000000000 0.000444687337
-6.000000000000 0.000467443551
-5.950000000000 0.000491361948
-5.900000000000 0.000516501638
-5.850000000000 0.000542924712
-5.800000000000 0.000570696388
-5.750000000000 0.000599885167
-5.700000000000 0.000630562996
-5.650000000000 0.000662805437
-5.600000000000 0.000696691843
-5.550000000000 0.000732305546
-5.500000000000 0.000769734050
-5.450000000000 0.000809069237
-5.400000000000 0.000850407577
-5.350000000000 0.000893850352
-5.300000000000 0.000939503890
-5.250000000000 0.000987479805
-5.200000000000 0.001037895257
-5.150000000000 0.001090873211
-5.100000000000 0.001146542718
-5.050000000000 0.001205039205
-5.000000000000 0.001266504773
-4.950000000000 0.001331088517
-4.900000000000 0.001398946849
-4.850000000000 0.001470243845
-4.800000000000 0.001545151597
-4.750000000000 0.001623850586
-4.700000000000 0.001706530066
-4.650000000000 0.001793388465
-4.600000000000 0.001884633803
-4.550000000000 0.001980484124
-4.500000000000 0.002081167942
-4.450000000000 0.002186924710
-4.400000000000 0.002298005298
-4.350000000000 0.002414672495
-4.300000000000 0.002537201522
-4.250000000000 0.002665880565
-4.200000000000 0.002801011327
-4.150000000000 0.002942909592
-4.100000000000 0.003091905809
-4.050000000000 0.003248345693
-4.000000000000 0.003412590836
-3.950000000000 0.003585019346
-3.900000000000 0.003766026485
-3.850000000000 0.003956025333
-3.800000000000 0.004155447462
-3.750000000000 0.004364743617
-3.700000000000 0.004584384412
-3.650000000000 0.004814861035
-3.600000000000 0.005056685960
-3.550000000000 0.005310393655
-3.500000000000 0.005576541309
-3.450000000000 0.005855709541
-3.400000000000 0.006148503118
-3.350000000000 0.006455551659
-3.300000000000 0.006777510332
-3.250000000000 0.007115060531
-3.200000000000 0.007468910541
-3.150000000000 0.007839796171
-3.100000000000 0.008228481356
-3.050000000000 0.008635758732
-3.000000000000 0.009062450154
-2.950000000000 0.009509407175
-2.900000000000 0.009977511459
-2.850000000000 0.010467675133
-2.800000000000 0.010980841060
-2.750000000000 0.011517983027
-2.700000000000 0.012080105844
-2.650000000000 0.012668245327
-2.600000000000 0.013283468179
-2.550000000000 0.013926871728
-2.500000000000 0.014599583538
-2.450000000000 0.015302760862
-2.400000000000 0.016037589928
-2.350000000000 0.016805285057
-2.300000000000 0.017607087580
-2.250000000000 0.018444264559
-2.200000000000 0.019318107290
-2.150000000000 0.020229929576
-2.100000000000 0.021181065764
-2.050000000000 0.022172868525
-2.000000000000 0.023206706376
-1.950000000000 0.024283960930
-1.900000000000 0.025406023865
-1.850000000000 0.026574293609
-1.800000000000 0.027790171732
-1.750000000000 0.029055059054
-1.700000000000 0.030370351449
-1.650000000000 0.031737435369
-1.600000000000 0.033157683081
-1.550000000000 0.034632447631
-1.500000000000 0.036163057546
-1.450000000000 0.037750811296
-1.400000000000 0.039396971524
-1.350000000000 0.041102759089
-1.300000000000 0.042869346924
-1.250000000000 0.044697853777
-1.200000000000 0.046589337834
-1.150000000000 0.048544790301
-1.100000000000 0.050565128965
-1.050000000000 0.052651191802
-1.000000000000 0.054803730671
-0.950000000000 0.057023405160
-0.900000000000 0.059310776637
-0.850000000000 0.061666302573
-0.800000000000 0.064090331185
-0.750000000000 0.066583096476
-0.700000000000 0.069144713721
-0.650000000000 0.071775175465
-0.600000000000 0.074474348088
-0.550000000000 0.077241968983
-0.500000000000 0.080077644406
-0.450000000000 0.082980848035
-0.400000000000 0.085950920268
-0.350000000000 0.088987068296
-0.300000000000 0.092088366977
-0.250000000000 0.095253760499
-0.200000000000 0.098482064860
-0.150000000000 0.101771971145
-0.100000000000 0.105122049574
-0.050000000000 0.108530754318
0.000000000000 0.111996429013
0.050000000000 0.115517312964
0.100000000000 0.119091547951
0.150000000000 0.122717185594
0.200000000000 0.126392195209
0.250000000000 0.130114472072
0.300000000000 0.133881846023
0.350000000000 0.137692090322
0.400000000000 0.141542930678
0.450000000000 0.145432054377
0.500000000000 0.149357119406
0.550000000000 0.153315763517
0.600000000000 0.157305613146
0.650000000000 0.161324292110
0.700000000000 0.165369430029
0.750000000000 0.169438670400
0.800000000000 0.173529678285
0.850000000000 0.177640147556
0.900000000000 0.181767807658
0.950000000000 0.185910429875
1.000000000000 0.190065833053
1.050000000000 0.194231888790
1.100000000000 0.198406526061
1.150000000000 0.202587735289
1.200000000000 0.206773571869
1.250000000000 0.210962159142
1.300000000000 0.215151690850
1.350000000000 0.219340433072
1.400000000000 0.223526725685
1.450000000000 0.227708983359
1.500000000000 0.231885696122
1.550000000000 0.236055429523
1.600000000000 0.240216824427
1.650000000000 0.244368596467
1.700000000000 0.248509535196
1.750000000000 0.252638502957
1.800000000000 0.256754433514
1.850000000000 0.260856330471
1.900000000000 0.264943265504
1.950000000000 0.269014376441
2.000000000000 0.273068865204
2.050000000000 0.277105995660
2.100000000000 0.281125091376
2.150000000000 0.285125533323
2.200000000000 0.289106757529
2.250000000000 0.293068252720
2.300000000000 0.297009557940
2.350000000000 0.300930260186
2.400000000000 0.304829992057
2.450000000000 0.308708429434
2.500000000000 0.312565289197
2.550000000000 0.316400326991
2.600000000000 0.320213335044
2.650000000000 0.324004140048
2.700000000000 0.327772601097
2.750000000000 0.331518607700
2.800000000000 0.335242077860
2.850000000000 0.338942956231
2.900000000000 0.342621212341
2.950000000000 0.346276838895
3.000000000000 0.349909850153
3.050000000000 0.353520280380
3.100000000000 0.357108182369
3.150000000000 0.360673626041
3.200000000000 0.364216697109
3.250000000000 0.367737495821
3.300000000000 0.371236135760
3.350000000000 0.374712742718
3.400000000000 0.378167453629
3.450000000000 0.381600415565
3.500000000000 0.385011784793
3.550000000000 0.388401725881
3.600000000000 0.391770410869
3.650000000000 0.395118018484
3.700000000000 0.398444733407
3.750000000000 0.401750745589
3.800000000000 0.405036249608
3.850000000000 0.408301444074
3.900000000000 0.411546531069
3.950000000000 0.414771715631
4.000000000000 0.417977205269
4.050000000000 0.421163209517
4.100000000000 0.424329939518
4.150000000000 0.427477607637
4.200000000000 0.430606427109
4.250000000000 0.433716611707
4.300000000000 0.436808375440
4.350000000000 0.439881932275
4.400000000000 0.442937495878
4.450000000000 0.445975279382
4.500000000000 0.448995495166
4.550000000000 0.451998354664
4.600000000000 0.454984068183
4.650000000000 0.457952844739
4.700000000000 0.460904891909
4.750000000000 0.463840415698
4.800000000000 0.466759620416
4.850000000000 0.469662708575
4.900000000000 0.472549880786
4.950000000000 0.475421335673
5.000000000000 0.478277269804
5.050000000000 0.481117877612
5.100000000000 0.483943351350
5.150000000000 0.486753881027
5.200000000000 0.489549654374
5.250000000000 0.492330856805
5.300000000000 0.495097671385
5.350000000000 0.497850278807
5.400000000000 0.500588857372
5.450000000000 0.503313582976
5.500000000000 0.506024629101
5.550000000000 0.508722166806
5.600000000000 0.511406364729
5.650000000000 0.514077389087
5.700000000000 0.516735403683
5.750000000000 0.519380569910
5.800000000000 0.522013046766
5.850000000000 0.524632990865
5.900000000000 0.527240556452
5.950000000000 0.529835895421
6.000000000000 0.532419157332
6.050000000000 0.534990489436
6.100000000000 0.537550036692
6.150000000000 0.540097941794
6.200000000000 0.542634345193
6.250000000000 0.545159385125
6.300000000000 0.547673197634
6.350000000000 0.550175916602
6.400000000000 0.552667673777
6.450000000000 0.555148598799
6.500000000000 0.557618819228
6.550000000000 0.560078460579
6.600000000000 0.562527646345
6.650000000000 0.564966498029
6.700000000000 0.567395135176
6.750000000000 0.569813675400
6.800000000000 0.572222234415
6.850000000000 0.574620926068
6.900000000000 0.577009862361
6.950000000000 0.579389153493
7.000000000000 0.581758907878
7.050000000000 0.584119232182
7.100000000000 0.586470231350
7.150000000000 0.588812008637
7.200000000000 0.591144665633
7.250000000000 0.593468302297
7.300000000000 0.595783016983
7.350000000000 0.598088906465
7.400000000000 0.600386065972
7.450000000000 0.602674589211
7.500000000000 0.604954568393
7.550000000000 0.607226094263
7.600000000000 0.609489256126
7.650000000000 0.611744141871
7.700000000000 0.613990838001
7.750000000000 0.616229429652
7.800000000000 0.618460000623
7.850000000000 0.620682633402
7.900000000000 0.622897409183
7.950000000000 0.625104407898
8.000000000000 0.627303708233
8.050000000000 0.629495387660
8.100000000000 0.631679522448
8.150000000000 0.633856187697
8.200000000000 0.636025457352
8.250000000000 0.638187404228
8.300000000000 0.640342100027
8.350000000000 0.642489615367
8.400000000000 0.644630019792
8.450000000000 0.646763381799
8.500000000000 0.648889768857
8.550000000000 0.651009247421
8.600000000000 0.653121882959
8.650000000000 0.655227739961
8.700000000000 0.657326881966
8.750000000000 0.659419371575
8.800000000000 0.661505270467
8.850000000000 0.663584639420
8.900000000000 0.665657538326
8.950000000000 0.667724026207
9.000000000000 0.669784161232
9.050000000000 0.671838000730
9.100000000000 0.673885601210
9.150000000000 0.675927018373
9.200000000000 0.677962307127
9.250000000000 0.679991521601
9.300000000000 0.682014715163
9.350000000000 0.684031940429
9.400000000000 0.686043249279
9.450000000000 0.688048692871
9.500000000000 0.690048321652
9.550000000000 0.692042185372
9.600000000000 0.694030333099
9.650000000000 0.696012813226
9.700000000000 0.697989673487
9.750000000000 0.699960960969
9.800000000000 0.701926722121
9.850000000000 0.703887002766
9.900000000000 0.705841848114
9.950000000000 0.707791302771
10.000000000000 0.709735410751


## check:  param = 0.9 0.1
## check:  log.prior(-1.10000000) =  -1.37885222
## check:  log.prior(0.20000000) =  -1.57526144
## check:  log.prior(1.30000000) =  -2.36980431
