 0.2082856642 0.3619016294 -0.9955530911 -701.5786086
 0.4403631429 0.6890705656 -0.07870144403 -702.6621297
 -0.00970052575 0.0545977486 -1.856735306 -702.6784364
 0.8855771869 0.5482181953 -1.23347719 -702.6535924
 -0.3911056678 0.1970146777 -0.7849943619 -702.6657911
 0.4097269804 -0.1858738149 -0.8510748464 -702.6770204
 -0.02825348416 1.005117924 -1.165204291 -702.6676564
 -0.14732527 -0.2269761751 -1.287776182 -702.8973554
 -0.4001934091 0.4606432262 -1.469138902 -702.8478022
 0.5897679199 -0.02420872966 -1.546707864 -702.8965482
 0.3368997808 0.6634106716 -1.728070583 -702.6182105
 0.1125191103 0.1393368766 -0.2612278534 -702.4364176
 -0.1403490288 0.8269562779 -0.4425905726 -702.3820348
 0.8496123001 0.342104322 -0.5201595348 -702.5627015
 0.596744161 1.029723723 -0.701522254 -702.5407322
