 5.101873585 1.003537747 2.38371108 -3670.425943
 5.094510254 1.440485429 2.629093081 -3671.460489
 5.111421966 0.4369269747 2.065512609 -3671.774866
 6.385106831 0.9900603607 2.446216824 -3671.13951
 4.429861345 1.010595675 2.350977651 -3669.555505
 5.006929082 0.02570716535 4.122068814 -3672.050714
 5.166886345 1.673102208 1.193379564 -3673.217695
 4.664583663 0.1159290124 3.184741758 -3671.903438
 4.756935032 1.067052984 1.493862231 -3671.510831
 5.793445171 0.1040729433 3.23972812 -3672.649157
 5.88579654 1.055196914 1.548848594 -3672.009641
 4.654819682 0.6953337562 3.510125096 -3670.068312
 4.747171051 1.646457727 1.819245569 -3670.41035
 5.783681189 0.683477687 3.565111458 -3670.659608
 5.876032558 1.634601658 1.874231931 -3671.089911
