0 1
1 1
2 1
3 1
4 1
5 1
6 1
7 1
8 1
9 1
10 1
11 1
12 1
13 1
14 1
15 1
16 1
17 1
18 1
19 1
20 1
21 1
22 1
23 1
24 1
25 1
26 1
27 1
28 1
29 1
30 2
31 2
32 2
33 2
34 2
35 2
36 2
37 2
38 2
39 2
40 2
41 2
42 2
43 2
44 2
45 2
46 2
47 2
48 2
49 2
50 2
51 2
52 2
53 2
54 2
55 2
56 2
57 2
58 2
59 2
60 2
61 2
62 2
63 2
64 2
65 2
66 2
67 2
68 2
69 2
70 2
71 2
72 2
73 2
74 2
75 2
76 2
77 2
78 2
79 2
80 2
81 2
82 2
83 2
84 2
85 2
86 2
87 2
88 2
89 2
90 2
91 2
92 2
93 2
94 2
95 2
96 2
97 2
98 2
99 2
100 2
101 2
102 2
103 2
104 2
105 2
106 2
107 2
108 2
109 2
110 2
111 2
112 2
113 2
114 2
115 2
116 2
117 2
118 3
119 3
120 3
121 3
122 3
123 3
124 3
125 3
126 3
127 3
128 3
129 3
130 3
131 3
132 3
133 3
134 3
135 3
136 3
137 3
138 3
139 3
140 3
141 3
142 3
143 3
144 3
145 3
146 3
147 3
148 3
149 3
150 3
151 3
152 3
153 3
154 3
155 3
156 3
157 3
158 3
159 3
160 3
161 3
162 3
163 3
164 3
165 3
166 3
167 3
168 3
169 3
170 3
171 3
172 3
173 3
174 3
175 3
176 3
177 3
178 3
179 3
180 3
181 3
182 3
183 3
184 3
185 4
186 4
187 4
188 4
189 4
190 4
191 4
192 4
193 4
194 4
195 4
196 4
197 4
198 4
199 4
200 4
201 4
202 4
203 4
204 4
205 4
206 4
207 4
208 4
209 4
210 4
211 4
212 4
213 4
214 4
215 4
216 4
217 4
218 4
219 4
220 4
221 4
222 4
223 4
224 4
225 4
226 4
227 4
228 4
229 4
230 4
231 4
232 4
233 4
234 4
235 4
236 4
237 4
238 4
239 4
240 4
241 4
242 4
243 4
244 4
245 4
246 4
247 4
248 4
249 4
250 4
251 4
252 4
253 4
254 4
255 4
256 4
257 4
258 4
259 4
260 4
261 4
262 4
263 4
264 4
265 4
266 4
267 4
268 5
269 5
270 5
271 5
272 5
273 5
274 5
275 5
276 5
277 5
278 5
279 5
280 5
281 5
282 5
283 5
284 5
285 5
286 5
287 5
288 5
289 5
290 5
291 5
292 5
293 5
294 5
295 5
296 5
297 5
298 5
299 5
300 5
301 5
302 5
303 5
304 5
305 5
306 5
307 5
308 5
309 5
310 5
311 5
312 5
313 5
314 5
315 5
316 5
317 5
318 5
319 5
320 5
321 5
322 5
323 5
324 5
325 5
326 5
327 5
328 5
329 5
330 5
331 5
332 5
333 5
334 5
335 6
336 6
337 6
338 6
339 6
340 6
341 6
342 6
343 6
344 6
345 6
346 6
347 6
348 6
349 6
350 6
351 6
352 6
353 6
354 6
355 6
356 6
357 6
358 6
359 6
360 6
361 6
362 6
363 6
364 6
365 6
366 6
367 7
368 7
369 7
370 7
371 7
372 7
373 7
374 7
375 7
376 8
377 8
378 8
379 8
380 8
381 8
382 8
383 8
384 8
385 8
386 9
387 9
388 9
389 9
390 10
391 10
392 10
393 10
394 11
395 11
396 11
397 0
398 1
399 1
400 1
401 1
402 1
403 1
404 1
405 1
406 1
407 1
408 2
409 2
410 2
411 2
412 2
413 2
414 2
415 2
416 2
417 2
418 3
419 3
420 3
421 3
422 4
423 4
424 4
425 4
426 4
427 4
428 4
429 4
430 4
431 5
432 6
433 6
434 2
435 2
436 2
437 2
438 2
439 2
440 2
441 2
442 3
443 3
444 3
445 4
446 4
447 4
448 4
449 4
450 4
451 5
452 5
453 5
454 6
455 6
456 7
457 7
458 9
459 10
460 10
461 1
462 2
463 2
464 2
465 3
466 4
467 4
468 6
469 0
470 1
471 2
472 2
473 2
474 2
475 2
476 2
477 2
478 2
479 2
480 2
481 3
482 3
483 3
484 3
485 3
486 4
487 4
488 4
489 4
490 4
491 4
492 4
493 5
494 5
495 5
496 6
497 6
498 6
499 6
500 9
501 1
502 1
503 1
504 2
505 2
506 2
507 2
508 2
509 2
510 2
511 2
512 2
513 2
514 2
515 2
516 2
517 2
518 3
519 3
520 3
521 3
522 3
523 3
524 3
525 3
526 4
527 4
528 4
529 4
530 5
531 5
532 6
533 6
534 8
535 0
536 1
537 1
538 1
539 1
540 1
541 1
542 1
543 2
544 2
545 2
546 2
547 2
548 3
549 3
550 3
551 4
552 4
553 4
554 4
555 4
556 4
557 4
558 5
559 5
560 5
561 5
562 5
563 5
564 6
565 2
566 2
567 2
568 5
569 5
570 6
571 6
572 10
573 1
574 2
575 4
576 7
577 9
578 2
579 2
580 4
581 5
582 6
583 7
584 0
585 3
586 4
587 5
588 8
589 1
590 1
591 2
592 4
593 4
594 5
595 8
596 11
597 1
598 2
599 3
600 3
601 5
602 5
603 5
604 5
605 6
606 1
607 2
608 2
609 2
610 3
611 3
612 4
613 4
614 4
615 4
616 2
617 2
618 4
619 4
620 4
621 4
622 5
623 5
624 5
625 5
626 5
627 1
628 3
629 5
630 5
631 6
632 6
633 10
634 2
635 2
636 2
637 2
638 2
639 3
640 3
641 3
642 3
643 4
644 5
645 5
646 8
647 2
648 4
649 10
650 4
651 9
652 4
653 5
654 6
655 7
656 8
657 1
658 2
659 2
660 2
661 3
662 4
663 4
664 4
665 4
666 6
667 8
668 8
669 3
670 3
671 3
672 4
673 5
674 7
675 10
676 2
677 3
678 3
679 4
680 4
681 5
682 5
683 5
684 6
685 9
686 1
687 4
688 4
689 6
690 7
691 1
692 2
693 2
694 3
695 3
696 4
697 4
698 4
699 5
700 5
701 5
702 6
703 2
704 3
705 3
706 4
707 4
708 4
709 5
710 8
711 8
712 10
713 2
714 4
715 5
716 5
717 7
718 2
719 4
720 4
721 5
722 2
723 3
724 3
725 3
726 4
727 5
728 6
729 7
730 1
731 2
732 4
733 4
734 4
735 4
736 4
737 4
738 5
739 5
740 5
741 5
742 6
743 6
744 7
745 1
746 1
747 1
748 1
749 1
750 1
751 2
752 2
753 2
754 2
755 2
756 2
757 2
758 2
759 2
760 2
761 2
762 3
763 3
764 3
765 3
766 4
767 4
768 4
769 4
770 4
771 4
772 5
773 5
774 5
775 7
776 7
777 9
778 10
779 1
780 1
781 2
782 2
783 2
784 2
785 2
786 2
787 2
788 2
789 2
790 2
791 3
792 3
793 3
794 3
795 3
796 3
797 3
798 3
799 4
800 4
801 4
802 5
803 5
804 5
805 6
806 6
807 6
808 6
809 6
810 6
811 1
812 1
813 1
814 1
815 2
816 2
817 2
818 2
819 2
820 2
821 3
822 3
823 4
824 4
825 4
826 4
827 4
828 4
829 4
830 5
831 5
832 5
833 5
834 5
835 5
836 5
837 5
838 6
839 6
840 7
841 11
842 2
843 2
844 2
845 2
846 2
847 3
848 3
849 3
850 3
851 4
852 4
853 4
854 4
855 4
856 4
857 5
858 5
859 5
860 5
861 5
862 8
863 3
864 3
865 3
866 6
867 9
868 9
869 10
870 1
871 2
872 3
873 3
874 4
875 4
876 5
877 5
878 6
879 6
880 1
881 2
882 2
883 2
884 3
885 3
886 3
887 4
888 4
889 4
890 4
891 5
892 5
893 5
894 5
895 6
896 6
897 7
898 1
899 3
900 3
901 6
902 6
903 8
904 1
905 2
906 2
907 2
908 2
909 2
910 2
911 2
912 2
913 2
914 2
915 3
916 3
917 3
918 4
919 4
920 4
921 4
922 4
923 4
924 4
925 4
926 4
927 5
928 5
929 5
930 5
931 5
932 5
933 6
934 6
935 6
936 6
937 6
938 7
939 7
940 8
941 10
942 2
943 3
944 4
945 4
946 4
947 4
948 4
949 4
950 4
951 5
952 5
953 5
954 5
955 6
956 7
957 1
958 2
959 2
960 2
961 2
962 2
963 2
964 2
965 3
966 3
967 3
968 3
969 3
970 3
971 3
972 3
973 5
974 5
975 5
976 6
977 6
978 6
979 7
980 9
981 2
982 2
983 2
984 3
985 3
986 4
987 4
988 6
989 2
990 2
991 3
992 3
993 3
994 3
995 5
996 5
997 5
998 5
999 6
1000 7
1001 1
1002 2
1003 3
1004 4
1005 5
1006 5
1007 6
1008 7
1009 7
1010 1
1011 1
1012 2
1013 2
1014 2
1015 2
1016 3
1017 3
1018 4
1019 4
1020 4
1021 4
1022 4
1023 5
1024 6
1025 7
1026 7
1027 1
1028 1
1029 1
1030 1
1031 1
1032 1
1033 1
1034 2
1035 2
1036 2
1037 2
1038 2
1039 2
1040 2
1041 2
1042 2
1043 2
1044 2
1045 2
1046 2
1047 2
1048 2
1049 2
1050 2
1051 2
1052 2
1053 2
1054 2
1055 2
1056 2
1057 2
1058 2
1059 2
1060 3
1061 3
1062 3
1063 3
1064 3
1065 3
1066 3
1067 3
1068 3
1069 3
1070 3
1071 3
1072 3
1073 3
1074 3
1075 3
1076 3
1077 3
1078 3
1079 3
1080 3
1081 3
1082 3
1083 3
1084 3
1085 4
1086 4
1087 4
1088 4
1089 4
1090 4
1091 4
1092 4
1093 4
1094 4
1095 4
1096 4
1097 4
1098 4
1099 4
1100 4
1101 4
1102 4
1103 4
1104 4
1105 4
1106 4
1107 4
1108 5
1109 5
1110 5
1111 5
1112 5
1113 5
1114 5
1115 5
1116 5
1117 5
1118 5
1119 5
1120 5
1121 5
1122 5
1123 5
1124 5
1125 5
1126 5
1127 5
1128 5
1129 5
1130 5
1131 5
1132 5
1133 5
1134 6
1135 6
1136 6
1137 6
1138 6
1139 6
1140 6
1141 6
1142 6
1143 6
1144 6
1145 7
1146 7
1147 7
1148 7
1149 7
1150 8
1151 8
1152 9
1153 10
1154 10
1155 10
1156 10
1157 1
1158 1
1159 1
1160 1
1161 2
1162 2
1163 2
1164 2
1165 2
1166 2
1167 2
1168 2
1169 2
1170 2
1171 2
1172 3
1173 3
1174 3
1175 3
1176 3
1177 3
1178 3
1179 4
1180 4
1181 4
1182 4
1183 4
1184 4
1185 4
1186 4
1187 5
1188 5
1189 5
1190 5
1191 5
1192 5
1193 5
1194 5
1195 6
1196 6
1197 7
1198 2
1199 3
1200 4
1201 4
1202 5
1203 5
1204 6
1205 1
1206 1
1207 2
1208 2
1209 2
1210 2
1211 2
1212 2
1213 2
1214 2
1215 2
1216 2
1217 2
1218 2
1219 2
1220 3
1221 3
1222 3
1223 4
1224 4
1225 4
1226 4
1227 5
1228 5
1229 5
1230 5
1231 6
1232 6
1233 6
1234 7
1235 9
1236 7
1237 5
1238 5
1239 7
1240 2
1241 2
1242 2
1243 2
1244 2
1245 2
1246 2
1247 3
1248 3
1249 3
1250 4
1251 4
1252 4
1253 4
1254 4
1255 4
1256 4
1257 4
1258 4
1259 5
1260 5
1261 5
1262 5
1263 8
1264 8
1265 2
1266 2
1267 2
1268 3
1269 3
1270 8
1271 1
1272 2
1273 2
1274 5
1275 7
1276 10
1277 2
1278 2
1279 3
1280 3
1281 4
1282 4
1283 5
1284 7
1285 9
1286 1
1287 4
1288 5
1289 8
1290 2
1291 3
1292 4
1293 5
1294 9
1295 10
1296 11
1297 1
1298 2
1299 2
1300 2
1301 3
1302 3
1303 3
1304 4
1305 4
1306 4
1307 4
1308 5
1309 5
1310 5
1311 5
1312 5
1313 5
1314 6
1315 6
1316 6
1317 7
1318 8
1319 10
1320 1
1321 1
1322 2
1323 2
1324 2
1325 2
1326 2
1327 2
1328 3
1329 3
1330 3
1331 3
1332 4
1333 5
1334 6
1335 6
1336 9
1337 2
1338 2
1339 3
1340 4
1341 4
1342 4
1343 5
1344 5
1345 5
1346 5
1347 5
1348 6
1349 10
1350 1
1351 2
1352 2
1353 3
1354 3
1355 3
1356 3
1357 3
1358 3
1359 4
1360 4
1361 5
1362 5
1363 5
1364 5
1365 6
1366 7
1367 7
1368 8
1369 6
1370 10
1371 2
1372 4
1373 5
1374 6
1375 6
1376 7
1377 1
1378 1
1379 2
1380 3
1381 3
1382 3
1383 4
1384 4
1385 4
1386 5
1387 5
1388 5
1389 5
1390 5
1391 6
1392 6
1393 7
1394 8
1395 10
1396 3
1397 4
1398 4
1399 4
1400 4
1401 5
1402 6
1403 6
1404 6
1405 1
1406 2
1407 2
1408 2
1409 2
1410 2
1411 3
1412 3
1413 4
1414 5
1415 5
1416 7
1417 11
1418 13
1419 1
1420 1
1421 2
1422 2
1423 2
1424 2
1425 2
1426 2
1427 3
1428 4
1429 5
1430 5
1431 6
1432 6
1433 6
1434 9
1435 10
1436 10
1437 1
1438 2
1439 2
1440 2
1441 3
1442 3
1443 4
1444 5
1445 5
1446 6
1447 1
1448 2
1449 2
1450 2
1451 2
1452 4
1453 5
1454 2
1455 2
1456 3
1457 3
1458 4
1459 5
1460 5
1461 6
1462 7
1463 8
1464 2
1465 2
1466 2
1467 2
1468 10
1469 2
1470 2
1471 4
1472 5
1473 6
1474 6
1475 6
1476 3
1477 5
1478 5
1479 6
1480 6
1481 8
1482 2
1483 3
1484 5
1485 5
1486 6
1487 6
1488 6
1489 7
1490 9
1491 1
1492 2
1493 2
1494 2
1495 2
1496 2
1497 2
1498 2
1499 2
1500 3
1501 4
1502 5
1503 1
1504 2
1505 3
1506 3
1507 5
1508 5
1509 5
1510 6
1511 6
1512 7
1513 1
1514 1
1515 1
1516 1
1517 1
1518 1
1519 1
1520 1
1521 1
1522 1
1523 1
1524 1
1525 1
1526 2
1527 2
1528 2
1529 2
1530 2
1531 2
1532 2
1533 2
1534 2
1535 2
1536 2
1537 2
1538 2
1539 2
1540 2
1541 2
1542 2
1543 2
1544 2
1545 2
1546 2
1547 2
1548 2
1549 2
1550 2
1551 2
1552 2
1553 3
1554 3
1555 3
1556 3
1557 3
1558 3
1559 3
1560 3
1561 3
1562 3
1563 3
1564 3
1565 3
1566 3
1567 3
1568 3
1569 3
1570 3
1571 3
1572 3
1573 3
1574 3
1575 3
1576 3
1577 3
1578 3
1579 3
1580 3
1581 3
1582 3
1583 3
1584 3
1585 3
1586 3
1587 3
1588 4
1589 4
1590 4
1591 4
1592 4
1593 4
1594 4
1595 4
1596 4
1597 4
1598 4
1599 4
1600 4
1601 4
1602 4
1603 4
1604 4
1605 4
1606 4
1607 4
1608 4
1609 4
1610 4
1611 4
1612 4
1613 4
1614 4
1615 4
1616 4
1617 4
1618 4
1619 4
1620 4
1621 4
1622 4
1623 4
1624 4
1625 5
1626 5
1627 5
1628 5
1629 5
1630 5
1631 5
1632 5
1633 5
1634 5
1635 5
1636 5
1637 5
1638 5
1639 5
1640 5
1641 5
1642 5
1643 5
1644 5
1645 5
1646 5
1647 5
1648 5
1649 5
1650 5
1651 5
1652 5
1653 6
1654 6
1655 6
1656 6
1657 6
1658 6
1659 6
1660 6
1661 6
1662 6
1663 6
1664 6
1665 6
1666 6
1667 6
1668 6
1669 6
1670 6
1671 6
1672 7
1673 7
1674 7
1675 7
1676 7
1677 8
1678 8
1679 8
1680 8
1681 8
1682 8
1683 8
1684 8
1685 8
1686 9
1687 11
1688 0
1689 1
1690 1
1691 1
1692 1
1693 1
1694 1
1695 1
1696 2
1697 2
1698 2
1699 2
1700 2
1701 2
1702 2
1703 2
1704 2
1705 2
1706 2
1707 2
1708 2
1709 2
1710 2
1711 2
1712 2
1713 2
1714 2
1715 2
1716 2
1717 2
1718 2
1719 2
1720 2
1721 2
1722 2
1723 2
1724 2
1725 2
1726 2
1727 3
1728 3
1729 3
1730 3
1731 3
1732 3
1733 3
1734 3
1735 3
1736 3
1737 3
1738 3
1739 3
1740 3
1741 3
1742 3
1743 3
1744 3
1745 3
1746 3
1747 3
1748 3
1749 3
1750 3
1751 3
1752 3
1753 3
1754 3
1755 3
1756 3
1757 3
1758 3
1759 4
1760 4
1761 4
1762 4
1763 4
1764 4
1765 4
1766 4
1767 4
1768 4
1769 4
1770 4
1771 4
1772 4
1773 4
1774 4
1775 4
1776 4
1777 4
1778 4
1779 4
1780 4
1781 4
1782 4
1783 4
1784 4
1785 4
1786 4
1787 4
1788 4
1789 4
1790 4
1791 4
1792 4
1793 4
1794 4
1795 4
1796 4
1797 4
1798 5
1799 5
1800 5
1801 5
1802 5
1803 5
1804 5
1805 5
1806 5
1807 5
1808 5
1809 5
1810 5
1811 5
1812 5
1813 5
1814 5
1815 5
1816 5
1817 6
1818 6
1819 6
1820 6
1821 6
1822 6
1823 6
1824 6
1825 6
1826 6
1827 6
1828 6
1829 6
1830 6
1831 6
1832 7
1833 7
1834 7
1835 7
1836 7
1837 7
1838 7
1839 7
1840 7
1841 8
1842 8
1843 8
1844 8
1845 9
1846 9
1847 9
1848 9
1849 11
1850 11
1851 2
1852 2
1853 2
1854 3
1855 3
1856 3
1857 3
1858 4
1859 4
1860 4
1861 4
1862 4
1863 4
1864 4
1865 4
1866 5
1867 5
1868 5
1869 6
1870 6
1871 6
1872 1
1873 1
1874 1
1875 1
1876 1
1877 2
1878 2
1879 2
1880 2
1881 2
1882 2
1883 2
1884 2
1885 2
1886 2
1887 2
1888 2
1889 2
1890 2
1891 2
1892 2
1893 2
1894 3
1895 3
1896 3
1897 3
1898 3
1899 3
1900 3
1901 3
1902 3
1903 3
1904 3
1905 3
1906 3
1907 4
1908 4
1909 4
1910 4
1911 4
1912 4
1913 4
1914 4
1915 4
1916 4
1917 4
1918 4
1919 4
1920 4
1921 4
1922 4
1923 4
1924 4
1925 4
1926 4
1927 4
1928 4
1929 4
1930 4
1931 5
1932 5
1933 5
1934 5
1935 5
1936 5
1937 5
1938 5
1939 5
1940 5
1941 5
1942 5
1943 5
1944 5
1945 5
1946 5
1947 5
1948 5
1949 5
1950 6
1951 6
1952 6
1953 6
1954 6
1955 6
1956 6
1957 6
1958 6
1959 6
1960 6
1961 6
1962 6
1963 7
1964 7
1965 8
1966 9
1967 9
1968 10
1969 1
1970 1
1971 1
1972 1
1973 2
1974 2
1975 2
1976 2
1977 2
1978 2
1979 3
1980 3
1981 3
1982 3
1983 3
1984 4
1985 4
1986 4
1987 4
1988 4
1989 5
1990 5
1991 5
1992 5
1993 5
1994 5
1995 5
1996 5
1997 5
1998 5
1999 6
2000 6
2001 6
2002 6
2003 2
2004 2
2005 2
2006 2
2007 2
2008 2
2009 2
2010 2
2011 3
2012 3
2013 3
2014 3
2015 3
2016 3
2017 3
2018 3
2019 3
2020 4
2021 4
2022 4
2023 4
2024 4
2025 4
2026 4
2027 4
2028 4
2029 4
2030 4
2031 4
2032 4
2033 4
2034 5
2035 5
2036 5
2037 5
2038 5
2039 5
2040 6
2041 6
2042 6
2043 6
2044 7
2045 8
2046 8
2047 8
2048 8
2049 9
2050 1
2051 2
2052 2
2053 2
2054 2
2055 2
2056 2
2057 3
2058 3
2059 3
2060 3
2061 4
2062 4
2063 4
2064 4
2065 5
2066 6
2067 6
2068 8
2069 8
2070 9
2071 11
2072 2
2073 5
2074 6
2075 6
2076 3
2077 5
2078 5
2079 7
2080 2
2081 2
2082 2
2083 2
2084 2
2085 2
2086 3
2087 3
2088 3
2089 3
2090 4
2091 4
2092 4
2093 4
2094 4
2095 4
2096 4
2097 4
2098 5
2099 5
2100 5
2101 5
2102 6
2103 6
2104 7
2105 8
2106 8
2107 1
2108 1
2109 1
2110 2
2111 2
2112 2
2113 2
2114 3
2115 3
2116 3
2117 3
2118 4
2119 4
2120 4
2121 4
2122 4
2123 4
2124 5
2125 5
2126 5
2127 5
2128 5
2129 6
2130 6
2131 7
2132 8
2133 3
2134 3
2135 3
2136 4
2137 4
2138 4
2139 4
2140 4
2141 5
2142 5
2143 5
2144 5
2145 6
2146 6
2147 6
2148 7
2149 8
2150 8
2151 1
2152 2
2153 2
2154 3
2155 3
2156 3
2157 4
2158 6
2159 6
2160 7
2161 10
2162 2
2163 2
2164 2
2165 2
2166 3
2167 3
2168 3
2169 3
2170 3
2171 4
2172 4
2173 4
2174 4
2175 5
2176 6
2177 7
2178 8
2179 9
2180 10
2181 10
2182 2
2183 3
2184 4
2185 4
2186 5
2187 1
2188 2
2189 2
2190 2
2191 3
2192 3
2193 4
2194 4
2195 4
2196 4
2197 5
2198 5
2199 5
2200 5
2201 6
2202 6
2203 2
2204 2
2205 3
2206 4
2207 8
2208 1
2209 2
2210 2
2211 2
2212 2
2213 2
2214 2
2215 2
2216 2
2217 3
2218 3
2219 3
2220 3
2221 3
2222 3
2223 3
2224 3
2225 3
2226 4
2227 4
2228 4
2229 4
2230 4
2231 4
2232 4
2233 4
2234 4
2235 5
2236 5
2237 5
2238 5
2239 5
2240 5
2241 5
2242 5
2243 5
2244 5
2245 5
2246 5
2247 5
2248 6
2249 6
2250 6
2251 7
2252 7
2253 7
2254 7
2255 8
2256 8
2257 8
2258 8
2259 5
2260 5
2261 5
2262 2
2263 2
2264 3
2265 4
2266 4
2267 1
2268 2
2269 2
2270 2
2271 2
2272 3
2273 3
2274 3
2275 3
2276 3
2277 3
2278 3
2279 3
2280 4
2281 4
2282 4
2283 4
2284 4
2285 4
2286 4
2287 5
2288 5
2289 5
2290 5
2291 6
2292 6
2293 6
2294 7
2295 1
2296 2
2297 2
2298 2
2299 3
2300 3
2301 4
2302 4
2303 4
2304 4
2305 4
2306 4
2307 5
2308 5
2309 6
2310 6
2311 6
2312 2
2313 4
2314 5
2315 6
2316 7
2317 2
2318 3
2319 3
2320 3
2321 3
2322 4
2323 4
2324 4
2325 5
2326 5
2327 5
2328 5
2329 6
2330 9
2331 2
2332 2
2333 2
2334 4
2335 10
2336 1
2337 2
2338 3
2339 3
2340 4
2341 4
2342 4
2343 5
2344 6
2345 9
2346 2
2347 2
2348 2
2349 2
2350 3
2351 4
2352 1
2353 1
2354 1
2355 2
2356 2
2357 2
2358 2
2359 3
2360 3
2361 3
2362 3
2363 4
2364 5
2365 5
2366 6
2367 7
2368 0
2369 2
2370 2
2371 2
2372 3
2373 4
2374 4
2375 4
2376 5
2377 5
2378 5
2379 6
2380 6
2381 7
2382 7
2383 9
2384 10
2385 0
2386 1
2387 1
2388 1
2389 1
2390 1
2391 1
2392 1
2393 1
2394 2
2395 2
2396 2
2397 2
2398 2
2399 2
2400 2
2401 2
2402 2
2403 2
2404 3
2405 3
2406 3
2407 3
2408 4
2409 4
2410 4
2411 4
2412 4
2413 4
2414 4
2415 4
2416 5
2417 5
2418 5
2419 5
2420 5
2421 6
2422 6
2423 6
2424 6
2425 7
2426 7
2427 7
2428 8
2429 10
2430 1
2431 1
2432 1
2433 1
2434 2
2435 2
2436 2
2437 2
2438 3
2439 4
2440 4
2441 4
2442 5
2443 5
2444 5
2445 5
2446 5
2447 5
2448 5
2449 5
2450 6
2451 6
2452 6
2453 6
2454 6
2455 6
2456 8
2457 9
2458 9
2459 9
2460 10
2461 12
2462 1
2463 2
2464 3
2465 4
2466 4
2467 5
2468 8
2469 1
2470 1
2471 1
2472 2
2473 2
2474 2
2475 3
2476 3
2477 3
2478 4
2479 4
2480 4
2481 4
2482 4
2483 4
2484 4
2485 4
2486 5
2487 5
2488 5
2489 5
2490 6
2491 7
2492 7
2493 8
2494 2
2495 3
2496 3
2497 3
2498 4
2499 4
2500 4
2501 4
2502 4
2503 5
2504 5
2505 5
2506 6
2507 6
2508 10
2509 4
2510 4
2511 4
2512 5
2513 7
2514 8
2515 9
2516 1
2517 1
2518 2
2519 2
2520 2
2521 2
2522 2
2523 3
2524 3
2525 3
2526 3
2527 3
2528 3
2529 4
2530 4
2531 4
2532 4
2533 4
2534 4
2535 5
2536 5
2537 5
2538 5
2539 5
2540 5
2541 6
2542 6
2543 6
2544 9
2545 2
2546 5
2547 1
2548 1
2549 2
2550 2
2551 3
2552 3
2553 4
2554 4
2555 4
2556 4
2557 5
2558 6
2559 6
2560 8
2561 2
2562 3
2563 4
2564 11
2565 11
2566 11
2567 1
2568 1
2569 2
2570 2
2571 2
2572 2
2573 2
2574 2
2575 2
2576 2
2577 2
2578 2
2579 2
2580 2
2581 2
2582 3
2583 3
2584 3
2585 3
2586 3
2587 3
2588 3
2589 3
2590 3
2591 3
2592 4
2593 4
2594 4
2595 4
2596 4
2597 4
2598 4
2599 4
2600 5
2601 5
2602 5
2603 5
2604 5
2605 5
2606 5
2607 5
2608 5
2609 6
2610 6
2611 6
2612 6
2613 6
2614 6
2615 6
2616 7
2617 7
2618 8
2619 12
2620 1
2621 2
2622 3
2623 3
2624 3
2625 4
2626 4
2627 5
2628 6
2629 2
2630 2
2631 2
2632 3
2633 3
2634 3
2635 4
2636 4
2637 4
2638 4
2639 4
2640 5
2641 5
2642 5
2643 5
2644 6
2645 9
2646 10
2647 2
2648 2
2649 2
2650 2
2651 2
2652 2
2653 2
2654 2
2655 2
2656 2
2657 3
2658 3
2659 3
2660 3
2661 3
2662 3
2663 3
2664 3
2665 4
2666 4
2667 4
2668 4
2669 4
2670 4
2671 4
2672 4
2673 4
2674 4
2675 5
2676 5
2677 5
2678 5
2679 5
2680 5
2681 5
2682 5
2683 6
2684 6
2685 7
2686 7
2687 7
2688 7
2689 7
2690 10
2691 10
2692 2
2693 2
2694 4
2695 5
2696 5
2697 5
2698 6
2699 8
2700 9
2701 2
2702 2
2703 2
2704 2
2705 3
2706 4
2707 4
2708 4
2709 4
2710 5
2711 6
2712 7
2713 9
2714 10
2715 1
2716 3
2717 3
2718 4
2719 4
2720 4
2721 4
2722 5
2723 5
2724 5
2725 6
2726 6
2727 8
2728 9
2729 9
2730 11
2731 1
2732 2
2733 2
2734 3
2735 3
2736 3
2737 3
2738 5
2739 6
2740 2
2741 3
2742 4
2743 4
2744 4
2745 6
2746 2
2747 3
2748 3
2749 4
2750 4
2751 5
2752 5
2753 5
2754 6
2755 6
2756 7
2757 3
2758 3
2759 3
2760 4
2761 4
2762 4
2763 5
2764 6
2765 3
2766 3
2767 4
2768 4
2769 2
2770 4
2771 5
2772 5
2773 7
2774 2
2775 4
2776 4
2777 5
2778 2
2779 3
2780 4
2781 4
2782 5
2783 6
2784 6
2785 6
2786 7
2787 7
2788 8
2789 9
2790 10
2791 1
2792 3
2793 3
2794 3
2795 5
2796 5
2797 7
2798 7
2799 1
2800 2
2801 2
2802 3
2803 3
2804 4
2805 4
2806 4
2807 5
2808 5
2809 6
2810 6
2811 6
2812 6
2813 8
2814 8
2815 2
2816 2
2817 2
2818 2
2819 2
2820 2
2821 3
2822 3
2823 3
2824 3
2825 3
2826 4
2827 4
2828 4
2829 4
2830 4
2831 4
2832 4
2833 4
2834 5
2835 5
2836 5
2837 5
2838 5
2839 5
2840 7
2841 8
2842 11
2843 2
2844 4
2845 4
2846 2
2847 3
2848 2
2849 3
2850 4
2851 4
2852 4
2853 4
2854 4
2855 6
2856 6
2857 6
2858 7
2859 7
2860 7
2861 7
2862 8
2863 9
2864 2
2865 2
2866 3
2867 3
2868 3
2869 4
2870 4
2871 4
2872 5
2873 5
2874 6
2875 6
2876 7
2877 9
2878 1
2879 1
2880 2
2881 2
2882 2
2883 2
2884 2
2885 2
2886 3
2887 3
2888 3
2889 3
2890 3
2891 3
2892 3
2893 4
2894 4
2895 4
2896 4
2897 5
2898 6
2899 6
2900 6
2901 6
2902 7
2903 7
2904 7
2905 7
2906 7
2907 8
2908 9
2909 11
2910 3
2911 6
2912 10
2913 2
2914 3
2915 3
2916 3
2917 3
2918 3
2919 3
2920 4
2921 4
2922 4
2923 4
2924 4
2925 4
2926 4
2927 5
2928 5
2929 5
2930 5
2931 5
2932 5
2933 5
2934 5
2935 6
2936 6
2937 7
2938 7
2939 2
2940 4
2941 4
2942 4
2943 4
2944 4
2945 4
2946 5
2947 6
2948 9
2949 2
2950 3
2951 4
2952 4
2953 4
2954 4
2955 4
2956 5
2957 6
2958 7
2959 8
2960 3
2961 5
2962 6
2963 2
2964 2
2965 2
2966 2
2967 3
2968 3
2969 3
2970 4
2971 4
2972 4
2973 4
2974 4
2975 5
2976 5
2977 5
2978 5
2979 5
2980 5
2981 6
2982 6
2983 6
2984 7
2985 8
2986 1
2987 2
2988 3
2989 4
2990 4
2991 4
2992 4
2993 5
2994 5
2995 6
2996 1
2997 2
2998 5
2999 6
3000 10
3001 6
3002 2
3003 3
3004 4
3005 4
3006 4
3007 5
3008 5
3009 5
3010 6
3011 6
3012 7
3013 1
3014 2
3015 3
3016 3
3017 4
3018 5
3019 5
3020 5
3021 6
3022 12
3023 1
3024 3
3025 4
3026 4
3027 5
3028 5
3029 5
3030 5
3031 6
3032 2
3033 2
3034 2
3035 3
3036 3
3037 3
3038 4
3039 4
3040 4
3041 4
3042 5
3043 5
3044 6
3045 6
3046 7
3047 0
3048 0
3049 1
3050 2
3051 2
3052 2
3053 2
3054 2
3055 3
3056 3
3057 3
3058 3
3059 3
3060 3
3061 3
3062 3
3063 3
3064 3
3065 3
3066 3
3067 3
3068 3
3069 4
3070 4
3071 4
3072 4
3073 4
3074 4
3075 4
3076 4
3077 4
3078 4
3079 4
3080 4
3081 4
3082 4
3083 4
3084 4
3085 4
3086 4
3087 5
3088 5
3089 5
3090 5
3091 5
3092 5
3093 5
3094 5
3095 5
3096 5
3097 5
3098 5
3099 5
3100 5
3101 5
3102 5
3103 5
3104 6
3105 6
3106 6
3107 6
3108 6
3109 6
3110 7
3111 7
3112 8
3113 8
3114 8
3115 2
3116 3
3117 4
3118 4
3119 4
3120 4
3121 5
3122 5
3123 5
3124 6
3125 2
3126 4
3127 4
3128 4
3129 4
3130 5
3131 2
3132 2
3133 2
3134 3
3135 3
3136 4
3137 4
3138 10
3139 1
3140 2
3141 2
3142 2
3143 2
3144 3
3145 3
3146 3
3147 3
3148 3
3149 3
3150 3
3151 3
3152 4
3153 5
3154 5
3155 5
3156 5
3157 6
3158 6
3159 7
3160 10
3161 2
3162 4
3163 4
3164 4
3165 5
3166 5
3167 5
3168 6
3169 6
3170 1
3171 1
3172 3
3173 3
3174 3
3175 2
3176 5
3177 6
3178 9
3179 1
3180 3
3181 2
3182 2
3183 2
3184 3
3185 3
3186 3
3187 3
3188 4
3189 4
3190 4
3191 4
3192 4
3193 5
3194 5
3195 5
3196 6
3197 6
3198 6
3199 6
3200 7
3201 7
3202 7
3203 8
3204 9
3205 10
3206 10
3207 2
3208 2
3209 4
3210 4
3211 5
3212 6
3213 7
3214 8
3215 0
3216 1
3217 1
3218 2
3219 2
3220 2
3221 2
3222 2
3223 2
3224 2
3225 2
3226 2
3227 2
3228 3
3229 3
3230 3
3231 3
3232 3
3233 3
3234 3
3235 3
3236 4
3237 4
3238 4
3239 4
3240 4
3241 4
3242 4
3243 5
3244 5
3245 5
3246 5
3247 5
3248 5
3249 5
3250 5
3251 5
3252 6
3253 6
3254 6
3255 6
3256 6
3257 6
3258 6
3259 7
3260 8
3261 10
3262 2
3263 2
3264 6
3265 7
3266 1
3267 2
3268 2
3269 3
3270 3
3271 3
3272 3
3273 4
3274 4
3275 4
3276 4
3277 4
3278 5
3279 6
3280 8
3281 1
3282 3
3283 0
3284 1
3285 1
3286 2
3287 2
3288 2
3289 2
3290 2
3291 2
3292 2
3293 2
3294 3
3295 3
3296 3
3297 3
3298 3
3299 3
3300 3
3301 4
3302 4
3303 4
3304 4
3305 4
3306 4
3307 4
3308 4
3309 4
3310 4
3311 4
3312 4
3313 4
3314 4
3315 5
3316 5
3317 5
3318 5
3319 5
3320 5
3321 5
3322 6
3323 6
3324 6
3325 7
3326 10
3327 1
3328 4
3329 7
3330 1
3331 2
3332 3
3333 3
3334 3
3335 3
3336 3
3337 3
3338 4
3339 4
3340 4
3341 4
3342 4
3343 4
3344 4
3345 4
3346 4
3347 5
3348 5
3349 5
3350 5
3351 6
3352 6
3353 7
3354 7
3355 1
3356 1
3357 1
3358 1
3359 1
3360 2
3361 2
3362 2
3363 2
3364 2
3365 2
3366 2
3367 2
3368 3
3369 3
3370 3
3371 3
3372 3
3373 3
3374 3
3375 4
3376 4
3377 4
3378 4
3379 4
3380 4
3381 4
3382 5
3383 5
3384 5
3385 6
3386 6
3387 7
3388 7
3389 7
3390 7
3391 8
3392 2
3393 3
3394 3
3395 4
3396 4
3397 4
3398 5
3399 5
3400 5
3401 5
3402 5
3403 5
3404 6
3405 4
3406 4
3407 5
3408 7
3409 2
3410 2
3411 2
3412 2
3413 3
3414 4
3415 4
3416 4
3417 4
3418 4
3419 5
3420 5
3421 5
3422 6
3423 6
3424 6
3425 7
3426 8
3427 8
3428 8
3429 8
3430 1
3431 3
3432 4
3433 4
3434 4
3435 6
3436 7
3437 3
3438 5
3439 5
3440 6
3441 7
3442 2
3443 3
3444 4
3445 5
3446 5
3447 5
3448 6
3449 6
3450 10
3451 1
3452 1
3453 2
3454 2
3455 3
3456 4
3457 4
3458 5
3459 6
3460 3
3461 4
3462 4
3463 4
3464 5
3465 5
3466 5
3467 6
3468 8
3469 1
3470 1
3471 2
3472 3
3473 4
3474 4
3475 4
3476 5
3477 10
3478 4
3479 4
3480 5
3481 6
3482 8
3483 1
3484 1
3485 3
3486 3
3487 3
3488 3
3489 3
3490 4
3491 4
3492 4
3493 4
3494 4
3495 6
3496 6
3497 7
3498 1
3499 2
3500 2
3501 2
3502 2
3503 2
3504 2
3505 2
3506 2
3507 2
3508 2
3509 3
3510 3
3511 3
3512 3
3513 4
3514 4
3515 4
3516 4
3517 4
3518 4
3519 4
3520 4
3521 4
3522 4
3523 4
3524 4
3525 4
3526 4
3527 5
3528 5
3529 5
3530 5
3531 6
3532 6
3533 7
3534 7
3535 7
3536 7
3537 7
3538 9
3539 2
3540 2
3541 3
3542 3
3543 4
3544 4
3545 4
3546 4
3547 4
3548 5
3549 5
3550 6
3551 6
3552 2
3553 2
3554 6
3555 7
3556 11
3557 3
3558 4
3559 4
3560 7
3561 3
3562 5
3563 5
3564 6
3565 2
3566 2
3567 2
3568 4
3569 5
3570 1
3571 2
3572 2
3573 2
3574 3
3575 3
3576 3
3577 4
3578 6
3579 3
3580 3
3581 4
3582 5
3583 5
3584 5
3585 6
3586 1
3587 1
3588 1
3589 1
3590 2
3591 2
3592 2
3593 2
3594 2
3595 3
3596 3
3597 3
3598 4
3599 4
3600 4
3601 4
3602 4
3603 4
3604 4
3605 4
3606 4
3607 4
3608 5
3609 5
3610 5
3611 5
3612 5
3613 5
3614 5
3615 5
3616 5
3617 5
3618 5
3619 5
3620 6
3621 6
3622 7
3623 7
3624 8
3625 3
3626 7
3627 2
3628 2
3629 2
3630 3
3631 3
3632 3
3633 3
3634 3
3635 4
3636 4
3637 4
3638 5
3639 5
3640 5
3641 6
3642 7
3643 11
3644 1
3645 1
3646 2
3647 2
3648 3
3649 3
3650 4
3651 4
3652 5
3653 5
3654 5
3655 8
3656 1
3657 3
3658 3
3659 4
3660 4
3661 4
3662 5
3663 5
3664 1
3665 1
3666 2
3667 3
3668 3
3669 4
3670 6
3671 6
3672 6
3673 7
3674 7
3675 3
3676 4
3677 4
3678 5
3679 5
3680 6
3681 5
3682 5
3683 2
3684 4
3685 7
3686 7
3687 10
3688 2
3689 3
3690 3
3691 3
3692 4
3693 4
3694 5
3695 5
3696 5
3697 7
3698 8
3699 2
3700 2
3701 2
3702 3
3703 4
3704 4
3705 4
3706 4
3707 5
3708 2
3709 2
3710 3
3711 4
3712 4
3713 6
3714 1
3715 2
3716 2
3717 3
3718 4
3719 4
3720 5
3721 6
3722 7
3723 7
3724 10
3725 6
3726 4
3727 7
3728 1
3729 1
3730 1
3731 1
3732 2
3733 2
3734 3
3735 3
3736 3
3737 4
3738 4
3739 5
3740 6
3741 8
3742 9
3743 2
3744 3
3745 3
3746 3
3747 3
3748 3
3749 4
3750 4
3751 4
3752 5
3753 5
3754 8
3755 0
3756 0
3757 1
3758 2
3759 2
3760 2
3761 2
3762 2
3763 2
3764 2
3765 2
3766 2
3767 2
3768 2
3769 2
3770 2
3771 2
3772 2
3773 2
3774 2
3775 3
3776 3
3777 3
3778 3
3779 3
3780 3
3781 3
3782 3
3783 3
3784 3
3785 3
3786 3
3787 3
3788 3
3789 3
3790 3
3791 3
3792 4
3793 4
3794 4
3795 4
3796 4
3797 4
3798 4
3799 4
3800 4
3801 4
3802 4
3803 4
3804 4
3805 4
3806 4
3807 4
3808 4
3809 4
3810 4
3811 4
3812 4
3813 4
3814 4
3815 4
3816 4
3817 4
3818 4
3819 4
3820 4
3821 4
3822 4
3823 4
3824 4
3825 4
3826 4
3827 4
3828 4
3829 4
3830 4
3831 4
3832 4
3833 4
3834 4
3835 4
3836 4
3837 4
3838 4
3839 4
3840 4
3841 4
3842 4
3843 4
3844 5
3845 5
3846 5
3847 5
3848 5
3849 5
3850 5
3851 5
3852 5
3853 5
3854 5
3855 5
3856 5
3857 5
3858 5
3859 5
3860 5
3861 5
3862 5
3863 5
3864 5
3865 5
3866 5
3867 5
3868 5
3869 5
3870 5
3871 5
3872 5
3873 5
3874 5
3875 5
3876 5
3877 5
3878 5
3879 5
3880 5
3881 6
3882 6
3883 6
3884 6
3885 6
3886 6
3887 6
3888 6
3889 6
3890 6
3891 6
3892 6
3893 6
3894 6
3895 6
3896 6
3897 6
3898 6
3899 6
3900 6
3901 6
3902 6
3903 6
3904 6
3905 6
3906 7
3907 7
3908 7
3909 7
3910 7
3911 7
3912 8
3913 8
3914 8
3915 8
3916 8
3917 8
3918 8
3919 8
3920 8
3921 8
3922 8
3923 8
3924 8
3925 8
3926 8
3927 8
3928 8
3929 8
3930 8
3931 8
3932 8
3933 8
3934 8
3935 8
3936 8
3937 8
3938 8
3939 8
3940 8
3941 8
3942 8
3943 8
3944 9
3945 9
3946 9
3947 9
3948 9
3949 9
3950 9
3951 9
3952 9
3953 9
3954 9
3955 9
3956 9
3957 9
3958 10
3959 10
3960 10
3961 10
3962 10
3963 10
3964 10
3965 10
3966 10
3967 10
3968 10
3969 10
3970 10
3971 10
3972 10
3973 10
3974 10
3975 10
3976 10
3977 10
3978 10
3979 10
3980 10
3981 10
3982 11
3983 11
3984 11
3985 11
3986 11
3987 11
3988 11
3989 11
3990 11
3991 11
3992 11
3993 11
3994 11
3995 12
3996 12
3997 12
3998 12
3999 12
4000 12
4001 12
4002 12
4003 13
4004 13
4005 13
4006 13
4007 13
4008 13
4009 13
4010 13
4011 13
4012 3
4013 4
4014 5
4015 8
4016 9
4017 10
4018 10
4019 12
4020 13
4021 2
4022 2
4023 3
4024 3
4025 3
4026 4
4027 4
4028 4
4029 4
4030 5
4031 5
4032 5
4033 6
4034 6
4035 8
4036 8
4037 10
4038 10
4039 11
4040 11
4041 11
4042 12
4043 12
4044 13
4045 1
4046 3
4047 4
4048 4
4049 6
4050 6
4051 8
4052 10
4053 12
4054 1
4055 2
4056 4
4057 4
4058 4
4059 4
4060 4
4061 7
4062 7
4063 8
4064 8
4065 8
4066 12
4067 2
4068 2
4069 4
4070 5
4071 7
4072 7
4073 7
4074 8
4075 8
4076 9
4077 10
4078 10
4079 11
4080 13
4081 14
4082 3
4083 4
4084 4
4085 4
4086 6
4087 10
4088 4
4089 4
4090 5
4091 9
4092 12
4093 13
4094 2
4095 5
4096 5
4097 6
4098 7
4099 9
4100 11
4101 2
4102 11
4103 12
4104 14
4105 4
4106 5
4107 9
4108 9
4109 7
4110 9
4111 11
4112 12
4113 1
4114 2
4115 2
4116 2
4117 2
4118 3
4119 4
4120 4
4121 5
4122 6
4123 7
4124 9
4125 11
4126 12
4127 8
4128 9
4129 10
4130 1
4131 3
4132 3
4133 4
4134 4
4135 5
4136 6
4137 6
4138 7
4139 8
4140 8
4141 9
4142 10
4143 11
4144 11
4145 12
4146 3
4147 4
4148 6
4149 7
4150 10
4151 11
4152 2
4153 3
4154 4
4155 4
4156 4
4157 5
4158 5
4159 5
4160 5
4161 6
4162 6
4163 7
4164 7
4165 8
4166 8
4167 9
4168 10
4169 10
4170 11
4171 12
4172 1
4173 8
4174 8
4175 3
4176 4
4177 5
4178 8
4179 9
4180 11
4181 7
4182 7
4183 8
4184 10
4185 11
4186 11
4187 14
4188 0
4189 2
4190 2
4191 3
4192 4
4193 5
4194 5
4195 5
4196 5
4197 5
4198 6
4199 6
4200 6
4201 7
4202 7
4203 8
4204 8
4205 8
4206 12
4207 13
4208 6
4209 7
4210 8
4211 10
4212 3
4213 3
4214 3
4215 4
4216 7
4217 7
4218 10
4219 10
4220 12
4221 7
4222 10
4223 5
4224 5
4225 9
4226 11
4227 5
4228 5
4229 6
4230 6
4231 8
4232 8
4233 8
4234 9
4235 9
4236 9
4237 11
4238 13
4239 8
4240 2
4241 6
4242 6
4243 10
4244 13
4245 9
4246 9
4247 10
4248 3
4249 13
4250 2
4251 3
4252 4
4253 5
4254 6
4255 6
4256 6
4257 7
4258 7
4259 8
4260 9
4261 11
4262 11
4263 11
4264 11
4265 12
4266 12
4267 14
4268 3
4269 3
4270 4
4271 4
4272 4
4273 5
4274 5
4275 2
4276 2
4277 2
4278 3
4279 3
4280 4
4281 4
4282 4
4283 4
4284 4
4285 5
4286 5
4287 6
4288 6
4289 7
4290 8
4291 10
4292 11
4293 11
4294 11
4295 12
4296 12
4297 13
4298 2
4299 3
4300 4
4301 4
4302 6
4303 6
4304 7
4305 9
4306 9
4307 11
4308 11
4309 11
4310 12
4311 1
4312 4
4313 4
4314 4
4315 5
4316 6
4317 6
4318 6
4319 6
4320 7
4321 7
4322 9
4323 10
4324 10
4325 11
4326 11
4327 11
4328 12
4329 12
4330 3
4331 3
4332 4
4333 6
4334 7
4335 7
4336 8
4337 2
4338 2
4339 3
4340 5
4341 10
4342 11
4343 3
4344 3
4345 4
4346 6
4347 6
4348 8
4349 10
4350 10
4351 10
4352 11
4353 14
4354 2
4355 4
4356 5
4357 7
4358 7
4359 8
4360 9
4361 10
4362 13
4363 4
4364 5
4365 5
4366 5
4367 6
4368 6
4369 6
4370 6
4371 6
4372 7
4373 8
4374 8
4375 8
4376 9
4377 9
4378 9
4379 10
4380 11
4381 11
4382 12
4383 1
4384 3
4385 6
4386 7
4387 8
4388 11
4389 12
4390 13
4391 2
4392 2
4393 2
4394 4
4395 4
4396 5
4397 5
4398 8
4399 8
4400 8
4401 10
4402 10
4403 11
4404 12
4405 13
4406 14
4407 2
4408 3
4409 4
4410 5
4411 10
4412 1
4413 3
4414 4
4415 5
4416 5
4417 8
4418 11
4419 4
4420 4
4421 5
4422 6
4423 8
4424 8
4425 11
4426 12
4427 1
4428 4
4429 6
4430 6
4431 6
4432 6
4433 7
4434 10
4435 11
4436 12
4437 3
4438 4
4439 4
4440 6
4441 7
4442 7
4443 8
4444 9
4445 9
4446 10
4447 10
4448 14
4449 1
4450 1
4451 2
4452 3
4453 3
4454 3
4455 3
4456 3
4457 3
4458 3
4459 4
4460 4
4461 4
4462 4
4463 4
4464 4
4465 4
4466 4
4467 5
4468 5
4469 5
4470 5
4471 5
4472 5
4473 5
4474 6
4475 6
4476 6
4477 7
4478 7
4479 7
4480 8
4481 8
4482 8
4483 8
4484 8
4485 9
4486 9
4487 9
4488 9
4489 10
4490 10
4491 10
4492 11
4493 12
4494 2
4495 3
4496 3
4497 4
4498 5
4499 5
4500 6
4501 7
4502 7
4503 8
4504 8
4505 1
4506 2
4507 3
4508 3
4509 4
4510 4
4511 5
4512 5
4513 6
4514 6
4515 7
4516 7
4517 7
4518 8
4519 8
4520 8
4521 8
4522 11
4523 14
4524 2
4525 2
4526 3
4527 4
4528 4
4529 6
4530 6
4531 8
4532 10
4533 10
4534 11
4535 4
4536 7
4537 9
4538 4
4539 5
4540 5
4541 5
4542 6
4543 8
4544 10
4545 12
4546 3
4547 4
4548 9
4549 10
4550 10
4551 11
4552 5
4553 8
4554 13
4555 5
4556 7
4557 3
4558 10
4559 11
4560 12
4561 8
4562 5
4563 6
4564 9
4565 9
4566 11
4567 11
4568 13
4569 0
4570 2
4571 2
4572 4
4573 6
4574 9
4575 9
4576 9
4577 10
4578 10
4579 11
4580 1
4581 2
4582 5
4583 6
4584 7
4585 10
4586 12
4587 5
4588 8
4589 9
4590 10
4591 2
4592 4
4593 6
4594 7
4595 7
4596 8
4597 10
4598 4
4599 5
4600 5
4601 6
4602 7
4603 7
4604 9
4605 13
4606 5
4607 5
4608 6
4609 9
4610 10
4611 11
4612 11
4613 2
4614 4
4615 4
4616 4
4617 4
4618 5
4619 6
4620 6
4621 6
4622 8
4623 8
4624 8
4625 9
4626 11
4627 12
4628 7
4629 9
4630 12
4631 7
4632 7
4633 11
4634 12
4635 2
4636 3
4637 5
4638 5
4639 7
4640 8
4641 10
4642 10
4643 7
4644 8
4645 3
4646 4
4647 8
4648 10
4649 14
4650 5
4651 6
4652 6
4653 7
4654 7
4655 7
4656 8
4657 9
4658 10
4659 10
4660 10
4661 10
4662 11
4663 11
4664 12
4665 4
4666 5
4667 5
4668 8
4669 10
4670 11
4671 4
4672 8
4673 8
4674 10
4675 10
4676 4
4677 6
4678 8
4679 11
4680 4
4681 5
4682 5
4683 6
4684 8
4685 11
4686 11
4687 3
4688 4
4689 4
4690 6
4691 6
4692 7
4693 8
4694 11
4695 11
4696 4
4697 5
4698 6
4699 8
4700 8
4701 9
4702 1
4703 6
4704 7
4705 8
4706 10
4707 3
4708 5
4709 7
4710 8
4711 10
4712 2
4713 4
4714 4
4715 5
4716 5
4717 5
4718 6
4719 6
4720 8
4721 9
4722 10
4723 12
4724 12
4725 12
4726 12
4727 1
4728 2
4729 2
4730 2
4731 3
4732 4
4733 4
4734 4
4735 4
4736 4
4737 4
4738 4
4739 4
4740 4
4741 4
4742 4
4743 5
4744 5
4745 5
4746 5
4747 5
4748 5
4749 5
4750 5
4751 5
4752 6
4753 6
4754 6
4755 6
4756 7
4757 7
4758 7
4759 7
4760 7
4761 7
4762 8
4763 8
4764 8
4765 8
4766 8
4767 8
4768 8
4769 8
4770 8
4771 9
4772 9
4773 9
4774 10
4775 10
4776 10
4777 10
4778 10
4779 10
4780 10
4781 10
4782 10
4783 11
4784 11
4785 11
4786 12
4787 13
4788 13
4789 13
4790 13
4791 13
4792 13
4793 13
4794 2
4795 2
4796 3
4797 3
4798 3
4799 3
4800 3
4801 3
4802 4
4803 4
4804 4
4805 4
4806 4
4807 4
4808 4
4809 5
4810 5
4811 5
4812 5
4813 5
4814 5
4815 5
4816 5
4817 6
4818 6
4819 6
4820 6
4821 6
4822 6
4823 6
4824 6
4825 6
4826 6
4827 7
4828 7
4829 7
4830 7
4831 7
4832 7
4833 7
4834 7
4835 8
4836 8
4837 8
4838 8
4839 8
4840 8
4841 9
4842 9
4843 9
4844 9
4845 9
4846 10
4847 10
4848 10
4849 10
4850 10
4851 11
4852 11
4853 11
4854 11
4855 11
4856 11
4857 11
4858 12
4859 12
4860 12
4861 12
4862 12
4863 12
4864 12
4865 13
4866 13
4867 13
4868 13
4869 14
4870 14
4871 3
4872 3
4873 3
4874 4
4875 5
4876 5
4877 6
4878 6
4879 6
4880 6
4881 7
4882 9
4883 9
4884 11
4885 12
4886 13
4887 2
4888 2
4889 2
4890 2
4891 2
4892 2
4893 2
4894 2
4895 3
4896 3
4897 3
4898 3
4899 3
4900 3
4901 3
4902 3
4903 3
4904 4
4905 4
4906 4
4907 4
4908 4
4909 4
4910 4
4911 4
4912 4
4913 4
4914 4
4915 4
4916 4
4917 4
4918 4
4919 4
4920 4
4921 4
4922 4
4923 4
4924 4
4925 5
4926 5
4927 5
4928 5
4929 5
4930 5
4931 5
4932 5
4933 5
4934 5
4935 5
4936 5
4937 5
4938 5
4939 5
4940 6
4941 6
4942 6
4943 6
4944 6
4945 6
4946 6
4947 6
4948 6
4949 6
4950 6
4951 6
4952 6
4953 6
4954 6
4955 6
4956 6
4957 6
4958 6
4959 6
4960 6
4961 6
4962 7
4963 7
4964 7
4965 7
4966 7
4967 7
4968 7
4969 7
4970 8
4971 8
4972 8
4973 8
4974 8
4975 8
4976 8
4977 8
4978 8
4979 8
4980 8
4981 8
4982 8
4983 8
4984 8
4985 9
4986 9
4987 9
4988 9
4989 9
4990 9
4991 10
4992 10
4993 10
4994 10
4995 10
4996 10
4997 10
4998 10
4999 10
5000 10
5001 10
5002 10
5003 10
5004 10
5005 10
5006 10
5007 11
5008 11
5009 11
5010 11
5011 11
5012 11
5013 11
5014 11
5015 11
5016 11
5017 11
5018 12
5019 12
5020 12
5021 12
5022 13
5023 13
5024 13
5025 14
5026 2
5027 3
5028 4
5029 6
5030 9
5031 10
5032 11
5033 13
5034 3
5035 5
5036 5
5037 6
5038 6
5039 6
5040 6
5041 6
5042 7
5043 7
5044 7
5045 8
5046 8
5047 8
5048 9
5049 9
5050 9
5051 10
5052 10
5053 11
5054 12
5055 12
5056 13
5057 14
5058 14
5059 5
5060 8
5061 8
5062 9
5063 9
5064 9
5065 11
5066 3
5067 5
5068 5
5069 7
5070 8
5071 3
5072 6
5073 7
5074 7
5075 9
5076 10
5077 11
5078 2
5079 4
5080 5
5081 6
5082 8
5083 8
5084 8
5085 8
5086 8
5087 8
5088 8
5089 9
5090 13
5091 14
5092 4
5093 5
5094 7
5095 10
5096 11
5097 3
5098 3
5099 4
5100 4
5101 5
5102 5
5103 5
5104 6
5105 6
5106 6
5107 6
5108 7
5109 8
5110 8
5111 8
5112 8
5113 10
5114 12
5115 1
5116 2
5117 7
5118 8
5119 10
5120 11
5121 12
5122 5
5123 5
5124 5
5125 6
5126 6
5127 6
5128 7
5129 8
5130 8
5131 8
5132 8
5133 10
5134 10
5135 11
5136 11
5137 2
5138 3
5139 3
5140 4
5141 5
5142 6
5143 6
5144 7
5145 8
5146 9
5147 9
5148 10
5149 10
5150 11
5151 11
5152 1
5153 3
5154 5
5155 6
5156 6
5157 6
5158 7
5159 8
5160 10
5161 12
5162 13
5163 4
5164 5
5165 5
5166 6
5167 6
5168 8
5169 8
5170 9
5171 10
5172 10
5173 10
5174 11
5175 11
5176 11
5177 14
5178 2
5179 5
5180 5
5181 6
5182 6
5183 6
5184 7
5185 7
5186 8
5187 8
5188 10
5189 10
5190 11
5191 11
5192 4
5193 4
5194 4
5195 4
5196 5
5197 5
5198 5
5199 7
5200 8
5201 9
5202 11
5203 3
5204 3
5205 4
5206 4
5207 5
5208 5
5209 6
5210 6
5211 6
5212 8
5213 9
5214 10
5215 10
5216 2
5217 3
5218 3
5219 5
5220 5
5221 6
5222 7
5223 7
5224 7
5225 7
5226 8
5227 9
5228 10
5229 11
5230 11
5231 12
5232 12
5233 13
5234 2
5235 2
5236 4
5237 5
5238 5
5239 6
5240 7
5241 7
5242 8
5243 9
5244 9
5245 10
5246 10
5247 11
5248 12
5249 12
5250 3
5251 5
5252 7
5253 11
5254 3
5255 3
5256 5
5257 5
5258 6
5259 6
5260 7
5261 8
5262 9
5263 10
5264 10
5265 11
5266 10
5267 2
5268 5
5269 6
5270 6
5271 6
5272 7
5273 7
5274 8
5275 8
5276 9
5277 9
5278 10
5279 11
5280 11
5281 12
5282 12
5283 2
5284 4
5285 5
5286 6
5287 11
5288 12
5289 2
5290 3
5291 4
5292 4
5293 4
5294 5
5295 5
5296 5
5297 5
5298 6
5299 7
5300 8
5301 9
5302 10
5303 10
5304 10
5305 11
5306 12
5307 13
5308 14
5309 3
5310 5
5311 6
5312 7
5313 7
5314 7
5315 8
5316 12
5317 3
5318 7
5319 7
5320 7
5321 8
5322 8
5323 8
5324 8
5325 8
5326 11
5327 11
5328 12
5329 12
5330 1
5331 2
5332 7
5333 8
5334 10
5335 11
5336 11
5337 11
5338 12
5339 2
5340 6
5341 10
5342 12
5343 2
5344 3
5345 3
5346 3
5347 3
5348 3
5349 4
5350 4
5351 4
5352 4
5353 4
5354 4
5355 5
5356 5
5357 5
5358 6
5359 6
5360 6
5361 7
5362 7
5363 7
5364 9
5365 9
5366 9
5367 10
5368 10
5369 10
5370 10
5371 11
5372 12
5373 12
5374 12
5375 13
5376 4
5377 8
5378 10
5379 10
5380 10
5381 11
5382 13
5383 7
5384 8
5385 8
5386 8
5387 11
5388 12
5389 13
5390 2
5391 2
5392 3
5393 4
5394 4
5395 5
5396 5
5397 7
5398 7
5399 7
5400 8
5401 8
5402 8
5403 9
5404 9
5405 10
5406 10
5407 11
5408 11
5409 12
5410 13
5411 6
5412 6
5413 9
5414 10
5415 3
5416 7
5417 7
5418 8
5419 11
5420 11
5421 12
5422 2
5423 2
5424 2
5425 3
5426 4
5427 5
5428 6
5429 7
5430 9
5431 12
5432 2
5433 3
5434 3
5435 5
5436 5
5437 7
5438 8
5439 8
5440 9
5441 10
5442 10
5443 10
5444 11
5445 11
5446 12
5447 12
5448 13
5449 2
5450 2
5451 2
5452 2
5453 4
5454 4
5455 4
5456 5
5457 6
5458 6
5459 6
5460 7
5461 7
5462 7
5463 8
5464 8
5465 8
5466 10
5467 11
5468 12
5469 12
5470 3
5471 3
5472 3
5473 3
5474 4
5475 4
5476 4
5477 5
5478 6
5479 7
5480 7
5481 7
5482 7
5483 9
5484 9
5485 10
5486 11
5487 11
5488 12
5489 4
5490 4
5491 4
5492 5
5493 5
5494 7
5495 8
5496 9
5497 9
5498 9
5499 10
5500 11
5501 2
5502 2
5503 3
5504 5
5505 5
5506 7
5507 8
5508 8
5509 8
5510 8
5511 9
5512 12
5513 4
5514 4
5515 4
5516 4
5517 6
5518 6
5519 7
5520 7
5521 8
5522 8
5523 8
5524 8
5525 9
5526 9
5527 10
5528 10
5529 12
5530 4
5531 5
5532 5
5533 6
5534 7
5535 9
5536 10
5537 10
5538 10
5539 11
5540 11
5541 12
5542 12
5543 2
5544 4
5545 4
5546 5
5547 5
5548 6
5549 7
5550 8
5551 8
5552 10
5553 10
5554 11
5555 11
5556 13
5557 3
5558 4
5559 4
5560 5
5561 5
5562 5
5563 5
5564 7
5565 8
5566 9
5567 10
5568 14
5569 3
5570 3
5571 4
5572 4
5573 5
5574 6
5575 6
5576 6
5577 7
5578 7
5579 7
5580 7
5581 8
5582 8
5583 10
5584 10
5585 10
5586 11
5587 11
5588 4
5589 4
5590 5
5591 5
5592 6
5593 6
5594 8
5595 8
5596 8
5597 10
5598 13
5599 1
5600 1
5601 2
5602 3
5603 4
5604 4
5605 5
5606 5
5607 6
5608 6
5609 6
5610 7
5611 8
5612 8
5613 8
5614 8
5615 9
5616 10
5617 10
5618 12
5619 8
5620 8
5621 10
5622 11
5623 13
5624 2
5625 2
5626 4
5627 6
5628 7
5629 8
5630 9
5631 10
5632 10
5633 11
5634 3
5635 3
5636 3
5637 4
5638 4
5639 4
5640 5
5641 5
5642 5
5643 6
5644 6
5645 6
5646 7
5647 8
5648 9
5649 10
5650 10
5651 10
5652 10
5653 10
5654 11
5655 12
5656 12
5657 13
5658 2
5659 3
5660 4
5661 4
5662 4
5663 4
5664 5
5665 5
5666 7
5667 7
5668 9
5669 10
5670 10
5671 10
5672 10
5673 11
5674 11
5675 12
5676 13
5677 3
5678 3
5679 4
5680 4
5681 4
5682 5
5683 5
5684 5
5685 5
5686 5
5687 5
5688 6
5689 6
5690 6
5691 6
5692 7
5693 7
5694 7
5695 8
5696 9
5697 9
5698 9
5699 10
5700 10
5701 12
5702 13
5703 14
5704 5
5705 5
5706 8
5707 8
5708 8
5709 9
5710 6
5711 7
5712 8
5713 8
5714 10
5715 10
5716 10
5717 11
5718 12
5719 3
5720 4
5721 6
5722 6
5723 7
5724 8
5725 8
5726 8
5727 9
5728 10
5729 10
5730 13
5731 3
5732 5
5733 9
5734 9
5735 10
5736 10
5737 4
5738 5
5739 5
5740 6
5741 6
5742 8
5743 8
5744 8
5745 8
5746 8
5747 10
5748 10
5749 11
5750 11
5751 11
5752 5
5753 6
5754 7
5755 10
5756 1
5757 2
5758 3
5759 3
5760 3
5761 3
5762 3
5763 4
5764 4
5765 4
5766 4
5767 4
5768 4
5769 4
5770 4
5771 4
5772 5
5773 5
5774 5
5775 5
5776 5
5777 5
5778 5
5779 5
5780 6
5781 6
5782 6
5783 6
5784 6
5785 6
5786 6
5787 7
5788 7
5789 7
5790 7
5791 7
5792 7
5793 8
5794 8
5795 8
5796 8
5797 8
5798 8
5799 8
5800 9
5801 9
5802 9
5803 9
5804 10
5805 10
5806 10
5807 10
5808 10
5809 10
5810 10
5811 10
5812 10
5813 11
5814 11
5815 12
5816 12
5817 13
5818 4
5819 4
5820 4
5821 5
5822 8
5823 10
5824 11
5825 12
5826 4
5827 6
5828 6
5829 6
5830 6
5831 8
5832 8
5833 8
5834 8
5835 9
5836 9
5837 11
5838 2
5839 5
5840 5
5841 6
5842 7
5843 7
5844 7
5845 7
5846 7
5847 10
5848 10
5849 10
5850 11
5851 12
5852 4
5853 8
5854 9
5855 9
5856 11
5857 12
5858 2
5859 2
5860 3
5861 3
5862 4
5863 4
5864 5
5865 5
5866 6
5867 6
5868 6
5869 6
5870 6
5871 6
5872 7
5873 7
5874 7
5875 7
5876 8
5877 8
5878 8
5879 9
5880 9
5881 9
5882 10
5883 10
5884 12
5885 3
5886 4
5887 7
5888 8
5889 9
5890 10
5891 11
5892 4
5893 6
5894 6
5895 8
5896 7
5897 8
5898 11
5899 5
5900 6
5901 6
5902 7
5903 7
5904 7
5905 8
5906 8
5907 9
5908 9
5909 10
5910 10
5911 11
5912 12
5913 1
5914 5
5915 6
5916 6
5917 7
5918 7
5919 7
5920 7
5921 8
5922 8
5923 10
5924 10
5925 10
5926 11
5927 11
5928 11
5929 12
5930 12
5931 4
5932 5
5933 6
5934 7
5935 7
5936 8
5937 8
5938 10
5939 11
5940 12
5941 1
5942 3
5943 4
5944 4
5945 4
5946 4
5947 4
5948 5
5949 6
5950 6
5951 7
5952 7
5953 7
5954 7
5955 8
5956 8
5957 8
5958 9
5959 10
5960 10
5961 10
5962 10
5963 11
5964 13
5965 13
5966 1
5967 2
5968 2
5969 3
5970 3
5971 3
5972 3
5973 3
5974 4
5975 4
5976 4
5977 4
5978 4
5979 4
5980 4
5981 4
5982 4
5983 4
5984 5
5985 5
5986 5
5987 5
5988 5
5989 5
5990 5
5991 5
5992 5
5993 5
5994 5
5995 6
5996 6
5997 6
5998 6
5999 6
6000 6
6001 7
6002 7
6003 7
6004 7
6005 7
6006 8
6007 8
6008 8
6009 9
6010 9
6011 9
6012 9
6013 10
6014 10
6015 10
6016 10
6017 10
6018 10
6019 10
6020 10
6021 12
6022 12
6023 12
6024 4
6025 4
6026 4
6027 4
6028 4
6029 5
6030 6
6031 7
6032 7
6033 7
6034 9
6035 10
6036 10
6037 12
6038 3
6039 6
6040 7
6041 7
6042 5
6043 5
6044 6
6045 6
6046 8
6047 8
6048 8
6049 11
6050 11
6051 12
6052 12
6053 1
6054 2
6055 3
6056 4
6057 4
6058 5
6059 6
6060 7
6061 8
6062 8
6063 8
6064 9
6065 9
6066 9
6067 10
6068 10
6069 11
6070 12
6071 4
6072 5
6073 7
6074 8
6075 10
6076 10
6077 10
6078 12
6079 12
6080 8
6081 13
6082 5
6083 6
6084 6
6085 7
6086 8
6087 10
6088 12
6089 5
6090 5
6091 7
6092 7
6093 7
6094 8
6095 9
6096 9
6097 10
6098 11
6099 12
6100 6
6101 8
6102 11
6103 2
6104 4
6105 4
6106 4
6107 5
6108 5
6109 5
6110 6
6111 6
6112 6
6113 6
6114 6
6115 7
6116 7
6117 8
6118 8
6119 8
6120 8
6121 9
6122 10
6123 11
6124 11
6125 13
6126 4
6127 6
6128 8
6129 9
6130 11
6131 12
6132 2
6133 3
6134 3
6135 6
6136 6
6137 7
6138 8
6139 10
6140 11
6141 11
6142 4
6143 5
6144 6
6145 7
6146 7
6147 8
6148 8
6149 9
6150 10
6151 10
6152 11
6153 12
6154 2
6155 5
6156 5
6157 6
6158 6
6159 6
6160 7
6161 7
6162 7
6163 8
6164 9
6165 9
6166 10
6167 10
6168 11
6169 5
6170 6
6171 7
6172 7
6173 8
6174 8
6175 8
6176 2
6177 3
6178 4
6179 5
6180 5
6181 5
6182 5
6183 5
6184 5
6185 5
6186 6
6187 6
6188 6
6189 6
6190 6
6191 7
6192 7
6193 8
6194 8
6195 8
6196 9
6197 9
6198 10
6199 11
6200 12
6201 12
6202 12
6203 12
6204 13
6205 5
6206 5
6207 6
6208 7
6209 7
6210 8
6211 8
6212 9
6213 1
6214 2
6215 2
6216 2
6217 3
6218 3
6219 3
6220 3
6221 3
6222 3
6223 3
6224 3
6225 4
6226 4
6227 4
6228 4
6229 4
6230 4
6231 4
6232 5
6233 5
6234 5
6235 5
6236 5
6237 5
6238 5
6239 5
6240 5
6241 5
6242 5
6243 6
6244 6
6245 6
6246 6
6247 7
6248 7
6249 7
6250 8
6251 8
6252 8
6253 8
6254 8
6255 9
6256 9
6257 9
6258 9
6259 10
6260 10
6261 10
6262 10
6263 10
6264 11
6265 11
6266 11
6267 11
6268 12
6269 12
6270 5
6271 5
6272 7
6273 8
6274 8
6275 8
6276 10
6277 10
6278 2
6279 3
6280 3
6281 4
6282 4
6283 5
6284 5
6285 5
6286 5
6287 6
6288 6
6289 6
6290 7
6291 7
6292 8
6293 9
6294 10
6295 10
6296 10
6297 11
6298 3
6299 4
6300 5
6301 6
6302 6
6303 8
6304 8
6305 9
6306 9
6307 9
6308 11
6309 2
6310 3
6311 4
6312 4
6313 8
6314 9
6315 10
6316 10
6317 11
6318 11
6319 2
6320 2
6321 4
6322 4
6323 4
6324 4
6325 5
6326 5
6327 5
6328 6
6329 6
6330 6
6331 7
6332 7
6333 8
6334 8
6335 8
6336 8
6337 9
6338 10
6339 10
6340 11
6341 11
6342 11
6343 12
6344 1
6345 2
6346 2
6347 5
6348 6
6349 7
6350 8
6351 8
6352 8
6353 9
6354 11
6355 12
6356 5
6357 5
6358 5
6359 5
6360 6
6361 8
6362 8
6363 8
6364 8
6365 9
6366 10
6367 10
6368 10
6369 11
6370 11
6371 12
6372 6
6373 8
6374 8
6375 10
6376 2
6377 4
6378 5
6379 6
6380 7
6381 8
6382 9
6383 9
6384 10
6385 11
6386 11
6387 2
6388 2
6389 3
6390 3
6391 5
6392 5
6393 5
6394 7
6395 8
6396 8
6397 8
6398 9
6399 9
6400 9
6401 10
6402 12
6403 12
6404 6
6405 8
6406 8
6407 9
6408 3
6409 4
6410 5
6411 7
6412 10
6413 11
6414 4
6415 4
6416 5
6417 8
6418 10
6419 11
6420 2
6421 3
6422 3
6423 3
6424 4
6425 6
6426 6
6427 6
6428 6
6429 6
6430 6
6431 7
6432 7
6433 7
6434 8
6435 9
6436 9
6437 9
6438 9
6439 9
6440 9
6441 9
6442 10
6443 10
6444 10
6445 10
6446 10
6447 10
6448 10
6449 12
6450 12
6451 14
6452 2
6453 3
6454 4
6455 4
6456 4
6457 4
6458 8
6459 10
6460 11
6461 11
6462 11
6463 11
6464 12
6465 13
6466 3
6467 6
6468 7
6469 7
6470 8
6471 5
6472 6
6473 6
6474 7
6475 10
6476 11
6477 11
6478 11
6479 5
6480 7
6481 9
6482 10
6483 10
6484 11
6485 3
6486 4
6487 4
6488 5
6489 5
6490 7
6491 8
6492 10
6493 10
6494 14
6495 9
6496 10
6497 10
6498 10
6499 10
6500 11
6501 11
6502 11
6503 11
6504 11
6505 3
6506 3
6507 6
6508 11
6509 4
6510 5
6511 6
6512 7
6513 7
6514 7
6515 10
6516 11
6517 11
6518 1
6519 1
6520 1
6521 2
6522 3
6523 3
6524 3
6525 3
6526 3
6527 4
6528 4
6529 4
6530 4
6531 4
6532 4
6533 4
6534 5
6535 5
6536 5
6537 5
6538 5
6539 5
6540 6
6541 6
6542 7
6543 8
6544 9
6545 9
6546 10
6547 11
6548 11
6549 12
6550 12
6551 9
6552 10
6553 11
6554 12
6555 13
6556 3
6557 3
6558 3
6559 4
6560 4
6561 5
6562 5
6563 6
6564 7
6565 7
6566 8
6567 8
6568 9
6569 9
6570 9
6571 9
6572 10
6573 10
6574 12
6575 12
6576 12
6577 12
6578 1
6579 3
6580 6
6581 8
6582 9
6583 10
6584 11
6585 14
6586 2
6587 2
6588 3
6589 3
6590 3
6591 3
6592 4
6593 5
6594 6
6595 6
6596 7
6597 8
6598 8
6599 10
6600 11
6601 11
6602 12
6603 13
6604 4
6605 7
6606 9
6607 11
6608 2
6609 5
6610 3
6611 4
6612 7
6613 9
6614 10
6615 10
6616 11
6617 11
6618 2
6619 7
6620 3
6621 5
6622 5
6623 5
6624 6
6625 7
6626 8
6627 8
6628 9
6629 9
6630 10
6631 10
6632 11
6633 11
6634 12
6635 4
6636 6
6637 9
6638 9
6639 10
6640 12
6641 3
6642 3
6643 6
6644 7
6645 7
6646 8
6647 10
6648 11
6649 2
6650 2
6651 6
6652 6
6653 8
6654 4
6655 5
6656 6
6657 7
6658 7
6659 8
6660 9
6661 10
6662 10
6663 11
6664 13
6665 2
6666 3
6667 3
6668 3
6669 5
6670 5
6671 6
6672 8
6673 8
6674 8
6675 14
6676 1
6677 4
6678 6
6679 6
6680 8
6681 9
6682 10
6683 10
6684 6
6685 8
6686 9
6687 10
6688 10
6689 11
