0 1 0
1 1 0
2 1 0
3 1 0
4 1 0
5 1 0
6 1 0
7 1 0
8 1 0
9 1 0
10 1 0
11 1 0
12 1 0
13 1 0
14 1 0
15 1 0
16 1 0
17 1 0
18 1 0
19 1 0
20 1 0
21 1 0
22 1 0
23 1 0
24 1 0
25 1 0
26 1 0
27 1 0
28 1 0
29 1 0
30 1 0
31 1 0
32 1 0
33 1 0
34 1 0
35 1 0
36 1 0
37 1 0
38 1 0
39 1 0
40 1 0
41 1 0
42 1 0
43 1 0
44 1 0
45 1 0
46 1 0
47 1 0
48 1 0
49 1 0
50 1 0
51 1 0
52 1 0
53 1 0
54 1 0
55 1 0
56 1 0
57 1 0
58 1 0
59 1 0
60 1 0
61 1 0
62 1 0
63 1 0
64 1 0
65 1 0
66 1 0
67 1 0
68 1 0
69 1 0
70 1 0
71 1 0
72 1 0
73 1 0
74 1 0
75 1 0
76 1 0
77 1 0
78 1 0
79 1 0
80 1 0
81 1 0
82 1 0
83 1 0
84 1 0
85 1 0
86 1 0
87 1 0
88 1 0
89 1 0
90 1 0
91 1 0
92 1 0
93 1 0
94 1 0
95 1 0
96 1 0
97 1 0
98 1 0
99 1 0
100 1 0
101 1 0
102 1 0
103 1 0
104 1 0
105 1 0
106 1 0
107 1 0
108 1 0
109 1 0
110 1 0
111 1 0
112 1 0
113 1 0
114 1 0
115 1 0
116 1 0
117 1 0
118 1 0
119 1 0
120 1 0
121 1 0
122 1 0
123 1 0
124 1 0
125 1 0
126 1 0
127 1 0
128 1 0
129 1 0
130 1 0
131 1 0
132 1 0
133 1 0
134 1 0
135 1 0
136 1 0
137 1 0
138 1 0
139 1 0
140 1 0
141 1 0
142 1 0
143 1 0
144 1 0
145 1 0
146 1 0
147 1 0
148 1 0
149 1 0
150 1 0
151 1 0
152 1 0
153 1 0
154 1 0
155 1 0
156 1 0
157 1 0
158 1 0
159 1 0
160 1 0
161 1 0
162 1 0
163 1 0
164 1 0
165 1 0
166 1 0
167 1 0
168 1 0
169 1 0
170 1 0
171 1 0
172 1 0
173 1 0
174 1 0
175 1 0
176 1 0
177 1 0
178 1 0
179 1 0
180 1 0
181 1 0
182 1 0
183 1 0
184 1 0
185 1 0
186 1 0
187 1 0
188 1 0
189 1 0
190 1 0
191 1 0
192 1 0
193 1 0
194 1 0
195 1 0
196 1 0
197 1 0
198 1 0
199 1 0
200 1 0
201 1 0
202 1 0
203 1 0
204 1 0
205 1 0
206 1 0
207 1 0
208 1 0
209 1 0
210 1 0
211 1 0
212 1 0
213 1 0
214 1 0
215 1 0
216 1 0
217 1 0
218 1 0
219 1 0
220 1 0
221 1 0
222 1 0
223 1 0
224 1 0
225 1 0
226 1 0
227 1 0
228 1 0
229 1 0
230 1 0
231 1 0
232 1 0
233 1 0
234 1 0
235 1 0
236 1 0
237 1 0
238 1 0
239 1 0
240 1 0
241 1 0
242 1 0
243 1 0
244 1 0
245 1 0
246 1 0
247 1 0
248 1 0
249 1 0
250 1 0
251 1 0
252 1 0
253 1 0
254 1 0
255 1 0
256 1 0
257 1 0
258 1 0
259 1 0
260 1 0
261 1 0
262 1 0
263 1 0
264 1 0
265 1 0
266 1 0
267 1 0
268 1 0
269 1 0
270 1 0
271 1 0
272 1 0
273 1 0
274 1 0
275 1 0
276 1 0
277 1 0
278 1 0
279 1 0
280 1 0
281 1 0
282 1 0
283 1 0
284 1 0
285 1 0
286 1 0
287 1 0
288 1 0
289 1 0
290 1 0
291 1 0
292 1 0
293 1 0
294 1 0
295 1 0
296 1 0
297 1 0
298 1 0
299 1 0
300 1 0
301 1 0
302 1 0
303 1 0
304 1 0
305 1 0
306 1 0
307 1 0
308 1 0
309 1 0
310 1 0
311 1 0
312 1 0
313 1 0
314 1 0
315 1 0
316 1 0
317 1 0
318 1 0
319 1 0
320 1 0
321 1 0
322 1 0
323 1 0
324 1 0
325 1 0
326 1 0
327 1 0
328 1 0
329 1 0
330 1 0
331 1 0
332 1 0
333 1 0
334 1 0
335 1 0
336 1 0
337 1 0
338 1 0
339 1 0
340 1 0
341 1 0
342 1 0
343 1 0
344 1 0
345 1 0
346 1 0
347 1 0
348 1 0
349 1 0
350 1 0
351 1 0
352 1 0
353 1 0
354 1 0
355 1 0
356 1 0
357 1 0
358 1 0
359 1 0
360 1 0
361 1 0
362 1 0
363 1 0
364 1 0
365 1 0
366 1 0
367 1 0
368 1 0
369 1 0
370 1 0
371 1 0
372 1 0
373 1 0
374 1 0
375 1 0
376 1 0
377 1 0
378 1 0
379 1 0
380 1 0
381 1 0
382 1 0
383 1 0
384 1 0
385 1 0
386 1 0
387 1 0
388 1 0
389 1 0
390 1 0
391 1 0
392 1 0
393 1 0
394 1 0
395 1 0
396 1 0
397 1 0
398 1 0
399 1 0
400 1 0
401 1 0
402 1 0
403 1 0
404 1 0
405 1 0
406 1 0
407 1 0
408 1 0
409 1 0
410 1 0
411 1 0
412 1 0
413 1 0
414 1 0
415 1 0
416 1 0
417 1 0
418 1 0
419 1 0
420 1 0
421 1 0
422 1 0
423 1 0
424 1 0
425 1 0
426 1 0
427 1 0
428 1 0
429 1 0
430 1 0
431 1 0
432 1 0
433 1 0
434 1 0
435 1 0
436 1 0
437 1 0
438 1 0
439 1 0
440 1 0
441 1 0
442 1 0
443 1 0
444 1 0
445 1 0
446 1 0
447 1 0
448 1 0
449 1 0
450 1 0
451 1 0
452 1 0
453 1 0
454 1 0
455 1 0
456 1 0
457 1 0
458 1 0
459 1 0
460 1 0
461 1 0
462 1 0
463 1 0
464 1 0
465 1 0
466 1 0
467 1 0
468 1 0
469 1 0
470 1 0
471 1 0
472 1 0
473 1 0
474 1 0
475 1 0
476 1 0
477 1 0
478 1 0
479 1 0
480 1 0
481 1 0
482 1 0
483 1 0
484 1 0
485 1 0
486 1 0
487 1 0
488 1 0
489 1 0
490 1 0
491 1 0
492 1 0
493 1 0
494 1 0
495 1 0
496 1 0
497 1 0
498 1 0
499 1 0
500 1 0
501 1 0
502 1 0
503 1 0
504 1 0
505 1 0
506 1 0
507 1 0
508 1 0
509 1 0
510 1 0
511 1 0
512 1 0
513 1 0
514 1 0
515 1 0
516 1 0
517 1 0
518 1 0
519 1 0
520 1 0
521 1 0
522 1 0
523 1 0
524 1 0
525 1 0
526 1 0
527 1 0
528 1 0
529 1 0
530 1 0
531 1 0
532 1 0
533 1 0
534 1 0
535 1 0
536 1 0
537 1 0
538 1 0
539 1 0
540 1 0
541 1 0
542 1 0
543 1 0
544 1 0
545 1 0
546 1 0
547 1 0
548 1 0
549 1 0
550 1 0
551 1 0
552 1 0
553 1 0
554 1 0
555 1 0
556 1 0
557 1 0
558 1 0
559 1 0
560 1 0
561 1 0
562 1 0
563 1 0
564 1 0
565 1 0
566 1 0
567 1 0
568 1 0
569 1 0
570 1 0
571 1 0
572 1 0
573 1 0
574 1 0
575 1 0
576 1 0
577 1 0
578 1 0
579 1 0
580 1 0
581 1 0
582 1 0
583 1 0
584 1 0
585 1 0
586 1 0
587 1 0
588 1 0
589 1 0
590 1 0
591 1 0
592 1 0
593 1 0
594 1 0
595 1 0
596 1 0
597 1 0
598 1 0
599 1 0
600 1 0
601 1 0
602 1 0
603 1 0
604 1 0
605 1 0
606 1 0
607 1 0
608 1 0
609 1 0
610 1 0
611 1 0
612 1 0
613 1 0
614 1 0
615 1 0
616 1 0
617 1 0
618 1 0
619 1 0
620 1 0
621 1 0
622 1 0
623 1 0
624 1 0
625 1 0
626 1 0
627 1 0
628 1 0
629 1 0
630 1 0
631 1 0
632 1 0
633 1 0
634 1 0
635 1 0
636 1 0
637 1 0
638 1 0
639 1 0
640 1 0
641 1 0
642 1 0
643 1 0
644 1 0
645 1 0
646 1 0
647 1 0
648 1 0
649 1 0
650 1 0
651 1 0
652 1 0
653 1 0
654 1 0
655 1 0
656 1 0
657 1 0
658 1 0
659 1 0
660 1 0
661 1 0
662 1 0
663 1 0
664 1 0
665 1 0
666 1 0
667 1 0
668 1 0
669 1 0
670 1 0
671 1 0
672 1 0
673 1 0
674 1 0
675 1 0
676 1 0
677 1 0
678 1 0
679 1 0
680 1 0
681 1 0
682 1 0
683 1 0
684 1 0
685 1 0
686 1 0
687 1 0
688 1 0
689 1 0
690 1 0
691 1 0
692 1 0
693 1 0
694 1 0
695 1 0
696 1 0
697 1 0
698 1 0
699 1 0
700 1 0
701 1 0
702 1 0
703 1 0
704 1 0
705 1 0
706 1 0
707 1 0
708 1 0
709 1 0
710 1 0
711 1 0
712 1 0
713 1 0
714 1 0
715 1 0
716 1 0
717 1 0
718 1 0
719 1 0
720 1 0
721 1 0
722 1 0
723 1 0
724 1 0
725 1 0
726 1 0
727 1 0
728 1 0
729 1 0
730 1 0
731 1 0
732 1 0
733 1 0
734 1 0
735 1 0
736 1 0
737 1 0
738 1 0
739 1 0
740 1 0
741 1 0
742 1 0
743 1 0
744 1 0
745 1 0
746 1 0
747 1 0
748 1 0
749 1 0
750 1 0
751 1 0
752 1 0
753 1 0
754 1 0
755 1 0
756 1 0
757 1 0
758 1 0
759 1 0
760 1 0
761 1 0
762 1 0
763 1 0
764 1 0
765 1 0
766 1 0
767 1 0
768 1 0
769 1 0
770 1 0
771 1 0
772 1 0
773 1 0
774 1 0
775 1 0
776 1 0
777 1 0
778 1 0
779 1 0
780 1 0
781 1 0
782 1 0
783 1 0
784 1 0
785 1 0
786 1 0
787 1 0
788 1 0
789 1 0
790 1 0
791 1 0
792 1 0
793 1 0
794 1 0
795 1 0
796 1 0
797 1 0
798 1 0
799 1 0
800 1 0
801 1 0
802 1 0
803 1 0
804 1 0
805 1 0
806 1 0
807 1 0
808 1 0
809 1 0
810 1 0
811 1 0
812 1 0
813 1 0
814 1 0
815 1 0
816 1 0
817 1 0
818 1 0
819 1 0
820 1 0
821 1 0
822 1 0
823 1 0
824 1 0
825 1 0
826 1 0
827 1 0
828 1 0
829 1 0
830 1 0
831 1 0
832 1 0
833 1 0
834 1 0
835 1 0
836 1 0
837 1 0
838 1 0
839 1 0
840 1 0
841 1 0
842 1 0
843 1 0
844 1 0
845 1 0
846 1 0
847 1 0
848 1 0
849 1 0
850 1 0
851 1 0
852 1 0
853 1 0
854 1 0
855 1 0
856 1 0
857 1 0
858 1 0
859 1 0
860 1 0
861 1 0
862 1 0
863 1 0
864 1 0
865 1 0
866 1 0
867 1 0
868 1 0
869 1 0
870 1 0
871 1 0
872 1 0
873 1 0
874 1 0
875 1 0
876 1 0
877 1 0
878 1 0
879 1 0
880 1 0
881 1 0
882 1 0
883 1 0
884 1 0
885 1 0
886 1 0
887 1 0
888 1 0
889 1 0
890 1 0
891 1 0
892 1 0
893 1 0
894 1 0
895 1 0
896 1 0
897 1 0
898 1 0
899 1 0
900 1 0
901 1 0
902 1 0
903 1 0
904 1 0
905 1 0
906 1 0
907 1 0
908 1 0
909 1 0
910 1 0
911 1 0
912 1 0
913 1 0
914 1 0
915 1 0
916 1 0
917 1 0
918 1 0
919 1 0
920 1 0
921 1 0
922 1 0
923 1 0
924 1 0
925 1 0
926 1 0
927 1 0
928 1 0
929 1 0
930 1 0
931 1 0
932 1 0
933 1 0
934 1 0
935 1 0
936 1 0
937 1 0
938 1 0
939 1 0
940 1 0
941 1 0
942 1 0
943 1 0
944 1 0
945 1 0
946 1 0
947 1 0
948 1 0
949 1 0
950 1 0
951 1 0
952 1 0
953 1 0
954 1 0
955 1 0
956 1 0
957 1 0
958 1 0
959 1 0
960 1 0
961 1 0
962 1 0
963 1 0
964 1 0
965 1 0
966 1 0
967 1 0
968 1 0
969 1 0
970 1 0
971 1 0
972 1 0
973 1 0
974 1 0
975 1 0
976 1 0
977 1 0
978 1 0
979 1 0
980 1 0
981 1 0
982 1 0
983 1 0
984 1 0
985 1 0
986 1 0
987 1 0
988 1 0
989 1 0
990 1 0
991 1 0
992 1 0
993 1 0
994 1 0
995 1 0
996 1 0
997 1 0
998 1 0
999 1 0
1000 1 0
1001 1 0
1002 1 0
1003 1 0
1004 1 0
1005 1 0
1006 1 0
1007 1 0
1008 1 0
1009 1 0
1010 1 0
1011 1 0
1012 1 0
1013 1 0
1014 1 0
1015 1 0
1016 1 0
1017 1 0
1018 1 0
1019 1 0
1020 1 0
1021 1 0
1022 1 0
1023 1 0
1024 1 0
1025 1 0
1026 1 0
1027 1 0
1028 1 0
1029 1 0
1030 1 0
1031 1 0
1032 1 0
1033 1 0
1034 1 0
1035 1 0
1036 1 0
1037 1 0
1038 1 0
1039 1 0
1040 1 0
1041 1 0
1042 1 0
1043 1 0
1044 1 0
1045 1 0
1046 1 0
1047 1 0
1048 1 0
1049 1 0
1050 1 0
1051 1 0
1052 1 0
1053 1 0
1054 1 0
1055 1 0
1056 1 0
1057 1 0
1058 1 0
1059 1 0
1060 1 0
1061 1 0
1062 1 0
1063 1 0
1064 1 0
1065 1 0
1066 1 0
1067 1 0
1068 1 0
1069 1 0
1070 1 0
1071 1 0
1072 1 0
1073 1 0
1074 1 0
1075 1 0
1076 1 0
1077 1 0
1078 1 0
1079 1 0
1080 1 0
1081 1 0
1082 1 0
1083 1 0
1084 1 0
1085 1 0
1086 1 0
1087 1 0
1088 1 0
1089 1 0
1090 1 0
1091 1 0
1092 1 0
1093 1 0
1094 1 0
1095 1 0
1096 1 0
1097 1 0
1098 1 0
1099 1 0
1100 1 0
1101 1 0
1102 1 0
1103 1 0
1104 1 0
1105 1 0
1106 1 0
1107 1 0
1108 1 0
1109 1 0
1110 1 0
1111 1 0
1112 1 0
1113 1 0
1114 1 0
1115 1 0
1116 1 0
1117 1 0
1118 1 0
1119 1 0
1120 1 0
1121 1 0
1122 1 0
1123 1 0
1124 1 0
1125 1 0
1126 1 0
1127 1 0
1128 1 0
1129 1 0
1130 1 0
1131 1 0
1132 1 0
1133 1 0
1134 1 0
1135 1 0
1136 1 0
1137 1 0
1138 1 0
1139 1 0
1140 1 0
1141 1 0
1142 1 0
1143 1 0
1144 1 0
1145 1 0
1146 1 0
1147 1 0
1148 1 0
1149 1 0
1150 1 0
1151 1 0
1152 1 0
1153 1 0
1154 1 0
1155 1 0
1156 1 0
1157 1 0
1158 1 0
1159 1 0
1160 1 0
1161 1 0
1162 1 0
1163 1 0
1164 1 0
1165 1 0
1166 1 0
1167 1 0
1168 1 0
1169 1 0
1170 1 0
1171 1 0
1172 1 0
1173 1 0
1174 1 0
1175 1 0
1176 1 0
1177 1 0
1178 1 0
1179 1 0
1180 1 0
1181 1 0
1182 1 0
1183 1 0
1184 1 0
1185 1 0
1186 1 0
1187 1 0
1188 1 0
1189 1 0
1190 1 0
1191 1 0
1192 1 0
1193 1 0
1194 1 0
1195 1 0
1196 1 0
1197 1 0
1198 1 0
1199 1 0
1200 1 0
1201 1 0
1202 1 0
1203 1 0
1204 1 0
1205 1 0
1206 1 0
1207 1 0
1208 1 0
1209 1 0
1210 1 0
1211 1 0
1212 1 0
1213 1 0
1214 1 0
1215 1 0
1216 1 0
1217 1 0
1218 1 0
1219 1 0
1220 1 0
1221 1 0
1222 1 0
1223 1 0
1224 1 0
1225 1 0
1226 1 0
1227 1 0
1228 1 0
1229 1 0
1230 1 0
1231 1 0
1232 1 0
1233 1 0
1234 1 0
1235 1 0
1236 1 0
1237 1 0
1238 1 0
1239 1 0
1240 1 0
1241 1 0
1242 1 0
1243 1 0
1244 1 0
1245 1 0
1246 1 0
1247 1 0
1248 1 0
1249 1 0
1250 1 0
1251 1 0
1252 1 0
1253 1 0
1254 1 0
1255 1 0
1256 1 0
1257 1 0
1258 1 0
1259 1 0
1260 1 0
1261 1 0
1262 1 0
1263 1 0
1264 1 0
1265 1 0
1266 1 0
1267 1 0
1268 1 0
1269 1 0
1270 1 0
1271 1 0
1272 1 0
1273 1 0
1274 1 0
1275 1 0
1276 1 0
1277 1 0
1278 1 0
1279 1 0
1280 1 0
1281 1 0
1282 1 0
1283 1 0
1284 1 0
1285 1 0
1286 1 0
1287 1 0
1288 1 0
1289 1 0
1290 1 0
1291 1 0
1292 1 0
1293 1 0
1294 1 0
1295 1 0
1296 1 0
1297 1 0
1298 1 0
1299 1 0
1300 1 0
1301 1 0
1302 1 0
1303 1 0
1304 1 0
1305 1 0
1306 1 0
1307 1 0
1308 1 0
1309 1 0
1310 1 0
1311 1 0
1312 1 0
1313 1 0
1314 1 0
1315 1 0
1316 1 0
1317 1 0
1318 1 0
1319 1 0
1320 1 0
1321 1 0
1322 1 0
1323 1 0
1324 1 0
1325 1 0
1326 1 0
1327 1 0
1328 1 0
1329 1 0
1330 1 0
1331 1 0
1332 1 0
1333 1 0
1334 1 0
1335 1 0
1336 1 0
1337 1 0
1338 1 0
1339 1 0
1340 1 0
1341 1 0
1342 1 0
1343 1 0
1344 1 0
1345 1 0
1346 1 0
1347 1 0
1348 1 0
1349 1 0
1350 1 0
1351 1 0
1352 1 0
1353 1 0
1354 1 0
1355 1 0
1356 1 0
1357 1 0
1358 1 0
1359 1 0
1360 1 0
1361 1 0
1362 1 0
1363 1 0
1364 1 0
1365 1 0
1366 1 0
1367 1 0
1368 1 0
1369 1 0
1370 1 0
1371 1 0
1372 1 0
1373 1 0
1374 1 0
1375 1 0
1376 1 0
1377 1 0
1378 1 0
1379 1 0
1380 1 0
1381 1 0
1382 1 0
1383 1 0
1384 1 0
1385 1 0
1386 1 0
1387 1 0
1388 1 0
1389 1 0
1390 1 0
1391 1 0
1392 1 0
1393 1 0
1394 1 0
1395 1 0
1396 1 0
1397 1 0
1398 1 0
1399 1 0
1400 1 0
1401 1 0
1402 1 0
1403 1 0
1404 1 0
1405 1 0
1406 1 0
1407 1 0
1408 1 0
1409 1 0
1410 1 0
1411 1 0
1412 1 0
1413 1 0
1414 1 0
1415 1 0
1416 1 0
1417 1 0
1418 1 0
1419 1 0
1420 1 0
1421 1 0
1422 1 0
1423 1 0
1424 1 0
1425 1 0
1426 1 0
1427 1 0
1428 1 0
1429 1 0
1430 1 0
1431 1 0
1432 1 0
1433 1 0
1434 1 0
1435 1 0
1436 1 0
1437 1 0
1438 1 0
1439 1 0
1440 1 0
1441 1 0
1442 1 0
1443 1 0
1444 1 0
1445 1 0
1446 1 0
1447 1 0
1448 1 0
1449 1 0
1450 1 0
1451 1 0
1452 1 0
1453 1 0
1454 1 0
1455 1 0
1456 1 0
1457 1 0
1458 1 0
1459 1 0
1460 1 0
1461 1 0
1462 1 0
1463 1 0
1464 1 0
1465 1 0
1466 1 0
1467 1 0
1468 1 0
1469 1 0
1470 1 0
1471 1 0
1472 1 0
1473 1 0
1474 1 0
1475 1 0
1476 1 0
1477 1 0
1478 1 0
1479 1 0
1480 1 0
1481 1 0
1482 1 0
1483 1 0
1484 1 0
1485 1 0
1486 1 0
1487 1 0
1488 1 0
1489 1 0
1490 1 0
1491 1 0
1492 1 0
1493 1 0
1494 1 0
1495 1 0
1496 1 0
1497 1 0
1498 1 0
1499 1 0
1500 1 0
1501 1 0
1502 1 0
1503 1 0
1504 1 0
1505 1 0
1506 1 0
1507 1 0
1508 1 0
1509 1 0
1510 1 0
1511 1 0
1512 1 0
1513 1 0
1514 1 0
1515 1 0
1516 1 0
1517 1 0
1518 1 0
1519 1 0
1520 1 0
1521 1 0
1522 1 0
1523 1 0
1524 1 0
1525 1 0
1526 1 0
1527 1 0
1528 1 0
1529 1 0
1530 1 0
1531 1 0
1532 1 0
1533 1 0
1534 1 0
1535 1 0
1536 1 0
1537 1 0
1538 1 0
1539 1 0
1540 1 0
1541 1 0
1542 1 0
1543 1 0
1544 1 0
1545 1 0
1546 1 0
1547 1 0
1548 1 0
1549 1 0
1550 1 0
1551 1 0
1552 1 0
1553 1 0
1554 1 0
1555 1 0
1556 1 0
1557 1 0
1558 1 0
1559 1 0
1560 1 0
1561 1 0
1562 1 0
1563 1 0
1564 1 0
1565 1 0
1566 1 0
1567 1 0
1568 1 0
1569 1 0
1570 1 0
1571 1 0
1572 1 0
1573 1 0
1574 1 0
1575 1 0
1576 1 0
1577 1 0
1578 1 0
1579 1 0
1580 1 0
1581 1 0
1582 1 0
1583 1 0
1584 1 0
1585 1 0
1586 1 0
1587 1 0
1588 1 0
1589 1 0
1590 1 0
1591 1 0
1592 1 0
1593 1 0
1594 1 0
1595 1 0
1596 1 0
1597 1 0
1598 1 0
1599 1 0
1600 1 0
1601 1 0
1602 1 0
1603 1 0
1604 1 0
1605 1 0
1606 1 0
1607 1 0
1608 1 0
1609 1 0
1610 1 0
1611 1 0
1612 1 0
1613 1 0
1614 1 0
1615 1 0
1616 1 0
1617 1 0
1618 1 0
1619 1 0
1620 1 0
1621 1 0
1622 1 0
1623 1 0
1624 1 0
1625 1 0
1626 1 0
1627 1 0
1628 1 0
1629 1 0
1630 1 0
1631 1 0
1632 1 0
1633 1 0
1634 1 0
1635 1 0
1636 1 0
1637 1 0
1638 1 0
1639 1 0
1640 1 0
1641 1 0
1642 1 0
1643 1 0
1644 1 0
1645 1 0
1646 1 0
1647 1 0
1648 1 0
1649 1 0
1650 1 0
1651 1 0
1652 1 0
1653 1 0
1654 1 0
1655 1 0
1656 1 0
1657 1 0
1658 1 0
1659 1 0
1660 1 0
1661 1 0
1662 1 0
1663 1 0
1664 1 0
1665 1 0
1666 1 0
1667 1 0
1668 1 0
1669 1 0
1670 1 0
1671 1 0
1672 1 0
1673 1 0
1674 1 0
1675 1 0
1676 1 0
1677 1 0
1678 1 0
1679 1 0
1680 1 0
1681 1 0
1682 1 0
1683 1 0
1684 1 0
1685 1 0
1686 1 0
1687 1 0
1688 1 0
1689 1 0
1690 1 0
1691 1 0
1692 1 0
1693 1 0
1694 1 0
1695 1 0
1696 1 0
1697 1 0
1698 1 0
1699 1 0
1700 1 0
1701 1 0
1702 1 0
1703 1 0
1704 1 0
1705 1 0
1706 1 0
1707 1 0
1708 1 0
1709 1 0
1710 1 0
1711 1 0
1712 1 0
1713 1 0
1714 1 0
1715 1 0
1716 1 0
1717 1 0
1718 1 0
1719 1 0
1720 1 0
1721 1 0
1722 1 0
1723 1 0
1724 1 0
1725 1 0
1726 1 0
1727 1 0
1728 1 0
1729 1 0
1730 1 0
1731 1 0
1732 1 0
1733 1 0
1734 1 0
1735 1 0
1736 1 0
1737 1 0
1738 1 0
1739 1 0
1740 1 0
1741 1 0
1742 1 0
1743 1 0
1744 1 0
1745 1 0
1746 1 0
1747 1 0
1748 1 0
1749 1 0
1750 1 0
1751 1 0
1752 1 0
1753 1 0
1754 1 0
1755 1 0
1756 1 0
1757 1 0
1758 1 0
1759 1 0
1760 1 0
1761 1 0
1762 1 0
1763 1 0
1764 1 0
1765 1 0
1766 1 0
1767 1 0
1768 1 0
1769 1 0
1770 1 0
1771 1 0
1772 1 0
1773 1 0
1774 1 0
1775 1 0
1776 1 0
1777 1 0
1778 1 0
1779 1 0
1780 1 0
1781 1 0
1782 1 0
1783 1 0
1784 1 0
1785 1 0
1786 1 0
1787 1 0
1788 1 0
1789 1 0
1790 1 0
1791 1 0
1792 1 0
1793 1 0
1794 1 0
1795 1 0
1796 1 0
1797 1 0
1798 1 0
1799 1 0
1800 1 0
1801 1 0
1802 1 0
1803 1 0
1804 1 0
1805 1 0
1806 1 0
1807 1 0
1808 1 0
1809 1 0
1810 1 0
1811 1 0
1812 1 0
1813 1 0
1814 1 0
1815 1 0
1816 1 0
1817 1 0
1818 1 0
1819 1 0
1820 1 0
1821 1 0
1822 1 0
1823 1 0
1824 1 0
1825 1 0
1826 1 0
1827 1 0
1828 1 0
1829 1 0
1830 1 0
1831 1 0
1832 1 0
1833 1 0
1834 1 0
1835 1 0
1836 1 0
1837 1 0
1838 1 0
1839 1 0
1840 1 0
1841 1 0
1842 1 0
1843 1 0
1844 1 0
1845 1 0
1846 1 0
1847 1 0
1848 1 0
1849 1 0
1850 1 0
1851 1 0
1852 1 0
1853 1 0
1854 1 0
1855 1 0
1856 1 0
1857 1 0
1858 1 0
1859 1 0
1860 1 0
1861 1 0
1862 1 0
1863 1 0
1864 1 0
1865 1 0
1866 1 0
1867 1 0
1868 1 0
1869 1 0
1870 1 0
1871 1 0
1872 1 0
1873 1 0
1874 1 0
1875 1 0
1876 1 0
1877 1 0
1878 1 0
1879 1 0
1880 1 0
1881 1 0
1882 1 0
1883 1 0
1884 1 0
1885 1 0
1886 1 0
1887 1 0
1888 1 0
1889 1 0
1890 1 0
1891 1 0
1892 1 0
1893 1 0
1894 1 0
1895 1 0
1896 1 0
1897 1 0
1898 1 0
1899 1 0
1900 1 0
1901 1 0
1902 1 0
1903 1 0
1904 1 0
1905 1 0
1906 1 0
1907 1 0
1908 1 0
1909 1 0
1910 1 0
1911 1 0
1912 1 0
1913 1 0
1914 1 0
1915 1 0
1916 1 0
1917 1 0
1918 1 0
1919 1 0
1920 1 0
1921 1 0
1922 1 0
1923 1 0
1924 1 0
1925 1 0
1926 1 0
1927 1 0
1928 1 0
1929 1 0
1930 1 0
1931 1 0
1932 1 0
1933 1 0
1934 1 0
1935 1 0
1936 1 0
1937 1 0
1938 1 0
1939 1 0
1940 1 0
1941 1 0
1942 1 0
1943 1 0
1944 1 0
1945 1 0
1946 1 0
1947 1 0
1948 1 0
1949 1 0
1950 1 0
1951 1 0
1952 1 0
1953 1 0
1954 1 0
1955 1 0
1956 1 0
1957 1 0
1958 1 0
1959 1 0
1960 1 0
1961 1 0
1962 1 0
1963 1 0
1964 1 0
1965 1 0
1966 1 0
1967 1 0
1968 1 0
1969 1 0
1970 1 0
1971 1 0
1972 1 0
1973 1 0
1974 1 0
1975 1 0
1976 1 0
1977 1 0
1978 1 0
1979 1 0
1980 1 0
1981 1 0
1982 1 0
1983 1 0
1984 1 0
1985 1 0
1986 1 0
1987 1 0
1988 1 0
1989 1 0
1990 1 0
1991 1 0
1992 1 0
1993 1 0
1994 1 0
1995 1 0
1996 1 0
1997 1 0
1998 1 0
1999 1 0
2000 1 0
2001 1 0
2002 1 0
2003 1 0
2004 1 0
2005 1 0
2006 1 0
2007 1 0
2008 1 0
2009 1 0
2010 1 0
2011 1 0
2012 1 0
2013 1 0
2014 1 0
2015 1 0
2016 1 0
2017 1 0
2018 1 0
2019 1 0
2020 1 0
2021 1 0
2022 1 0
2023 1 0
2024 1 0
2025 1 0
2026 1 0
2027 1 0
2028 1 0
2029 1 0
2030 1 0
2031 1 0
2032 1 0
2033 1 0
2034 1 0
2035 1 0
2036 1 0
2037 1 0
2038 1 0
2039 1 0
2040 1 0
2041 1 0
2042 1 0
2043 1 0
2044 1 0
2045 1 0
2046 1 0
2047 1 0
2048 1 0
2049 1 0
2050 1 0
2051 1 0
2052 1 0
2053 1 0
2054 1 0
2055 1 0
2056 1 0
2057 1 0
2058 1 0
2059 1 0
2060 1 0
2061 1 0
2062 1 0
2063 1 0
2064 1 0
2065 1 0
2066 1 0
2067 1 0
2068 1 0
2069 1 0
2070 1 0
2071 1 0
2072 1 0
2073 1 0
2074 1 0
2075 1 0
2076 1 0
2077 1 0
2078 1 0
2079 1 0
2080 1 0
2081 1 0
2082 1 0
2083 1 0
2084 1 0
2085 1 0
2086 1 0
2087 1 0
2088 1 0
2089 1 0
2090 1 0
2091 1 0
2092 1 0
2093 1 0
2094 1 0
2095 1 0
2096 1 0
2097 1 0
2098 1 0
2099 1 0
2100 1 0
2101 1 0
2102 1 0
2103 1 0
2104 1 0
2105 1 0
2106 1 0
2107 1 0
2108 1 0
2109 1 0
2110 1 0
2111 1 0
2112 1 0
2113 1 0
2114 1 0
2115 1 0
2116 1 0
2117 1 0
2118 1 0
2119 1 0
2120 1 0
2121 1 0
2122 1 0
2123 1 0
2124 1 0
2125 1 0
2126 1 0
2127 1 0
2128 1 0
2129 1 0
2130 1 0
2131 1 0
2132 1 0
2133 1 0
2134 1 0
2135 1 0
2136 1 0
2137 1 0
2138 1 0
2139 1 0
2140 1 0
2141 1 0
2142 1 0
2143 1 0
2144 1 0
2145 1 0
2146 1 0
2147 1 0
2148 1 0
2149 1 0
2150 1 0
2151 1 0
2152 1 0
2153 1 0
2154 1 0
2155 1 0
2156 1 0
2157 1 0
2158 1 0
2159 1 0
2160 1 0
2161 1 0
2162 1 0
2163 1 0
2164 1 0
2165 1 0
2166 1 0
2167 1 0
2168 1 0
2169 1 0
2170 1 0
2171 1 0
2172 1 0
2173 1 0
2174 1 0
2175 1 0
2176 1 0
2177 1 0
2178 1 0
2179 1 0
2180 1 0
2181 1 0
2182 1 0
2183 1 0
2184 1 0
2185 1 0
2186 1 0
2187 1 0
2188 1 0
2189 1 0
2190 1 0
2191 1 0
2192 1 0
2193 1 0
2194 1 0
2195 1 0
2196 1 0
2197 1 0
2198 1 0
2199 1 0
2200 1 0
2201 1 0
2202 1 0
2203 1 0
2204 1 0
2205 1 0
2206 1 0
2207 1 0
2208 1 0
2209 1 0
2210 1 0
2211 1 0
2212 1 0
2213 1 0
2214 1 0
2215 1 0
2216 1 0
2217 1 0
2218 1 0
2219 1 0
2220 1 0
2221 1 0
2222 1 0
2223 1 0
2224 1 0
2225 1 0
2226 1 0
2227 1 0
2228 1 0
2229 1 0
2230 1 0
2231 1 0
2232 1 0
2233 1 0
2234 1 0
2235 1 0
2236 1 0
2237 1 0
2238 1 0
2239 1 0
2240 1 0
2241 1 0
2242 1 0
2243 1 0
2244 1 0
2245 1 0
2246 1 0
2247 1 0
2248 1 0
2249 1 0
2250 1 0
2251 1 0
2252 1 0
2253 1 0
2254 1 0
2255 1 0
2256 1 0
2257 1 0
2258 1 0
2259 1 0
2260 1 0
2261 1 0
2262 1 0
2263 1 0
2264 1 0
2265 1 0
2266 1 0
2267 1 0
2268 1 0
2269 1 0
2270 1 0
2271 1 0
2272 1 0
2273 1 0
2274 1 0
2275 1 0
2276 1 0
2277 1 0
2278 1 0
2279 1 0
2280 1 0
2281 1 0
2282 1 0
2283 1 0
2284 1 0
2285 1 0
2286 1 0
2287 1 0
2288 1 0
2289 1 0
2290 1 0
2291 1 0
2292 1 0
2293 1 0
2294 1 0
2295 1 0
2296 1 0
2297 1 0
2298 1 0
2299 1 0
2300 1 0
2301 1 0
2302 1 0
2303 1 0
2304 1 0
2305 1 0
2306 1 0
2307 1 0
2308 1 0
2309 1 0
2310 1 0
2311 1 0
2312 1 0
2313 1 0
2314 1 0
2315 1 0
2316 1 0
2317 1 0
2318 1 0
2319 1 0
2320 1 0
2321 1 0
2322 1 0
2323 1 0
2324 1 0
2325 1 0
2326 1 0
2327 1 0
2328 1 0
2329 1 0
2330 1 0
2331 1 0
2332 1 0
2333 1 0
2334 1 0
2335 1 0
2336 1 0
2337 1 0
2338 1 0
2339 1 0
2340 1 0
2341 1 0
2342 1 0
2343 1 0
2344 1 0
2345 1 0
2346 1 0
2347 1 0
2348 1 0
2349 1 0
2350 1 0
2351 1 0
2352 1 0
2353 1 0
2354 1 0
2355 1 0
2356 1 0
2357 1 0
2358 1 0
2359 1 0
2360 1 0
2361 1 0
2362 1 0
2363 1 0
2364 1 0
2365 1 0
2366 1 0
2367 1 0
2368 1 0
2369 1 0
2370 1 0
2371 1 0
2372 1 0
2373 1 0
2374 1 0
2375 1 0
2376 1 0
2377 1 0
2378 1 0
2379 1 0
2380 1 0
2381 1 0
2382 1 0
2383 1 0
2384 1 0
2385 1 0
2386 1 0
2387 1 0
2388 1 0
2389 1 0
2390 1 0
2391 1 0
2392 1 0
2393 1 0
2394 1 0
2395 1 0
2396 1 0
2397 1 0
2398 1 0
2399 1 0
2400 1 0
2401 1 0
2402 1 0
2403 1 0
2404 1 0
2405 1 0
2406 1 0
2407 1 0
2408 1 0
2409 1 0
2410 1 0
2411 1 0
2412 1 0
2413 1 0
2414 1 0
2415 1 0
2416 1 0
2417 1 0
2418 1 0
2419 1 0
2420 1 0
2421 1 0
2422 1 0
2423 1 0
2424 1 0
2425 1 0
2426 1 0
2427 1 0
2428 1 0
2429 1 0
2430 1 0
2431 1 0
2432 1 0
2433 1 0
2434 1 0
2435 1 0
2436 1 0
2437 1 0
2438 1 0
2439 1 0
2440 1 0
2441 1 0
2442 1 0
2443 1 0
2444 1 0
2445 1 0
2446 1 0
2447 1 0
2448 1 0
2449 1 0
2450 1 0
2451 1 0
2452 1 0
2453 1 0
2454 1 0
2455 1 0
2456 1 0
2457 1 0
2458 1 0
2459 1 0
2460 1 0
2461 1 0
2462 1 0
2463 1 0
2464 1 0
2465 1 0
2466 1 0
2467 1 0
2468 1 0
2469 1 0
2470 1 0
2471 1 0
2472 1 0
2473 1 0
2474 1 0
2475 1 0
2476 1 0
2477 1 0
2478 1 0
2479 1 0
2480 1 0
2481 1 0
2482 1 0
2483 1 0
2484 1 0
2485 1 0
2486 1 0
2487 1 0
2488 1 0
2489 1 0
2490 1 0
2491 1 0
2492 1 0
2493 1 0
2494 1 0
2495 1 0
2496 1 0
2497 1 0
2498 1 0
2499 1 0
2500 1 0
2501 1 0
2502 1 0
2503 1 0
2504 1 0
2505 1 0
2506 1 0
2507 1 0
2508 1 0
2509 1 0
2510 1 0
2511 1 0
2512 1 0
2513 1 0
2514 1 0
2515 1 0
2516 1 0
2517 1 0
2518 1 0
2519 1 0
2520 1 0
2521 1 0
2522 1 0
2523 1 0
2524 1 0
2525 1 0
2526 1 0
2527 1 0
2528 1 0
2529 1 0
2530 1 0
2531 1 0
2532 1 0
2533 1 0
2534 1 0
2535 1 0
2536 1 0
2537 1 0
2538 1 0
2539 1 0
2540 1 0
2541 1 0
2542 1 0
2543 1 0
2544 1 0
2545 1 0
2546 1 0
2547 1 0
2548 1 0
2549 1 0
2550 1 0
2551 1 0
2552 1 0
2553 1 0
2554 1 0
2555 1 0
2556 1 0
2557 1 0
2558 1 0
2559 1 0
2560 1 0
2561 1 0
2562 1 0
2563 1 0
2564 1 0
2565 1 0
2566 1 0
2567 1 0
2568 1 0
2569 1 0
2570 1 0
2571 1 0
2572 1 0
2573 1 0
2574 1 0
2575 1 0
2576 1 0
2577 1 0
2578 1 0
2579 1 0
2580 1 0
2581 1 0
2582 1 0
2583 1 0
2584 1 0
2585 1 0
2586 1 0
2587 1 0
2588 1 0
2589 1 0
2590 1 0
2591 1 0
2592 1 0
2593 1 0
2594 1 0
2595 1 0
2596 1 0
2597 1 0
2598 1 0
2599 1 0
2600 1 0
2601 1 0
2602 1 0
2603 1 0
2604 1 0
2605 1 0
2606 1 0
2607 1 0
2608 1 0
2609 1 0
2610 1 0
2611 1 0
2612 1 0
2613 1 0
2614 1 0
2615 1 0
2616 1 0
2617 1 0
2618 1 0
2619 1 0
2620 1 0
2621 1 0
2622 1 0
2623 1 0
2624 1 0
2625 1 0
2626 1 0
2627 1 0
2628 1 0
2629 1 0
2630 1 0
2631 1 0
2632 1 0
2633 1 0
2634 1 0
2635 1 0
2636 1 0
2637 1 0
2638 1 0
2639 1 0
2640 1 0
2641 1 0
2642 1 0
2643 1 0
2644 1 0
2645 1 0
2646 1 0
2647 1 0
2648 1 0
2649 1 0
2650 1 0
2651 1 0
2652 1 0
2653 1 0
2654 1 0
2655 1 0
2656 1 0
2657 1 0
2658 1 0
2659 1 0
2660 1 0
2661 1 0
2662 1 0
2663 1 0
2664 1 0
2665 1 0
2666 1 0
2667 1 0
2668 1 0
2669 1 0
2670 1 0
2671 1 0
2672 1 0
2673 1 0
2674 1 0
2675 1 0
2676 1 0
2677 1 0
2678 1 0
2679 1 0
2680 1 0
2681 1 0
2682 1 0
2683 1 0
2684 1 0
2685 1 0
2686 1 0
2687 1 0
2688 1 0
2689 1 0
2690 1 0
2691 1 0
2692 1 0
2693 1 0
2694 1 0
2695 1 0
2696 1 0
2697 1 0
2698 1 0
2699 1 0
2700 1 0
2701 1 0
2702 1 0
2703 1 0
2704 1 0
2705 1 0
2706 1 0
2707 1 0
2708 1 0
2709 1 0
2710 1 0
2711 1 0
2712 1 0
2713 1 0
2714 1 0
2715 1 0
2716 1 0
2717 1 0
2718 1 0
2719 1 0
2720 1 0
2721 1 0
2722 1 0
2723 1 0
2724 1 0
2725 1 0
2726 1 0
2727 1 0
2728 1 0
2729 1 0
2730 1 0
2731 1 0
2732 1 0
2733 1 0
2734 1 0
2735 1 0
2736 1 0
2737 1 0
2738 1 0
2739 1 0
2740 1 0
2741 1 0
2742 1 0
2743 1 0
2744 1 0
2745 1 0
2746 1 0
2747 1 0
2748 1 0
2749 1 0
2750 1 0
2751 1 0
2752 1 0
2753 1 0
2754 1 0
2755 1 0
2756 1 0
2757 1 0
2758 1 0
2759 1 0
2760 1 0
2761 1 0
2762 1 0
2763 1 0
2764 1 0
2765 1 0
2766 1 0
2767 1 0
2768 1 0
2769 1 0
2770 1 0
2771 1 0
2772 1 0
2773 1 0
2774 1 0
2775 1 0
2776 1 0
2777 1 0
2778 1 0
2779 1 0
2780 1 0
2781 1 0
2782 1 0
2783 1 0
2784 1 0
2785 1 0
2786 1 0
2787 1 0
2788 1 0
2789 1 0
2790 1 0
2791 1 0
2792 1 0
2793 1 0
2794 1 0
2795 1 0
2796 1 0
2797 1 0
2798 1 0
2799 1 0
2800 1 0
2801 1 0
2802 1 0
2803 1 0
2804 1 0
2805 1 0
2806 1 0
2807 1 0
2808 1 0
2809 1 0
2810 1 0
2811 1 0
2812 1 0
2813 1 0
2814 1 0
2815 1 0
2816 1 0
2817 1 0
2818 1 0
2819 1 0
2820 1 0
2821 1 0
2822 1 0
2823 1 0
2824 1 0
2825 1 0
2826 1 0
2827 1 0
2828 1 0
2829 1 0
2830 1 0
2831 1 0
2832 1 0
2833 1 0
2834 1 0
2835 1 0
2836 1 0
2837 1 0
2838 1 0
2839 1 0
2840 1 0
2841 1 0
2842 1 0
2843 1 0
2844 1 0
2845 1 0
2846 1 0
2847 1 0
2848 1 0
2849 1 0
2850 1 0
2851 1 0
2852 1 0
2853 1 0
2854 1 0
2855 1 0
2856 1 0
2857 1 0
2858 1 0
2859 1 0
2860 1 0
2861 1 0
2862 1 0
2863 1 0
2864 1 0
2865 1 0
2866 1 0
2867 1 0
2868 1 0
2869 1 0
2870 1 0
2871 1 0
2872 1 0
2873 1 0
2874 1 0
2875 1 0
2876 1 0
2877 1 0
2878 1 0
2879 1 0
2880 1 0
2881 1 0
2882 1 0
2883 1 0
2884 1 0
2885 1 0
2886 1 0
2887 1 0
2888 1 0
2889 1 0
2890 1 0
2891 1 0
2892 1 0
2893 1 0
2894 1 0
2895 1 0
2896 1 0
2897 1 0
2898 1 0
2899 1 0
2900 1 0
2901 1 0
2902 1 0
2903 1 0
2904 1 0
2905 1 0
2906 1 0
2907 1 0
2908 1 0
2909 1 0
2910 1 0
2911 1 0
2912 1 0
2913 1 0
2914 1 0
2915 1 0
2916 1 0
2917 1 0
2918 1 0
2919 1 0
2920 1 0
2921 1 0
2922 1 0
2923 1 0
2924 1 0
2925 1 0
2926 1 0
2927 1 0
2928 1 0
2929 1 0
2930 1 0
2931 1 0
2932 1 0
2933 1 0
2934 1 0
2935 1 0
2936 1 0
2937 1 0
2938 1 0
2939 1 0
2940 1 0
2941 1 0
2942 1 0
2943 1 0
2944 1 0
2945 1 0
2946 1 0
2947 1 0
2948 1 0
2949 1 0
2950 1 0
2951 1 0
2952 1 0
2953 1 0
2954 1 0
2955 1 0
2956 1 0
2957 1 0
2958 1 0
2959 1 0
2960 1 0
2961 1 0
2962 1 0
2963 1 0
2964 1 0
2965 1 0
2966 1 0
2967 1 0
2968 1 0
2969 1 0
2970 1 0
2971 1 0
2972 1 0
2973 1 0
2974 1 0
2975 1 0
2976 1 0
2977 1 0
2978 1 0
2979 1 0
2980 1 0
2981 1 0
2982 1 0
2983 1 0
2984 1 0
2985 1 0
2986 1 0
2987 1 0
2988 1 0
2989 1 0
2990 1 0
2991 1 0
2992 1 0
2993 1 0
2994 1 0
2995 1 0
2996 1 0
2997 1 0
2998 1 0
2999 1 0
3000 1 0
3001 1 0
3002 1 0
3003 1 0
3004 1 0
3005 1 0
3006 1 0
3007 1 0
3008 1 0
3009 1 0
3010 1 0
3011 1 0
3012 1 0
3013 1 0
3014 1 0
3015 1 0
3016 1 0
3017 1 0
3018 1 0
3019 1 0
3020 1 0
3021 1 0
3022 1 0
3023 1 0
3024 1 0
3025 1 0
3026 1 0
3027 1 0
3028 1 0
3029 1 0
3030 1 0
3031 1 0
3032 1 0
3033 1 0
3034 1 0
3035 1 0
3036 1 0
3037 1 0
3038 1 0
3039 1 0
3040 1 0
3041 1 0
3042 1 0
3043 1 0
3044 1 0
3045 1 0
3046 1 0
3047 1 0
3048 1 0
3049 1 0
3050 1 0
3051 1 0
3052 1 0
3053 1 0
3054 1 0
3055 1 0
3056 1 0
3057 1 0
3058 1 0
3059 1 0
3060 1 0
3061 1 0
3062 1 0
3063 1 0
3064 1 0
3065 1 0
3066 1 0
3067 1 0
3068 1 0
3069 1 0
3070 1 0
3071 1 0
3072 1 0
3073 1 0
3074 1 0
3075 1 0
3076 1 0
3077 1 0
3078 1 0
3079 1 0
3080 1 0
3081 1 0
3082 1 0
3083 1 0
3084 1 0
3085 1 0
3086 1 0
3087 1 0
3088 1 0
3089 1 0
3090 1 0
3091 1 0
3092 1 0
3093 1 0
3094 1 0
3095 1 0
3096 1 0
3097 1 0
3098 1 0
3099 1 0
3100 1 0
3101 1 0
3102 1 0
3103 1 0
3104 1 0
3105 1 0
3106 1 0
3107 1 0
3108 1 0
3109 1 0
3110 1 0
3111 1 0
3112 1 0
3113 1 0
3114 1 0
3115 1 0
3116 1 0
3117 1 0
3118 1 0
3119 1 0
3120 1 0
3121 1 0
3122 1 0
3123 1 0
3124 1 0
3125 1 0
3126 1 0
3127 1 0
3128 1 0
3129 1 0
3130 1 0
3131 1 0
3132 1 0
3133 1 0
3134 1 0
3135 1 0
3136 1 0
3137 1 0
3138 1 0
3139 1 0
3140 1 0
3141 1 0
3142 1 0
3143 1 0
3144 1 0
3145 1 0
3146 1 0
3147 1 0
3148 1 0
3149 1 0
3150 1 0
3151 1 0
3152 1 0
3153 1 0
3154 1 0
3155 1 0
3156 1 0
3157 1 0
3158 1 0
3159 1 0
3160 1 0
3161 1 0
3162 1 0
3163 1 0
3164 1 0
3165 1 0
3166 1 0
3167 1 0
3168 1 0
3169 1 0
3170 1 0
3171 1 0
3172 1 0
3173 1 0
3174 1 0
3175 1 0
3176 1 0
3177 1 0
3178 1 0
3179 1 0
3180 1 0
3181 1 0
3182 1 0
3183 1 0
3184 1 0
3185 1 0
3186 1 0
3187 1 0
3188 1 0
3189 1 0
3190 1 0
3191 1 0
3192 1 0
3193 1 0
3194 1 0
3195 1 0
3196 1 0
3197 1 0
3198 1 0
3199 1 0
3200 1 0
3201 1 0
3202 1 0
3203 1 0
3204 1 0
3205 1 0
3206 1 0
3207 1 0
3208 1 0
3209 1 0
3210 1 0
3211 1 0
3212 1 0
3213 1 0
3214 1 0
3215 1 0
3216 1 0
3217 1 0
3218 1 0
3219 1 0
3220 1 0
3221 1 0
3222 1 0
3223 1 0
3224 1 0
3225 1 0
3226 1 0
3227 1 0
3228 1 0
3229 1 0
3230 1 0
3231 1 0
3232 1 0
3233 1 0
3234 1 0
3235 1 0
3236 1 0
3237 1 0
3238 1 0
3239 1 0
3240 1 0
3241 1 0
3242 1 0
3243 1 0
3244 1 0
3245 1 0
3246 1 0
3247 1 0
3248 1 0
3249 1 0
3250 1 0
3251 1 0
3252 1 0
3253 1 0
3254 1 0
3255 1 0
3256 1 0
3257 1 0
3258 1 0
3259 1 0
3260 1 0
3261 1 0
3262 1 0
3263 1 0
3264 1 0
3265 1 0
3266 1 0
3267 1 0
3268 1 0
3269 1 0
3270 1 0
3271 1 0
3272 1 0
3273 1 0
3274 1 0
3275 1 0
3276 1 0
3277 1 0
3278 1 0
3279 1 0
3280 1 0
3281 1 0
3282 1 0
3283 1 0
3284 1 0
3285 1 0
3286 1 0
3287 1 0
3288 1 0
3289 1 0
3290 1 0
3291 1 0
3292 1 0
3293 1 0
3294 1 0
3295 1 0
3296 1 0
3297 1 0
3298 1 0
3299 1 0
3300 1 0
3301 1 0
3302 1 0
3303 1 0
3304 1 0
3305 1 0
3306 1 0
3307 1 0
3308 1 0
3309 1 0
3310 1 0
3311 1 0
3312 1 0
3313 1 0
3314 1 0
3315 1 0
3316 1 0
3317 1 0
3318 1 0
3319 1 0
3320 1 0
3321 1 0
3322 1 0
3323 1 0
3324 1 0
3325 1 0
3326 1 0
3327 1 0
3328 1 0
3329 1 0
3330 1 0
3331 1 0
3332 1 0
3333 1 0
3334 1 0
3335 1 0
3336 1 0
3337 1 0
3338 1 0
3339 1 0
3340 1 0
3341 1 0
3342 1 0
3343 1 0
3344 1 0
3345 1 0
3346 1 0
3347 1 0
3348 1 0
3349 1 0
3350 1 0
3351 1 0
3352 1 0
3353 1 0
3354 1 0
3355 1 0
3356 1 0
3357 1 0
3358 1 0
3359 1 0
3360 1 0
3361 1 0
3362 1 0
3363 1 0
3364 1 0
3365 1 0
3366 1 0
3367 1 0
3368 1 0
3369 1 0
3370 1 0
3371 1 0
3372 1 0
3373 1 0
3374 1 0
3375 1 0
3376 1 0
3377 1 0
3378 1 0
3379 1 0
3380 1 0
3381 1 0
3382 1 0
3383 1 0
3384 1 0
3385 1 0
3386 1 0
3387 1 0
3388 1 0
3389 1 0
3390 1 0
3391 1 0
3392 1 0
3393 1 0
3394 1 0
3395 1 0
3396 1 0
3397 1 0
3398 1 0
3399 1 0
3400 1 0
3401 1 0
3402 1 0
3403 1 0
3404 1 0
3405 1 0
3406 1 0
3407 1 0
3408 1 0
3409 1 0
3410 1 0
3411 1 0
3412 1 0
3413 1 0
3414 1 0
3415 1 0
3416 1 0
3417 1 0
3418 1 0
3419 1 0
3420 1 0
3421 1 0
3422 1 0
3423 1 0
3424 1 0
3425 1 0
3426 1 0
3427 1 0
3428 1 0
3429 1 0
3430 1 0
3431 1 0
3432 1 0
3433 1 0
3434 1 0
3435 1 0
3436 1 0
3437 1 0
3438 1 0
3439 1 0
3440 1 0
3441 1 0
3442 1 0
3443 1 0
3444 1 0
3445 1 0
3446 1 0
3447 1 0
3448 1 0
3449 1 0
3450 1 0
3451 1 0
3452 1 0
3453 1 0
3454 1 0
3455 1 0
3456 1 0
3457 1 0
3458 1 0
3459 1 0
3460 1 0
3461 1 0
3462 1 0
3463 1 0
3464 1 0
3465 1 0
3466 1 0
3467 1 0
3468 1 0
3469 1 0
3470 1 0
3471 1 0
3472 1 0
3473 1 0
3474 1 0
3475 1 0
3476 1 0
3477 1 0
3478 1 0
3479 1 0
3480 1 0
3481 1 0
3482 1 0
3483 1 0
3484 1 0
3485 1 0
3486 1 0
3487 1 0
3488 1 0
3489 1 0
3490 1 0
3491 1 0
3492 1 0
3493 1 0
3494 1 0
3495 1 0
3496 1 0
3497 1 0
3498 1 0
3499 1 0
3500 1 0
3501 1 0
3502 1 0
3503 1 0
3504 1 0
3505 1 0
3506 1 0
3507 1 0
3508 1 0
3509 1 0
3510 1 0
3511 1 0
3512 1 0
3513 1 0
3514 1 0
3515 1 0
3516 1 0
3517 1 0
3518 1 0
3519 1 0
3520 1 0
3521 1 0
3522 1 0
3523 1 0
3524 1 0
3525 1 0
3526 1 0
3527 1 0
3528 1 0
3529 1 0
3530 1 0
3531 1 0
3532 1 0
3533 1 0
3534 1 0
3535 1 0
3536 1 0
3537 1 0
3538 1 0
3539 1 0
3540 1 0
3541 1 0
3542 1 0
3543 1 0
3544 1 0
3545 1 0
3546 1 0
3547 1 0
3548 1 0
3549 1 0
3550 1 0
3551 1 0
3552 1 0
3553 1 0
3554 1 0
3555 1 0
3556 1 0
3557 1 0
3558 1 0
3559 1 0
3560 1 0
3561 1 0
3562 1 0
3563 1 0
3564 1 0
3565 1 0
3566 1 0
3567 1 0
3568 1 0
3569 1 0
3570 1 0
3571 1 0
3572 1 0
3573 1 0
3574 1 0
3575 1 0
3576 1 0
3577 1 0
3578 1 0
3579 1 0
3580 1 0
3581 1 0
3582 1 0
3583 1 0
3584 1 0
3585 1 0
3586 1 0
3587 1 0
3588 1 0
3589 1 0
3590 1 0
3591 1 0
3592 1 0
3593 1 0
3594 1 0
3595 1 0
3596 1 0
3597 1 0
3598 1 0
3599 1 0
3600 1 0
3601 1 0
3602 1 0
3603 1 0
3604 1 0
3605 1 0
3606 1 0
3607 1 0
3608 1 0
3609 1 0
3610 1 0
3611 1 0
3612 1 0
3613 1 0
3614 1 0
3615 1 0
3616 1 0
3617 1 0
3618 1 0
3619 1 0
3620 1 0
3621 1 0
3622 1 0
3623 1 0
3624 1 0
3625 1 0
3626 1 0
3627 1 0
3628 1 0
3629 1 0
3630 1 0
3631 1 0
3632 1 0
3633 1 0
3634 1 0
3635 1 0
3636 1 0
3637 1 0
3638 1 0
3639 1 0
3640 1 0
3641 1 0
3642 1 0
3643 1 0
3644 1 0
3645 1 0
3646 1 0
3647 1 0
3648 1 0
3649 1 0
3650 1 0
3651 1 0
3652 1 0
3653 1 0
3654 1 0
3655 1 0
3656 1 0
3657 1 0
3658 1 0
3659 1 0
3660 1 0
3661 1 0
3662 1 0
3663 1 0
3664 1 0
3665 1 0
3666 1 0
3667 1 0
3668 1 0
3669 1 0
3670 1 0
3671 1 0
3672 1 0
3673 1 0
3674 1 0
3675 1 0
3676 1 0
3677 1 0
3678 1 0
3679 1 0
3680 1 0
3681 1 0
3682 1 0
3683 1 0
3684 1 0
3685 1 0
3686 1 0
3687 1 0
3688 1 0
3689 1 0
3690 1 0
3691 1 0
3692 1 0
3693 1 0
3694 1 0
3695 1 0
3696 1 0
3697 1 0
3698 1 0
3699 1 0
3700 1 0
3701 1 0
3702 1 0
3703 1 0
3704 1 0
3705 1 0
3706 1 0
3707 1 0
3708 1 0
3709 1 0
3710 1 0
3711 1 0
3712 1 0
3713 1 0
3714 1 0
3715 1 0
3716 1 0
3717 1 0
3718 1 0
3719 1 0
3720 1 0
3721 1 0
3722 1 0
3723 1 0
3724 1 0
3725 1 0
3726 1 0
3727 1 0
3728 1 0
3729 1 0
3730 1 0
3731 1 0
3732 1 0
3733 1 0
3734 1 0
3735 1 0
3736 1 0
3737 1 0
3738 1 0
3739 1 0
3740 1 0
3741 1 0
3742 1 0
3743 1 0
3744 1 0
3745 1 0
3746 1 0
3747 1 0
3748 1 0
3749 1 0
3750 1 0
3751 1 0
3752 1 0
3753 1 0
3754 1 0
3755 1 1
3756 1 1
3757 1 1
3758 1 1
3759 1 1
3760 1 1
3761 1 1
3762 1 1
3763 1 1
3764 1 1
3765 1 1
3766 1 1
3767 1 1
3768 1 1
3769 1 1
3770 1 1
3771 1 1
3772 1 1
3773 1 1
3774 1 1
3775 1 1
3776 1 1
3777 1 1
3778 1 1
3779 1 1
3780 1 1
3781 1 1
3782 1 1
3783 1 1
3784 1 1
3785 1 1
3786 1 1
3787 1 1
3788 1 1
3789 1 1
3790 1 1
3791 1 1
3792 1 1
3793 1 1
3794 1 1
3795 1 1
3796 1 1
3797 1 1
3798 1 1
3799 1 1
3800 1 1
3801 1 1
3802 1 1
3803 1 1
3804 1 1
3805 1 1
3806 1 1
3807 1 1
3808 1 1
3809 1 1
3810 1 1
3811 1 1
3812 1 1
3813 1 1
3814 1 1
3815 1 1
3816 1 1
3817 1 1
3818 1 1
3819 1 1
3820 1 1
3821 1 1
3822 1 1
3823 1 1
3824 1 1
3825 1 1
3826 1 1
3827 1 1
3828 1 1
3829 1 1
3830 1 1
3831 1 1
3832 1 1
3833 1 1
3834 1 1
3835 1 1
3836 1 1
3837 1 1
3838 1 1
3839 1 1
3840 1 1
3841 1 1
3842 1 1
3843 1 1
3844 1 1
3845 1 1
3846 1 1
3847 1 1
3848 1 1
3849 1 1
3850 1 1
3851 1 1
3852 1 1
3853 1 1
3854 1 1
3855 1 1
3856 1 1
3857 1 1
3858 1 1
3859 1 1
3860 1 1
3861 1 1
3862 1 1
3863 1 1
3864 1 1
3865 1 1
3866 1 1
3867 1 1
3868 1 1
3869 1 1
3870 1 1
3871 1 1
3872 1 1
3873 1 1
3874 1 1
3875 1 1
3876 1 1
3877 1 1
3878 1 1
3879 1 1
3880 1 1
3881 1 1
3882 1 1
3883 1 1
3884 1 1
3885 1 1
3886 1 1
3887 1 1
3888 1 1
3889 1 1
3890 1 1
3891 1 1
3892 1 1
3893 1 1
3894 1 1
3895 1 1
3896 1 1
3897 1 1
3898 1 1
3899 1 1
3900 1 1
3901 1 1
3902 1 1
3903 1 1
3904 1 1
3905 1 1
3906 1 1
3907 1 1
3908 1 1
3909 1 1
3910 1 1
3911 1 1
3912 1 1
3913 1 1
3914 1 1
3915 1 1
3916 1 1
3917 1 1
3918 1 1
3919 1 1
3920 1 1
3921 1 1
3922 1 1
3923 1 1
3924 1 1
3925 1 1
3926 1 1
3927 1 1
3928 1 1
3929 1 1
3930 1 1
3931 1 1
3932 1 1
3933 1 1
3934 1 1
3935 1 1
3936 1 1
3937 1 1
3938 1 1
3939 1 1
3940 1 1
3941 1 1
3942 1 1
3943 1 1
3944 1 1
3945 1 1
3946 1 1
3947 1 1
3948 1 1
3949 1 1
3950 1 1
3951 1 1
3952 1 1
3953 1 1
3954 1 1
3955 1 1
3956 1 1
3957 1 1
3958 1 1
3959 1 1
3960 1 1
3961 1 1
3962 1 1
3963 1 1
3964 1 1
3965 1 1
3966 1 1
3967 1 1
3968 1 1
3969 1 1
3970 1 1
3971 1 1
3972 1 1
3973 1 1
3974 1 1
3975 1 1
3976 1 1
3977 1 1
3978 1 1
3979 1 1
3980 1 1
3981 1 1
3982 1 1
3983 1 1
3984 1 1
3985 1 1
3986 1 1
3987 1 1
3988 1 1
3989 1 1
3990 1 1
3991 1 1
3992 1 1
3993 1 1
3994 1 1
3995 1 1
3996 1 1
3997 1 1
3998 1 1
3999 1 1
4000 1 1
4001 1 1
4002 1 1
4003 1 1
4004 1 1
4005 1 1
4006 1 1
4007 1 1
4008 1 1
4009 1 1
4010 1 1
4011 1 1
4012 1 1
4013 1 1
4014 1 1
4015 1 1
4016 1 1
4017 1 1
4018 1 1
4019 1 1
4020 1 1
4021 1 1
4022 1 1
4023 1 1
4024 1 1
4025 1 1
4026 1 1
4027 1 1
4028 1 1
4029 1 1
4030 1 1
4031 1 1
4032 1 1
4033 1 1
4034 1 1
4035 1 1
4036 1 1
4037 1 1
4038 1 1
4039 1 1
4040 1 1
4041 1 1
4042 1 1
4043 1 1
4044 1 1
4045 1 1
4046 1 1
4047 1 1
4048 1 1
4049 1 1
4050 1 1
4051 1 1
4052 1 1
4053 1 1
4054 1 1
4055 1 1
4056 1 1
4057 1 1
4058 1 1
4059 1 1
4060 1 1
4061 1 1
4062 1 1
4063 1 1
4064 1 1
4065 1 1
4066 1 1
4067 1 1
4068 1 1
4069 1 1
4070 1 1
4071 1 1
4072 1 1
4073 1 1
4074 1 1
4075 1 1
4076 1 1
4077 1 1
4078 1 1
4079 1 1
4080 1 1
4081 1 1
4082 1 1
4083 1 1
4084 1 1
4085 1 1
4086 1 1
4087 1 1
4088 1 1
4089 1 1
4090 1 1
4091 1 1
4092 1 1
4093 1 1
4094 1 1
4095 1 1
4096 1 1
4097 1 1
4098 1 1
4099 1 1
4100 1 1
4101 1 1
4102 1 1
4103 1 1
4104 1 1
4105 1 1
4106 1 1
4107 1 1
4108 1 1
4109 1 1
4110 1 1
4111 1 1
4112 1 1
4113 1 1
4114 1 1
4115 1 1
4116 1 1
4117 1 1
4118 1 1
4119 1 1
4120 1 1
4121 1 1
4122 1 1
4123 1 1
4124 1 1
4125 1 1
4126 1 1
4127 1 1
4128 1 1
4129 1 1
4130 1 1
4131 1 1
4132 1 1
4133 1 1
4134 1 1
4135 1 1
4136 1 1
4137 1 1
4138 1 1
4139 1 1
4140 1 1
4141 1 1
4142 1 1
4143 1 1
4144 1 1
4145 1 1
4146 1 1
4147 1 1
4148 1 1
4149 1 1
4150 1 1
4151 1 1
4152 1 1
4153 1 1
4154 1 1
4155 1 1
4156 1 1
4157 1 1
4158 1 1
4159 1 1
4160 1 1
4161 1 1
4162 1 1
4163 1 1
4164 1 1
4165 1 1
4166 1 1
4167 1 1
4168 1 1
4169 1 1
4170 1 1
4171 1 1
4172 1 1
4173 1 1
4174 1 1
4175 1 1
4176 1 1
4177 1 1
4178 1 1
4179 1 1
4180 1 1
4181 1 1
4182 1 1
4183 1 1
4184 1 1
4185 1 1
4186 1 1
4187 1 1
4188 1 1
4189 1 1
4190 1 1
4191 1 1
4192 1 1
4193 1 1
4194 1 1
4195 1 1
4196 1 1
4197 1 1
4198 1 1
4199 1 1
4200 1 1
4201 1 1
4202 1 1
4203 1 1
4204 1 1
4205 1 1
4206 1 1
4207 1 1
4208 1 1
4209 1 1
4210 1 1
4211 1 1
4212 1 1
4213 1 1
4214 1 1
4215 1 1
4216 1 1
4217 1 1
4218 1 1
4219 1 1
4220 1 1
4221 1 1
4222 1 1
4223 1 1
4224 1 1
4225 1 1
4226 1 1
4227 1 1
4228 1 1
4229 1 1
4230 1 1
4231 1 1
4232 1 1
4233 1 1
4234 1 1
4235 1 1
4236 1 1
4237 1 1
4238 1 1
4239 1 1
4240 1 1
4241 1 1
4242 1 1
4243 1 1
4244 1 1
4245 1 1
4246 1 1
4247 1 1
4248 1 1
4249 1 1
4250 1 1
4251 1 1
4252 1 1
4253 1 1
4254 1 1
4255 1 1
4256 1 1
4257 1 1
4258 1 1
4259 1 1
4260 1 1
4261 1 1
4262 1 1
4263 1 1
4264 1 1
4265 1 1
4266 1 1
4267 1 1
4268 1 1
4269 1 1
4270 1 1
4271 1 1
4272 1 1
4273 1 1
4274 1 1
4275 1 1
4276 1 1
4277 1 1
4278 1 1
4279 1 1
4280 1 1
4281 1 1
4282 1 1
4283 1 1
4284 1 1
4285 1 1
4286 1 1
4287 1 1
4288 1 1
4289 1 1
4290 1 1
4291 1 1
4292 1 1
4293 1 1
4294 1 1
4295 1 1
4296 1 1
4297 1 1
4298 1 1
4299 1 1
4300 1 1
4301 1 1
4302 1 1
4303 1 1
4304 1 1
4305 1 1
4306 1 1
4307 1 1
4308 1 1
4309 1 1
4310 1 1
4311 1 1
4312 1 1
4313 1 1
4314 1 1
4315 1 1
4316 1 1
4317 1 1
4318 1 1
4319 1 1
4320 1 1
4321 1 1
4322 1 1
4323 1 1
4324 1 1
4325 1 1
4326 1 1
4327 1 1
4328 1 1
4329 1 1
4330 1 1
4331 1 1
4332 1 1
4333 1 1
4334 1 1
4335 1 1
4336 1 1
4337 1 1
4338 1 1
4339 1 1
4340 1 1
4341 1 1
4342 1 1
4343 1 1
4344 1 1
4345 1 1
4346 1 1
4347 1 1
4348 1 1
4349 1 1
4350 1 1
4351 1 1
4352 1 1
4353 1 1
4354 1 1
4355 1 1
4356 1 1
4357 1 1
4358 1 1
4359 1 1
4360 1 1
4361 1 1
4362 1 1
4363 1 1
4364 1 1
4365 1 1
4366 1 1
4367 1 1
4368 1 1
4369 1 1
4370 1 1
4371 1 1
4372 1 1
4373 1 1
4374 1 1
4375 1 1
4376 1 1
4377 1 1
4378 1 1
4379 1 1
4380 1 1
4381 1 1
4382 1 1
4383 1 1
4384 1 1
4385 1 1
4386 1 1
4387 1 1
4388 1 1
4389 1 1
4390 1 1
4391 1 1
4392 1 1
4393 1 1
4394 1 1
4395 1 1
4396 1 1
4397 1 1
4398 1 1
4399 1 1
4400 1 1
4401 1 1
4402 1 1
4403 1 1
4404 1 1
4405 1 1
4406 1 1
4407 1 1
4408 1 1
4409 1 1
4410 1 1
4411 1 1
4412 1 1
4413 1 1
4414 1 1
4415 1 1
4416 1 1
4417 1 1
4418 1 1
4419 1 1
4420 1 1
4421 1 1
4422 1 1
4423 1 1
4424 1 1
4425 1 1
4426 1 1
4427 1 1
4428 1 1
4429 1 1
4430 1 1
4431 1 1
4432 1 1
4433 1 1
4434 1 1
4435 1 1
4436 1 1
4437 1 1
4438 1 1
4439 1 1
4440 1 1
4441 1 1
4442 1 1
4443 1 1
4444 1 1
4445 1 1
4446 1 1
4447 1 1
4448 1 1
4449 1 1
4450 1 1
4451 1 1
4452 1 1
4453 1 1
4454 1 1
4455 1 1
4456 1 1
4457 1 1
4458 1 1
4459 1 1
4460 1 1
4461 1 1
4462 1 1
4463 1 1
4464 1 1
4465 1 1
4466 1 1
4467 1 1
4468 1 1
4469 1 1
4470 1 1
4471 1 1
4472 1 1
4473 1 1
4474 1 1
4475 1 1
4476 1 1
4477 1 1
4478 1 1
4479 1 1
4480 1 1
4481 1 1
4482 1 1
4483 1 1
4484 1 1
4485 1 1
4486 1 1
4487 1 1
4488 1 1
4489 1 1
4490 1 1
4491 1 1
4492 1 1
4493 1 1
4494 1 1
4495 1 1
4496 1 1
4497 1 1
4498 1 1
4499 1 1
4500 1 1
4501 1 1
4502 1 1
4503 1 1
4504 1 1
4505 1 1
4506 1 1
4507 1 1
4508 1 1
4509 1 1
4510 1 1
4511 1 1
4512 1 1
4513 1 1
4514 1 1
4515 1 1
4516 1 1
4517 1 1
4518 1 1
4519 1 1
4520 1 1
4521 1 1
4522 1 1
4523 1 1
4524 1 1
4525 1 1
4526 1 1
4527 1 1
4528 1 1
4529 1 1
4530 1 1
4531 1 1
4532 1 1
4533 1 1
4534 1 1
4535 1 1
4536 1 1
4537 1 1
4538 1 1
4539 1 1
4540 1 1
4541 1 1
4542 1 1
4543 1 1
4544 1 1
4545 1 1
4546 1 1
4547 1 1
4548 1 1
4549 1 1
4550 1 1
4551 1 1
4552 1 1
4553 1 1
4554 1 1
4555 1 1
4556 1 1
4557 1 1
4558 1 1
4559 1 1
4560 1 1
4561 1 1
4562 1 1
4563 1 1
4564 1 1
4565 1 1
4566 1 1
4567 1 1
4568 1 1
4569 1 1
4570 1 1
4571 1 1
4572 1 1
4573 1 1
4574 1 1
4575 1 1
4576 1 1
4577 1 1
4578 1 1
4579 1 1
4580 1 1
4581 1 1
4582 1 1
4583 1 1
4584 1 1
4585 1 1
4586 1 1
4587 1 1
4588 1 1
4589 1 1
4590 1 1
4591 1 1
4592 1 1
4593 1 1
4594 1 1
4595 1 1
4596 1 1
4597 1 1
4598 1 1
4599 1 1
4600 1 1
4601 1 1
4602 1 1
4603 1 1
4604 1 1
4605 1 1
4606 1 1
4607 1 1
4608 1 1
4609 1 1
4610 1 1
4611 1 1
4612 1 1
4613 1 1
4614 1 1
4615 1 1
4616 1 1
4617 1 1
4618 1 1
4619 1 1
4620 1 1
4621 1 1
4622 1 1
4623 1 1
4624 1 1
4625 1 1
4626 1 1
4627 1 1
4628 1 1
4629 1 1
4630 1 1
4631 1 1
4632 1 1
4633 1 1
4634 1 1
4635 1 1
4636 1 1
4637 1 1
4638 1 1
4639 1 1
4640 1 1
4641 1 1
4642 1 1
4643 1 1
4644 1 1
4645 1 1
4646 1 1
4647 1 1
4648 1 1
4649 1 1
4650 1 1
4651 1 1
4652 1 1
4653 1 1
4654 1 1
4655 1 1
4656 1 1
4657 1 1
4658 1 1
4659 1 1
4660 1 1
4661 1 1
4662 1 1
4663 1 1
4664 1 1
4665 1 1
4666 1 1
4667 1 1
4668 1 1
4669 1 1
4670 1 1
4671 1 1
4672 1 1
4673 1 1
4674 1 1
4675 1 1
4676 1 1
4677 1 1
4678 1 1
4679 1 1
4680 1 1
4681 1 1
4682 1 1
4683 1 1
4684 1 1
4685 1 1
4686 1 1
4687 1 1
4688 1 1
4689 1 1
4690 1 1
4691 1 1
4692 1 1
4693 1 1
4694 1 1
4695 1 1
4696 1 1
4697 1 1
4698 1 1
4699 1 1
4700 1 1
4701 1 1
4702 1 1
4703 1 1
4704 1 1
4705 1 1
4706 1 1
4707 1 1
4708 1 1
4709 1 1
4710 1 1
4711 1 1
4712 1 1
4713 1 1
4714 1 1
4715 1 1
4716 1 1
4717 1 1
4718 1 1
4719 1 1
4720 1 1
4721 1 1
4722 1 1
4723 1 1
4724 1 1
4725 1 1
4726 1 1
4727 1 1
4728 1 1
4729 1 1
4730 1 1
4731 1 1
4732 1 1
4733 1 1
4734 1 1
4735 1 1
4736 1 1
4737 1 1
4738 1 1
4739 1 1
4740 1 1
4741 1 1
4742 1 1
4743 1 1
4744 1 1
4745 1 1
4746 1 1
4747 1 1
4748 1 1
4749 1 1
4750 1 1
4751 1 1
4752 1 1
4753 1 1
4754 1 1
4755 1 1
4756 1 1
4757 1 1
4758 1 1
4759 1 1
4760 1 1
4761 1 1
4762 1 1
4763 1 1
4764 1 1
4765 1 1
4766 1 1
4767 1 1
4768 1 1
4769 1 1
4770 1 1
4771 1 1
4772 1 1
4773 1 1
4774 1 1
4775 1 1
4776 1 1
4777 1 1
4778 1 1
4779 1 1
4780 1 1
4781 1 1
4782 1 1
4783 1 1
4784 1 1
4785 1 1
4786 1 1
4787 1 1
4788 1 1
4789 1 1
4790 1 1
4791 1 1
4792 1 1
4793 1 1
4794 1 1
4795 1 1
4796 1 1
4797 1 1
4798 1 1
4799 1 1
4800 1 1
4801 1 1
4802 1 1
4803 1 1
4804 1 1
4805 1 1
4806 1 1
4807 1 1
4808 1 1
4809 1 1
4810 1 1
4811 1 1
4812 1 1
4813 1 1
4814 1 1
4815 1 1
4816 1 1
4817 1 1
4818 1 1
4819 1 1
4820 1 1
4821 1 1
4822 1 1
4823 1 1
4824 1 1
4825 1 1
4826 1 1
4827 1 1
4828 1 1
4829 1 1
4830 1 1
4831 1 1
4832 1 1
4833 1 1
4834 1 1
4835 1 1
4836 1 1
4837 1 1
4838 1 1
4839 1 1
4840 1 1
4841 1 1
4842 1 1
4843 1 1
4844 1 1
4845 1 1
4846 1 1
4847 1 1
4848 1 1
4849 1 1
4850 1 1
4851 1 1
4852 1 1
4853 1 1
4854 1 1
4855 1 1
4856 1 1
4857 1 1
4858 1 1
4859 1 1
4860 1 1
4861 1 1
4862 1 1
4863 1 1
4864 1 1
4865 1 1
4866 1 1
4867 1 1
4868 1 1
4869 1 1
4870 1 1
4871 1 1
4872 1 1
4873 1 1
4874 1 1
4875 1 1
4876 1 1
4877 1 1
4878 1 1
4879 1 1
4880 1 1
4881 1 1
4882 1 1
4883 1 1
4884 1 1
4885 1 1
4886 1 1
4887 1 1
4888 1 1
4889 1 1
4890 1 1
4891 1 1
4892 1 1
4893 1 1
4894 1 1
4895 1 1
4896 1 1
4897 1 1
4898 1 1
4899 1 1
4900 1 1
4901 1 1
4902 1 1
4903 1 1
4904 1 1
4905 1 1
4906 1 1
4907 1 1
4908 1 1
4909 1 1
4910 1 1
4911 1 1
4912 1 1
4913 1 1
4914 1 1
4915 1 1
4916 1 1
4917 1 1
4918 1 1
4919 1 1
4920 1 1
4921 1 1
4922 1 1
4923 1 1
4924 1 1
4925 1 1
4926 1 1
4927 1 1
4928 1 1
4929 1 1
4930 1 1
4931 1 1
4932 1 1
4933 1 1
4934 1 1
4935 1 1
4936 1 1
4937 1 1
4938 1 1
4939 1 1
4940 1 1
4941 1 1
4942 1 1
4943 1 1
4944 1 1
4945 1 1
4946 1 1
4947 1 1
4948 1 1
4949 1 1
4950 1 1
4951 1 1
4952 1 1
4953 1 1
4954 1 1
4955 1 1
4956 1 1
4957 1 1
4958 1 1
4959 1 1
4960 1 1
4961 1 1
4962 1 1
4963 1 1
4964 1 1
4965 1 1
4966 1 1
4967 1 1
4968 1 1
4969 1 1
4970 1 1
4971 1 1
4972 1 1
4973 1 1
4974 1 1
4975 1 1
4976 1 1
4977 1 1
4978 1 1
4979 1 1
4980 1 1
4981 1 1
4982 1 1
4983 1 1
4984 1 1
4985 1 1
4986 1 1
4987 1 1
4988 1 1
4989 1 1
4990 1 1
4991 1 1
4992 1 1
4993 1 1
4994 1 1
4995 1 1
4996 1 1
4997 1 1
4998 1 1
4999 1 1
5000 1 1
5001 1 1
5002 1 1
5003 1 1
5004 1 1
5005 1 1
5006 1 1
5007 1 1
5008 1 1
5009 1 1
5010 1 1
5011 1 1
5012 1 1
5013 1 1
5014 1 1
5015 1 1
5016 1 1
5017 1 1
5018 1 1
5019 1 1
5020 1 1
5021 1 1
5022 1 1
5023 1 1
5024 1 1
5025 1 1
5026 1 1
5027 1 1
5028 1 1
5029 1 1
5030 1 1
5031 1 1
5032 1 1
5033 1 1
5034 1 1
5035 1 1
5036 1 1
5037 1 1
5038 1 1
5039 1 1
5040 1 1
5041 1 1
5042 1 1
5043 1 1
5044 1 1
5045 1 1
5046 1 1
5047 1 1
5048 1 1
5049 1 1
5050 1 1
5051 1 1
5052 1 1
5053 1 1
5054 1 1
5055 1 1
5056 1 1
5057 1 1
5058 1 1
5059 1 1
5060 1 1
5061 1 1
5062 1 1
5063 1 1
5064 1 1
5065 1 1
5066 1 1
5067 1 1
5068 1 1
5069 1 1
5070 1 1
5071 1 1
5072 1 1
5073 1 1
5074 1 1
5075 1 1
5076 1 1
5077 1 1
5078 1 1
5079 1 1
5080 1 1
5081 1 1
5082 1 1
5083 1 1
5084 1 1
5085 1 1
5086 1 1
5087 1 1
5088 1 1
5089 1 1
5090 1 1
5091 1 1
5092 1 1
5093 1 1
5094 1 1
5095 1 1
5096 1 1
5097 1 1
5098 1 1
5099 1 1
5100 1 1
5101 1 1
5102 1 1
5103 1 1
5104 1 1
5105 1 1
5106 1 1
5107 1 1
5108 1 1
5109 1 1
5110 1 1
5111 1 1
5112 1 1
5113 1 1
5114 1 1
5115 1 1
5116 1 1
5117 1 1
5118 1 1
5119 1 1
5120 1 1
5121 1 1
5122 1 1
5123 1 1
5124 1 1
5125 1 1
5126 1 1
5127 1 1
5128 1 1
5129 1 1
5130 1 1
5131 1 1
5132 1 1
5133 1 1
5134 1 1
5135 1 1
5136 1 1
5137 1 1
5138 1 1
5139 1 1
5140 1 1
5141 1 1
5142 1 1
5143 1 1
5144 1 1
5145 1 1
5146 1 1
5147 1 1
5148 1 1
5149 1 1
5150 1 1
5151 1 1
5152 1 1
5153 1 1
5154 1 1
5155 1 1
5156 1 1
5157 1 1
5158 1 1
5159 1 1
5160 1 1
5161 1 1
5162 1 1
5163 1 1
5164 1 1
5165 1 1
5166 1 1
5167 1 1
5168 1 1
5169 1 1
5170 1 1
5171 1 1
5172 1 1
5173 1 1
5174 1 1
5175 1 1
5176 1 1
5177 1 1
5178 1 1
5179 1 1
5180 1 1
5181 1 1
5182 1 1
5183 1 1
5184 1 1
5185 1 1
5186 1 1
5187 1 1
5188 1 1
5189 1 1
5190 1 1
5191 1 1
5192 1 1
5193 1 1
5194 1 1
5195 1 1
5196 1 1
5197 1 1
5198 1 1
5199 1 1
5200 1 1
5201 1 1
5202 1 1
5203 1 1
5204 1 1
5205 1 1
5206 1 1
5207 1 1
5208 1 1
5209 1 1
5210 1 1
5211 1 1
5212 1 1
5213 1 1
5214 1 1
5215 1 1
5216 1 1
5217 1 1
5218 1 1
5219 1 1
5220 1 1
5221 1 1
5222 1 1
5223 1 1
5224 1 1
5225 1 1
5226 1 1
5227 1 1
5228 1 1
5229 1 1
5230 1 1
5231 1 1
5232 1 1
5233 1 1
5234 1 1
5235 1 1
5236 1 1
5237 1 1
5238 1 1
5239 1 1
5240 1 1
5241 1 1
5242 1 1
5243 1 1
5244 1 1
5245 1 1
5246 1 1
5247 1 1
5248 1 1
5249 1 1
5250 1 1
5251 1 1
5252 1 1
5253 1 1
5254 1 1
5255 1 1
5256 1 1
5257 1 1
5258 1 1
5259 1 1
5260 1 1
5261 1 1
5262 1 1
5263 1 1
5264 1 1
5265 1 1
5266 1 1
5267 1 1
5268 1 1
5269 1 1
5270 1 1
5271 1 1
5272 1 1
5273 1 1
5274 1 1
5275 1 1
5276 1 1
5277 1 1
5278 1 1
5279 1 1
5280 1 1
5281 1 1
5282 1 1
5283 1 1
5284 1 1
5285 1 1
5286 1 1
5287 1 1
5288 1 1
5289 1 1
5290 1 1
5291 1 1
5292 1 1
5293 1 1
5294 1 1
5295 1 1
5296 1 1
5297 1 1
5298 1 1
5299 1 1
5300 1 1
5301 1 1
5302 1 1
5303 1 1
5304 1 1
5305 1 1
5306 1 1
5307 1 1
5308 1 1
5309 1 1
5310 1 1
5311 1 1
5312 1 1
5313 1 1
5314 1 1
5315 1 1
5316 1 1
5317 1 1
5318 1 1
5319 1 1
5320 1 1
5321 1 1
5322 1 1
5323 1 1
5324 1 1
5325 1 1
5326 1 1
5327 1 1
5328 1 1
5329 1 1
5330 1 1
5331 1 1
5332 1 1
5333 1 1
5334 1 1
5335 1 1
5336 1 1
5337 1 1
5338 1 1
5339 1 1
5340 1 1
5341 1 1
5342 1 1
5343 1 1
5344 1 1
5345 1 1
5346 1 1
5347 1 1
5348 1 1
5349 1 1
5350 1 1
5351 1 1
5352 1 1
5353 1 1
5354 1 1
5355 1 1
5356 1 1
5357 1 1
5358 1 1
5359 1 1
5360 1 1
5361 1 1
5362 1 1
5363 1 1
5364 1 1
5365 1 1
5366 1 1
5367 1 1
5368 1 1
5369 1 1
5370 1 1
5371 1 1
5372 1 1
5373 1 1
5374 1 1
5375 1 1
5376 1 1
5377 1 1
5378 1 1
5379 1 1
5380 1 1
5381 1 1
5382 1 1
5383 1 1
5384 1 1
5385 1 1
5386 1 1
5387 1 1
5388 1 1
5389 1 1
5390 1 1
5391 1 1
5392 1 1
5393 1 1
5394 1 1
5395 1 1
5396 1 1
5397 1 1
5398 1 1
5399 1 1
5400 1 1
5401 1 1
5402 1 1
5403 1 1
5404 1 1
5405 1 1
5406 1 1
5407 1 1
5408 1 1
5409 1 1
5410 1 1
5411 1 1
5412 1 1
5413 1 1
5414 1 1
5415 1 1
5416 1 1
5417 1 1
5418 1 1
5419 1 1
5420 1 1
5421 1 1
5422 1 1
5423 1 1
5424 1 1
5425 1 1
5426 1 1
5427 1 1
5428 1 1
5429 1 1
5430 1 1
5431 1 1
5432 1 1
5433 1 1
5434 1 1
5435 1 1
5436 1 1
5437 1 1
5438 1 1
5439 1 1
5440 1 1
5441 1 1
5442 1 1
5443 1 1
5444 1 1
5445 1 1
5446 1 1
5447 1 1
5448 1 1
5449 1 1
5450 1 1
5451 1 1
5452 1 1
5453 1 1
5454 1 1
5455 1 1
5456 1 1
5457 1 1
5458 1 1
5459 1 1
5460 1 1
5461 1 1
5462 1 1
5463 1 1
5464 1 1
5465 1 1
5466 1 1
5467 1 1
5468 1 1
5469 1 1
5470 1 1
5471 1 1
5472 1 1
5473 1 1
5474 1 1
5475 1 1
5476 1 1
5477 1 1
5478 1 1
5479 1 1
5480 1 1
5481 1 1
5482 1 1
5483 1 1
5484 1 1
5485 1 1
5486 1 1
5487 1 1
5488 1 1
5489 1 1
5490 1 1
5491 1 1
5492 1 1
5493 1 1
5494 1 1
5495 1 1
5496 1 1
5497 1 1
5498 1 1
5499 1 1
5500 1 1
5501 1 1
5502 1 1
5503 1 1
5504 1 1
5505 1 1
5506 1 1
5507 1 1
5508 1 1
5509 1 1
5510 1 1
5511 1 1
5512 1 1
5513 1 1
5514 1 1
5515 1 1
5516 1 1
5517 1 1
5518 1 1
5519 1 1
5520 1 1
5521 1 1
5522 1 1
5523 1 1
5524 1 1
5525 1 1
5526 1 1
5527 1 1
5528 1 1
5529 1 1
5530 1 1
5531 1 1
5532 1 1
5533 1 1
5534 1 1
5535 1 1
5536 1 1
5537 1 1
5538 1 1
5539 1 1
5540 1 1
5541 1 1
5542 1 1
5543 1 1
5544 1 1
5545 1 1
5546 1 1
5547 1 1
5548 1 1
5549 1 1
5550 1 1
5551 1 1
5552 1 1
5553 1 1
5554 1 1
5555 1 1
5556 1 1
5557 1 1
5558 1 1
5559 1 1
5560 1 1
5561 1 1
5562 1 1
5563 1 1
5564 1 1
5565 1 1
5566 1 1
5567 1 1
5568 1 1
5569 1 1
5570 1 1
5571 1 1
5572 1 1
5573 1 1
5574 1 1
5575 1 1
5576 1 1
5577 1 1
5578 1 1
5579 1 1
5580 1 1
5581 1 1
5582 1 1
5583 1 1
5584 1 1
5585 1 1
5586 1 1
5587 1 1
5588 1 1
5589 1 1
5590 1 1
5591 1 1
5592 1 1
5593 1 1
5594 1 1
5595 1 1
5596 1 1
5597 1 1
5598 1 1
5599 1 1
5600 1 1
5601 1 1
5602 1 1
5603 1 1
5604 1 1
5605 1 1
5606 1 1
5607 1 1
5608 1 1
5609 1 1
5610 1 1
5611 1 1
5612 1 1
5613 1 1
5614 1 1
5615 1 1
5616 1 1
5617 1 1
5618 1 1
5619 1 1
5620 1 1
5621 1 1
5622 1 1
5623 1 1
5624 1 1
5625 1 1
5626 1 1
5627 1 1
5628 1 1
5629 1 1
5630 1 1
5631 1 1
5632 1 1
5633 1 1
5634 1 1
5635 1 1
5636 1 1
5637 1 1
5638 1 1
5639 1 1
5640 1 1
5641 1 1
5642 1 1
5643 1 1
5644 1 1
5645 1 1
5646 1 1
5647 1 1
5648 1 1
5649 1 1
5650 1 1
5651 1 1
5652 1 1
5653 1 1
5654 1 1
5655 1 1
5656 1 1
5657 1 1
5658 1 1
5659 1 1
5660 1 1
5661 1 1
5662 1 1
5663 1 1
5664 1 1
5665 1 1
5666 1 1
5667 1 1
5668 1 1
5669 1 1
5670 1 1
5671 1 1
5672 1 1
5673 1 1
5674 1 1
5675 1 1
5676 1 1
5677 1 1
5678 1 1
5679 1 1
5680 1 1
5681 1 1
5682 1 1
5683 1 1
5684 1 1
5685 1 1
5686 1 1
5687 1 1
5688 1 1
5689 1 1
5690 1 1
5691 1 1
5692 1 1
5693 1 1
5694 1 1
5695 1 1
5696 1 1
5697 1 1
5698 1 1
5699 1 1
5700 1 1
5701 1 1
5702 1 1
5703 1 1
5704 1 1
5705 1 1
5706 1 1
5707 1 1
5708 1 1
5709 1 1
5710 1 1
5711 1 1
5712 1 1
5713 1 1
5714 1 1
5715 1 1
5716 1 1
5717 1 1
5718 1 1
5719 1 1
5720 1 1
5721 1 1
5722 1 1
5723 1 1
5724 1 1
5725 1 1
5726 1 1
5727 1 1
5728 1 1
5729 1 1
5730 1 1
5731 1 1
5732 1 1
5733 1 1
5734 1 1
5735 1 1
5736 1 1
5737 1 1
5738 1 1
5739 1 1
5740 1 1
5741 1 1
5742 1 1
5743 1 1
5744 1 1
5745 1 1
5746 1 1
5747 1 1
5748 1 1
5749 1 1
5750 1 1
5751 1 1
5752 1 1
5753 1 1
5754 1 1
5755 1 1
5756 1 1
5757 1 1
5758 1 1
5759 1 1
5760 1 1
5761 1 1
5762 1 1
5763 1 1
5764 1 1
5765 1 1
5766 1 1
5767 1 1
5768 1 1
5769 1 1
5770 1 1
5771 1 1
5772 1 1
5773 1 1
5774 1 1
5775 1 1
5776 1 1
5777 1 1
5778 1 1
5779 1 1
5780 1 1
5781 1 1
5782 1 1
5783 1 1
5784 1 1
5785 1 1
5786 1 1
5787 1 1
5788 1 1
5789 1 1
5790 1 1
5791 1 1
5792 1 1
5793 1 1
5794 1 1
5795 1 1
5796 1 1
5797 1 1
5798 1 1
5799 1 1
5800 1 1
5801 1 1
5802 1 1
5803 1 1
5804 1 1
5805 1 1
5806 1 1
5807 1 1
5808 1 1
5809 1 1
5810 1 1
5811 1 1
5812 1 1
5813 1 1
5814 1 1
5815 1 1
5816 1 1
5817 1 1
5818 1 1
5819 1 1
5820 1 1
5821 1 1
5822 1 1
5823 1 1
5824 1 1
5825 1 1
5826 1 1
5827 1 1
5828 1 1
5829 1 1
5830 1 1
5831 1 1
5832 1 1
5833 1 1
5834 1 1
5835 1 1
5836 1 1
5837 1 1
5838 1 1
5839 1 1
5840 1 1
5841 1 1
5842 1 1
5843 1 1
5844 1 1
5845 1 1
5846 1 1
5847 1 1
5848 1 1
5849 1 1
5850 1 1
5851 1 1
5852 1 1
5853 1 1
5854 1 1
5855 1 1
5856 1 1
5857 1 1
5858 1 1
5859 1 1
5860 1 1
5861 1 1
5862 1 1
5863 1 1
5864 1 1
5865 1 1
5866 1 1
5867 1 1
5868 1 1
5869 1 1
5870 1 1
5871 1 1
5872 1 1
5873 1 1
5874 1 1
5875 1 1
5876 1 1
5877 1 1
5878 1 1
5879 1 1
5880 1 1
5881 1 1
5882 1 1
5883 1 1
5884 1 1
5885 1 1
5886 1 1
5887 1 1
5888 1 1
5889 1 1
5890 1 1
5891 1 1
5892 1 1
5893 1 1
5894 1 1
5895 1 1
5896 1 1
5897 1 1
5898 1 1
5899 1 1
5900 1 1
5901 1 1
5902 1 1
5903 1 1
5904 1 1
5905 1 1
5906 1 1
5907 1 1
5908 1 1
5909 1 1
5910 1 1
5911 1 1
5912 1 1
5913 1 1
5914 1 1
5915 1 1
5916 1 1
5917 1 1
5918 1 1
5919 1 1
5920 1 1
5921 1 1
5922 1 1
5923 1 1
5924 1 1
5925 1 1
5926 1 1
5927 1 1
5928 1 1
5929 1 1
5930 1 1
5931 1 1
5932 1 1
5933 1 1
5934 1 1
5935 1 1
5936 1 1
5937 1 1
5938 1 1
5939 1 1
5940 1 1
5941 1 1
5942 1 1
5943 1 1
5944 1 1
5945 1 1
5946 1 1
5947 1 1
5948 1 1
5949 1 1
5950 1 1
5951 1 1
5952 1 1
5953 1 1
5954 1 1
5955 1 1
5956 1 1
5957 1 1
5958 1 1
5959 1 1
5960 1 1
5961 1 1
5962 1 1
5963 1 1
5964 1 1
5965 1 1
5966 1 1
5967 1 1
5968 1 1
5969 1 1
5970 1 1
5971 1 1
5972 1 1
5973 1 1
5974 1 1
5975 1 1
5976 1 1
5977 1 1
5978 1 1
5979 1 1
5980 1 1
5981 1 1
5982 1 1
5983 1 1
5984 1 1
5985 1 1
5986 1 1
5987 1 1
5988 1 1
5989 1 1
5990 1 1
5991 1 1
5992 1 1
5993 1 1
5994 1 1
5995 1 1
5996 1 1
5997 1 1
5998 1 1
5999 1 1
6000 1 1
6001 1 1
6002 1 1
6003 1 1
6004 1 1
6005 1 1
6006 1 1
6007 1 1
6008 1 1
6009 1 1
6010 1 1
6011 1 1
6012 1 1
6013 1 1
6014 1 1
6015 1 1
6016 1 1
6017 1 1
6018 1 1
6019 1 1
6020 1 1
6021 1 1
6022 1 1
6023 1 1
6024 1 1
6025 1 1
6026 1 1
6027 1 1
6028 1 1
6029 1 1
6030 1 1
6031 1 1
6032 1 1
6033 1 1
6034 1 1
6035 1 1
6036 1 1
6037 1 1
6038 1 1
6039 1 1
6040 1 1
6041 1 1
6042 1 1
6043 1 1
6044 1 1
6045 1 1
6046 1 1
6047 1 1
6048 1 1
6049 1 1
6050 1 1
6051 1 1
6052 1 1
6053 1 1
6054 1 1
6055 1 1
6056 1 1
6057 1 1
6058 1 1
6059 1 1
6060 1 1
6061 1 1
6062 1 1
6063 1 1
6064 1 1
6065 1 1
6066 1 1
6067 1 1
6068 1 1
6069 1 1
6070 1 1
6071 1 1
6072 1 1
6073 1 1
6074 1 1
6075 1 1
6076 1 1
6077 1 1
6078 1 1
6079 1 1
6080 1 1
6081 1 1
6082 1 1
6083 1 1
6084 1 1
6085 1 1
6086 1 1
6087 1 1
6088 1 1
6089 1 1
6090 1 1
6091 1 1
6092 1 1
6093 1 1
6094 1 1
6095 1 1
6096 1 1
6097 1 1
6098 1 1
6099 1 1
6100 1 1
6101 1 1
6102 1 1
6103 1 1
6104 1 1
6105 1 1
6106 1 1
6107 1 1
6108 1 1
6109 1 1
6110 1 1
6111 1 1
6112 1 1
6113 1 1
6114 1 1
6115 1 1
6116 1 1
6117 1 1
6118 1 1
6119 1 1
6120 1 1
6121 1 1
6122 1 1
6123 1 1
6124 1 1
6125 1 1
6126 1 1
6127 1 1
6128 1 1
6129 1 1
6130 1 1
6131 1 1
6132 1 1
6133 1 1
6134 1 1
6135 1 1
6136 1 1
6137 1 1
6138 1 1
6139 1 1
6140 1 1
6141 1 1
6142 1 1
6143 1 1
6144 1 1
6145 1 1
6146 1 1
6147 1 1
6148 1 1
6149 1 1
6150 1 1
6151 1 1
6152 1 1
6153 1 1
6154 1 1
6155 1 1
6156 1 1
6157 1 1
6158 1 1
6159 1 1
6160 1 1
6161 1 1
6162 1 1
6163 1 1
6164 1 1
6165 1 1
6166 1 1
6167 1 1
6168 1 1
6169 1 1
6170 1 1
6171 1 1
6172 1 1
6173 1 1
6174 1 1
6175 1 1
6176 1 1
6177 1 1
6178 1 1
6179 1 1
6180 1 1
6181 1 1
6182 1 1
6183 1 1
6184 1 1
6185 1 1
6186 1 1
6187 1 1
6188 1 1
6189 1 1
6190 1 1
6191 1 1
6192 1 1
6193 1 1
6194 1 1
6195 1 1
6196 1 1
6197 1 1
6198 1 1
6199 1 1
6200 1 1
6201 1 1
6202 1 1
6203 1 1
6204 1 1
6205 1 1
6206 1 1
6207 1 1
6208 1 1
6209 1 1
6210 1 1
6211 1 1
6212 1 1
6213 1 1
6214 1 1
6215 1 1
6216 1 1
6217 1 1
6218 1 1
6219 1 1
6220 1 1
6221 1 1
6222 1 1
6223 1 1
6224 1 1
6225 1 1
6226 1 1
6227 1 1
6228 1 1
6229 1 1
6230 1 1
6231 1 1
6232 1 1
6233 1 1
6234 1 1
6235 1 1
6236 1 1
6237 1 1
6238 1 1
6239 1 1
6240 1 1
6241 1 1
6242 1 1
6243 1 1
6244 1 1
6245 1 1
6246 1 1
6247 1 1
6248 1 1
6249 1 1
6250 1 1
6251 1 1
6252 1 1
6253 1 1
6254 1 1
6255 1 1
6256 1 1
6257 1 1
6258 1 1
6259 1 1
6260 1 1
6261 1 1
6262 1 1
6263 1 1
6264 1 1
6265 1 1
6266 1 1
6267 1 1
6268 1 1
6269 1 1
6270 1 1
6271 1 1
6272 1 1
6273 1 1
6274 1 1
6275 1 1
6276 1 1
6277 1 1
6278 1 1
6279 1 1
6280 1 1
6281 1 1
6282 1 1
6283 1 1
6284 1 1
6285 1 1
6286 1 1
6287 1 1
6288 1 1
6289 1 1
6290 1 1
6291 1 1
6292 1 1
6293 1 1
6294 1 1
6295 1 1
6296 1 1
6297 1 1
6298 1 1
6299 1 1
6300 1 1
6301 1 1
6302 1 1
6303 1 1
6304 1 1
6305 1 1
6306 1 1
6307 1 1
6308 1 1
6309 1 1
6310 1 1
6311 1 1
6312 1 1
6313 1 1
6314 1 1
6315 1 1
6316 1 1
6317 1 1
6318 1 1
6319 1 1
6320 1 1
6321 1 1
6322 1 1
6323 1 1
6324 1 1
6325 1 1
6326 1 1
6327 1 1
6328 1 1
6329 1 1
6330 1 1
6331 1 1
6332 1 1
6333 1 1
6334 1 1
6335 1 1
6336 1 1
6337 1 1
6338 1 1
6339 1 1
6340 1 1
6341 1 1
6342 1 1
6343 1 1
6344 1 1
6345 1 1
6346 1 1
6347 1 1
6348 1 1
6349 1 1
6350 1 1
6351 1 1
6352 1 1
6353 1 1
6354 1 1
6355 1 1
6356 1 1
6357 1 1
6358 1 1
6359 1 1
6360 1 1
6361 1 1
6362 1 1
6363 1 1
6364 1 1
6365 1 1
6366 1 1
6367 1 1
6368 1 1
6369 1 1
6370 1 1
6371 1 1
6372 1 1
6373 1 1
6374 1 1
6375 1 1
6376 1 1
6377 1 1
6378 1 1
6379 1 1
6380 1 1
6381 1 1
6382 1 1
6383 1 1
6384 1 1
6385 1 1
6386 1 1
6387 1 1
6388 1 1
6389 1 1
6390 1 1
6391 1 1
6392 1 1
6393 1 1
6394 1 1
6395 1 1
6396 1 1
6397 1 1
6398 1 1
6399 1 1
6400 1 1
6401 1 1
6402 1 1
6403 1 1
6404 1 1
6405 1 1
6406 1 1
6407 1 1
6408 1 1
6409 1 1
6410 1 1
6411 1 1
6412 1 1
6413 1 1
6414 1 1
6415 1 1
6416 1 1
6417 1 1
6418 1 1
6419 1 1
6420 1 1
6421 1 1
6422 1 1
6423 1 1
6424 1 1
6425 1 1
6426 1 1
6427 1 1
6428 1 1
6429 1 1
6430 1 1
6431 1 1
6432 1 1
6433 1 1
6434 1 1
6435 1 1
6436 1 1
6437 1 1
6438 1 1
6439 1 1
6440 1 1
6441 1 1
6442 1 1
6443 1 1
6444 1 1
6445 1 1
6446 1 1
6447 1 1
6448 1 1
6449 1 1
6450 1 1
6451 1 1
6452 1 1
6453 1 1
6454 1 1
6455 1 1
6456 1 1
6457 1 1
6458 1 1
6459 1 1
6460 1 1
6461 1 1
6462 1 1
6463 1 1
6464 1 1
6465 1 1
6466 1 1
6467 1 1
6468 1 1
6469 1 1
6470 1 1
6471 1 1
6472 1 1
6473 1 1
6474 1 1
6475 1 1
6476 1 1
6477 1 1
6478 1 1
6479 1 1
6480 1 1
6481 1 1
6482 1 1
6483 1 1
6484 1 1
6485 1 1
6486 1 1
6487 1 1
6488 1 1
6489 1 1
6490 1 1
6491 1 1
6492 1 1
6493 1 1
6494 1 1
6495 1 1
6496 1 1
6497 1 1
6498 1 1
6499 1 1
6500 1 1
6501 1 1
6502 1 1
6503 1 1
6504 1 1
6505 1 1
6506 1 1
6507 1 1
6508 1 1
6509 1 1
6510 1 1
6511 1 1
6512 1 1
6513 1 1
6514 1 1
6515 1 1
6516 1 1
6517 1 1
6518 1 1
6519 1 1
6520 1 1
6521 1 1
6522 1 1
6523 1 1
6524 1 1
6525 1 1
6526 1 1
6527 1 1
6528 1 1
6529 1 1
6530 1 1
6531 1 1
6532 1 1
6533 1 1
6534 1 1
6535 1 1
6536 1 1
6537 1 1
6538 1 1
6539 1 1
6540 1 1
6541 1 1
6542 1 1
6543 1 1
6544 1 1
6545 1 1
6546 1 1
6547 1 1
6548 1 1
6549 1 1
6550 1 1
6551 1 1
6552 1 1
6553 1 1
6554 1 1
6555 1 1
6556 1 1
6557 1 1
6558 1 1
6559 1 1
6560 1 1
6561 1 1
6562 1 1
6563 1 1
6564 1 1
6565 1 1
6566 1 1
6567 1 1
6568 1 1
6569 1 1
6570 1 1
6571 1 1
6572 1 1
6573 1 1
6574 1 1
6575 1 1
6576 1 1
6577 1 1
6578 1 1
6579 1 1
6580 1 1
6581 1 1
6582 1 1
6583 1 1
6584 1 1
6585 1 1
6586 1 1
6587 1 1
6588 1 1
6589 1 1
6590 1 1
6591 1 1
6592 1 1
6593 1 1
6594 1 1
6595 1 1
6596 1 1
6597 1 1
6598 1 1
6599 1 1
6600 1 1
6601 1 1
6602 1 1
6603 1 1
6604 1 1
6605 1 1
6606 1 1
6607 1 1
6608 1 1
6609 1 1
6610 1 1
6611 1 1
6612 1 1
6613 1 1
6614 1 1
6615 1 1
6616 1 1
6617 1 1
6618 1 1
6619 1 1
6620 1 1
6621 1 1
6622 1 1
6623 1 1
6624 1 1
6625 1 1
6626 1 1
6627 1 1
6628 1 1
6629 1 1
6630 1 1
6631 1 1
6632 1 1
6633 1 1
6634 1 1
6635 1 1
6636 1 1
6637 1 1
6638 1 1
6639 1 1
6640 1 1
6641 1 1
6642 1 1
6643 1 1
6644 1 1
6645 1 1
6646 1 1
6647 1 1
6648 1 1
6649 1 1
6650 1 1
6651 1 1
6652 1 1
6653 1 1
6654 1 1
6655 1 1
6656 1 1
6657 1 1
6658 1 1
6659 1 1
6660 1 1
6661 1 1
6662 1 1
6663 1 1
6664 1 1
6665 1 1
6666 1 1
6667 1 1
6668 1 1
6669 1 1
6670 1 1
6671 1 1
6672 1 1
6673 1 1
6674 1 1
6675 1 1
6676 1 1
6677 1 1
6678 1 1
6679 1 1
6680 1 1
6681 1 1
6682 1 1
6683 1 1
6684 1 1
6685 1 1
6686 1 1
6687 1 1
6688 1 1
6689 1 1
