0 0
1 0
2 0
3 0
4 0
5 0
6 0
7 0
8 0
9 0
10 0
11 0
12 0
13 0
14 0
15 0
16 0
17 0
18 0
19 0
20 0
21 0
22 0
23 0
24 0
25 0
26 0
27 0
28 0
29 0
30 0
31 0
32 0
33 0
34 0
35 0
36 0
37 0
38 0
39 0
40 0
41 0
42 0
43 0
44 0
45 0
46 0
47 0
48 0
49 0
50 0
51 0
52 0
53 0
54 0
55 0
56 0
57 0
58 0
59 0
60 0
61 0
62 0
63 0
64 0
65 0
66 0
67 0
68 0
69 0
70 0
71 0
72 0
73 0
74 0
75 0
76 0
77 0
78 0
79 0
80 0
81 0
82 0
83 0
84 0
85 0
86 0
87 0
88 0
89 0
90 0
91 0
92 0
93 0
94 0
95 0
96 0
97 0
98 0
99 0
100 0
101 0
102 0
103 0
104 0
105 0
106 0
107 0
108 0
109 0
110 0
111 0
112 0
113 0
114 0
115 0
116 0
117 0
118 0
119 0
120 0
121 0
122 0
123 0
124 0
125 0
126 0
127 0
128 0
129 0
130 0
131 0
132 0
133 0
134 0
135 0
136 0
137 0
138 0
139 0
140 0
141 0
142 0
143 0
144 0
145 0
146 0
147 0
148 0
149 0
150 0
151 0
152 0
153 0
154 0
155 0
156 0
157 0
158 0
159 0
160 0
161 0
162 0
163 0
164 0
165 0
166 0
167 0
168 0
169 0
170 0
171 0
172 0
173 0
174 0
175 0
176 0
177 0
178 0
179 0
180 0
181 0
182 0
183 0
184 0
185 0
186 0
187 0
188 0
189 0
190 0
191 0
192 0
193 0
194 0
195 0
196 0
197 0
198 0
199 0
200 0
201 0
202 0
203 0
204 0
205 0
206 0
207 0
208 0
209 0
210 0
211 0
212 0
213 0
214 0
215 0
216 0
217 0
218 0
219 0
220 0
221 0
222 0
223 0
224 0
225 0
226 0
227 0
228 0
229 0
230 0
231 0
232 0
233 0
234 0
235 0
236 0
237 0
238 0
239 0
240 0
241 0
242 0
243 0
244 0
245 0
246 0
247 0
248 0
249 0
250 0
251 0
252 0
253 0
254 0
255 0
256 0
257 0
258 0
259 0
260 0
261 0
262 0
263 0
264 0
265 0
266 0
267 0
268 0
269 0
270 0
271 0
272 0
273 0
274 0
275 0
276 0
277 0
278 0
279 0
280 0
281 0
282 0
283 0
284 0
285 0
286 0
287 0
288 0
289 0
290 0
291 0
292 0
293 0
294 0
295 0
296 0
297 0
298 0
299 0
300 0
301 0
302 0
303 0
304 0
305 0
306 0
307 0
308 0
309 0
310 0
311 0
312 0
313 0
314 0
315 0
316 0
317 0
318 0
319 0
320 0
321 0
322 0
323 0
324 0
325 0
326 0
327 0
328 0
329 0
330 0
331 0
332 0
333 0
334 0
335 0
336 0
337 0
338 0
339 0
340 0
341 0
342 0
343 0
344 0
345 0
346 0
347 0
348 0
349 0
350 0
351 0
352 0
353 0
354 0
355 0
356 0
357 0
358 0
359 0
360 0
361 0
362 0
363 0
364 0
365 0
366 0
367 0
368 0
369 0
370 0
371 0
372 0
373 0
374 0
375 0
376 0
377 0
378 0
379 0
380 0
381 0
382 0
383 0
384 0
385 0
386 0
387 0
388 0
389 0
390 0
391 0
392 0
393 0
394 0
395 0
396 0
397 1
398 1
399 1
400 1
401 1
402 1
403 1
404 1
405 1
406 1
407 1
408 1
409 1
410 1
411 1
412 1
413 1
414 1
415 1
416 1
417 1
418 1
419 1
420 1
421 1
422 1
423 1
424 1
425 1
426 1
427 1
428 1
429 1
430 1
431 1
432 1
433 1
434 2
435 2
436 2
437 2
438 2
439 2
440 2
441 2
442 2
443 2
444 2
445 2
446 2
447 2
448 2
449 2
450 2
451 2
452 2
453 2
454 2
455 2
456 2
457 2
458 2
459 2
460 2
461 3
462 3
463 3
464 3
465 3
466 3
467 3
468 3
469 4
470 4
471 4
472 4
473 4
474 4
475 4
476 4
477 4
478 4
479 4
480 4
481 4
482 4
483 4
484 4
485 4
486 4
487 4
488 4
489 4
490 4
491 4
492 4
493 4
494 4
495 4
496 4
497 4
498 4
499 4
500 4
501 5
502 5
503 5
504 5
505 5
506 5
507 5
508 5
509 5
510 5
511 5
512 5
513 5
514 5
515 5
516 5
517 5
518 5
519 5
520 5
521 5
522 5
523 5
524 5
525 5
526 5
527 5
528 5
529 5
530 5
531 5
532 5
533 5
534 5
535 6
536 6
537 6
538 6
539 6
540 6
541 6
542 6
543 6
544 6
545 6
546 6
547 6
548 6
549 6
550 6
551 6
552 6
553 6
554 6
555 6
556 6
557 6
558 6
559 6
560 6
561 6
562 6
563 6
564 6
565 7
566 7
567 7
568 7
569 7
570 7
571 7
572 7
573 8
574 8
575 8
576 8
577 8
578 9
579 9
580 9
581 9
582 9
583 9
584 10
585 10
586 10
587 10
588 10
589 11
590 11
591 11
592 11
593 11
594 11
595 11
596 11
597 12
598 12
599 12
600 12
601 12
602 12
603 12
604 12
605 12
606 13
607 13
608 13
609 13
610 13
611 13
612 13
613 13
614 13
615 13
616 14
617 14
618 14
619 14
620 14
621 14
622 14
623 14
624 14
625 14
626 14
627 15
628 15
629 15
630 15
631 15
632 15
633 15
634 16
635 16
636 16
637 16
638 16
639 16
640 16
641 16
642 16
643 16
644 16
645 16
646 16
647 17
648 17
649 17
650 18
651 18
652 19
653 19
654 19
655 19
656 19
657 20
658 20
659 20
660 20
661 20
662 20
663 20
664 20
665 20
666 20
667 20
668 20
669 21
670 21
671 21
672 21
673 21
674 21
675 21
676 22
677 22
678 22
679 22
680 22
681 22
682 22
683 22
684 22
685 22
686 23
687 23
688 23
689 23
690 23
691 24
692 24
693 24
694 24
695 24
696 24
697 24
698 24
699 24
700 24
701 24
702 24
703 25
704 25
705 25
706 25
707 25
708 25
709 25
710 25
711 25
712 25
713 26
714 26
715 26
716 26
717 26
718 27
719 27
720 27
721 27
722 28
723 28
724 28
725 29
726 29
727 29
728 29
729 29
730 30
731 30
732 30
733 30
734 30
735 30
736 30
737 30
738 30
739 30
740 30
741 30
742 30
743 30
744 30
745 31
746 31
747 31
748 31
749 31
750 31
751 31
752 31
753 31
754 31
755 31
756 31
757 31
758 31
759 31
760 31
761 31
762 31
763 31
764 31
765 31
766 31
767 31
768 31
769 31
770 31
771 31
772 31
773 31
774 31
775 31
776 31
777 31
778 31
779 32
780 32
781 32
782 32
783 32
784 32
785 32
786 32
787 32
788 32
789 32
790 32
791 32
792 32
793 32
794 32
795 32
796 32
797 32
798 32
799 32
800 32
801 32
802 32
803 32
804 32
805 32
806 32
807 32
808 32
809 32
810 32
811 33
812 33
813 33
814 33
815 33
816 33
817 33
818 33
819 33
820 33
821 33
822 33
823 33
824 33
825 33
826 33
827 33
828 33
829 33
830 33
831 33
832 33
833 33
834 33
835 33
836 33
837 33
838 33
839 33
840 33
841 33
842 34
843 34
844 34
845 34
846 34
847 34
848 34
849 34
850 34
851 34
852 34
853 34
854 34
855 34
856 34
857 34
858 34
859 34
860 34
861 34
862 34
863 35
864 35
865 35
866 35
867 35
868 35
869 35
870 36
871 36
872 36
873 36
874 36
875 36
876 36
877 36
878 36
879 36
880 37
881 37
882 37
883 37
884 37
885 37
886 37
887 37
888 37
889 37
890 37
891 37
892 37
893 37
894 37
895 37
896 37
897 37
898 38
899 38
900 38
901 38
902 38
903 38
904 39
905 39
906 39
907 39
908 39
909 39
910 39
911 39
912 39
913 39
914 39
915 39
916 39
917 39
918 39
919 39
920 39
921 39
922 39
923 39
924 39
925 39
926 39
927 39
928 39
929 39
930 39
931 39
932 39
933 39
934 39
935 39
936 39
937 39
938 39
939 39
940 39
941 39
942 40
943 40
944 40
945 40
946 40
947 40
948 40
949 40
950 40
951 40
952 40
953 40
954 40
955 40
956 40
957 41
958 41
959 41
960 41
961 41
962 41
963 41
964 41
965 41
966 41
967 41
968 41
969 41
970 41
971 41
972 41
973 41
974 41
975 41
976 41
977 41
978 41
979 41
980 41
981 43
982 43
983 43
984 43
985 43
986 43
987 43
988 43
989 44
990 44
991 44
992 44
993 44
994 44
995 44
996 44
997 44
998 44
999 44
1000 44
1001 45
1002 45
1003 45
1004 45
1005 45
1006 45
1007 45
1008 45
1009 45
1010 46
1011 46
1012 46
1013 46
1014 46
1015 46
1016 46
1017 46
1018 46
1019 46
1020 46
1021 46
1022 46
1023 46
1024 46
1025 46
1026 46
1027 47
1028 47
1029 47
1030 47
1031 47
1032 47
1033 47
1034 47
1035 47
1036 47
1037 47
1038 47
1039 47
1040 47
1041 47
1042 47
1043 47
1044 47
1045 47
1046 47
1047 47
1048 47
1049 47
1050 47
1051 47
1052 47
1053 47
1054 47
1055 47
1056 47
1057 47
1058 47
1059 47
1060 47
1061 47
1062 47
1063 47
1064 47
1065 47
1066 47
1067 47
1068 47
1069 47
1070 47
1071 47
1072 47
1073 47
1074 47
1075 47
1076 47
1077 47
1078 47
1079 47
1080 47
1081 47
1082 47
1083 47
1084 47
1085 47
1086 47
1087 47
1088 47
1089 47
1090 47
1091 47
1092 47
1093 47
1094 47
1095 47
1096 47
1097 47
1098 47
1099 47
1100 47
1101 47
1102 47
1103 47
1104 47
1105 47
1106 47
1107 47
1108 47
1109 47
1110 47
1111 47
1112 47
1113 47
1114 47
1115 47
1116 47
1117 47
1118 47
1119 47
1120 47
1121 47
1122 47
1123 47
1124 47
1125 47
1126 47
1127 47
1128 47
1129 47
1130 47
1131 47
1132 47
1133 47
1134 47
1135 47
1136 47
1137 47
1138 47
1139 47
1140 47
1141 47
1142 47
1143 47
1144 47
1145 47
1146 47
1147 47
1148 47
1149 47
1150 47
1151 47
1152 47
1153 47
1154 47
1155 47
1156 47
1157 48
1158 48
1159 48
1160 48
1161 48
1162 48
1163 48
1164 48
1165 48
1166 48
1167 48
1168 48
1169 48
1170 48
1171 48
1172 48
1173 48
1174 48
1175 48
1176 48
1177 48
1178 48
1179 48
1180 48
1181 48
1182 48
1183 48
1184 48
1185 48
1186 48
1187 48
1188 48
1189 48
1190 48
1191 48
1192 48
1193 48
1194 48
1195 48
1196 48
1197 48
1198 49
1199 49
1200 49
1201 49
1202 49
1203 49
1204 49
1205 50
1206 50
1207 50
1208 50
1209 50
1210 50
1211 50
1212 50
1213 50
1214 50
1215 50
1216 50
1217 50
1218 50
1219 50
1220 50
1221 50
1222 50
1223 50
1224 50
1225 50
1226 50
1227 50
1228 50
1229 50
1230 50
1231 50
1232 50
1233 50
1234 50
1235 50
1236 51
1237 52
1238 52
1239 52
1240 53
1241 53
1242 53
1243 53
1244 53
1245 53
1246 53
1247 53
1248 53
1249 53
1250 53
1251 53
1252 53
1253 53
1254 53
1255 53
1256 53
1257 53
1258 53
1259 53
1260 53
1261 53
1262 53
1263 53
1264 53
1265 54
1266 54
1267 54
1268 54
1269 55
1270 55
1271 56
1272 56
1273 56
1274 56
1275 57
1276 57
1277 58
1278 58
1279 58
1280 58
1281 58
1282 58
1283 58
1284 58
1285 58
1286 59
1287 59
1288 59
1289 59
1290 60
1291 60
1292 60
1293 60
1294 60
1295 60
1296 60
1297 61
1298 61
1299 61
1300 61
1301 61
1302 61
1303 61
1304 61
1305 61
1306 61
1307 61
1308 61
1309 61
1310 61
1311 61
1312 61
1313 61
1314 61
1315 61
1316 61
1317 61
1318 61
1319 61
1320 62
1321 62
1322 62
1323 62
1324 62
1325 62
1326 62
1327 62
1328 62
1329 62
1330 62
1331 62
1332 62
1333 62
1334 62
1335 62
1336 62
1337 63
1338 63
1339 63
1340 63
1341 63
1342 63
1343 63
1344 63
1345 63
1346 63
1347 63
1348 63
1349 63
1350 66
1351 66
1352 66
1353 66
1354 66
1355 66
1356 66
1357 66
1358 66
1359 66
1360 66
1361 66
1362 66
1363 66
1364 66
1365 66
1366 66
1367 66
1368 66
1369 67
1370 67
1371 68
1372 68
1373 68
1374 68
1375 68
1376 68
1377 69
1378 69
1379 69
1380 69
1381 69
1382 69
1383 69
1384 69
1385 69
1386 69
1387 69
1388 69
1389 69
1390 69
1391 69
1392 69
1393 69
1394 69
1395 69
1396 70
1397 70
1398 70
1399 70
1400 70
1401 70
1402 70
1403 70
1404 70
1405 71
1406 71
1407 71
1408 71
1409 71
1410 71
1411 71
1412 71
1413 71
1414 71
1415 71
1416 71
1417 71
1418 71
1419 72
1420 72
1421 72
1422 72
1423 72
1424 72
1425 72
1426 72
1427 72
1428 72
1429 72
1430 72
1431 72
1432 72
1433 72
1434 72
1435 72
1436 72
1437 73
1438 73
1439 73
1440 73
1441 73
1442 73
1443 73
1444 73
1445 73
1446 73
1447 74
1448 74
1449 74
1450 74
1451 74
1452 74
1453 74
1454 75
1455 75
1456 75
1457 75
1458 75
1459 75
1460 75
1461 75
1462 75
1463 75
1464 76
1465 76
1466 76
1467 76
1468 76
1469 77
1470 77
1471 77
1472 77
1473 77
1474 77
1475 77
1476 78
1477 78
1478 78
1479 78
1480 78
1481 78
1482 79
1483 79
1484 79
1485 79
1486 79
1487 79
1488 79
1489 79
1490 79
1491 80
1492 80
1493 80
1494 80
1495 80
1496 80
1497 80
1498 80
1499 80
1500 80
1501 80
1502 80
1503 81
1504 81
1505 81
1506 81
1507 81
1508 81
1509 81
1510 81
1511 81
1512 81
1513 82
1514 82
1515 82
1516 82
1517 82
1518 82
1519 82
1520 82
1521 82
1522 82
1523 82
1524 82
1525 82
1526 82
1527 82
1528 82
1529 82
1530 82
1531 82
1532 82
1533 82
1534 82
1535 82
1536 82
1537 82
1538 82
1539 82
1540 82
1541 82
1542 82
1543 82
1544 82
1545 82
1546 82
1547 82
1548 82
1549 82
1550 82
1551 82
1552 82
1553 82
1554 82
1555 82
1556 82
1557 82
1558 82
1559 82
1560 82
1561 82
1562 82
1563 82
1564 82
1565 82
1566 82
1567 82
1568 82
1569 82
1570 82
1571 82
1572 82
1573 82
1574 82
1575 82
1576 82
1577 82
1578 82
1579 82
1580 82
1581 82
1582 82
1583 82
1584 82
1585 82
1586 82
1587 82
1588 82
1589 82
1590 82
1591 82
1592 82
1593 82
1594 82
1595 82
1596 82
1597 82
1598 82
1599 82
1600 82
1601 82
1602 82
1603 82
1604 82
1605 82
1606 82
1607 82
1608 82
1609 82
1610 82
1611 82
1612 82
1613 82
1614 82
1615 82
1616 82
1617 82
1618 82
1619 82
1620 82
1621 82
1622 82
1623 82
1624 82
1625 82
1626 82
1627 82
1628 82
1629 82
1630 82
1631 82
1632 82
1633 82
1634 82
1635 82
1636 82
1637 82
1638 82
1639 82
1640 82
1641 82
1642 82
1643 82
1644 82
1645 82
1646 82
1647 82
1648 82
1649 82
1650 82
1651 82
1652 82
1653 82
1654 82
1655 82
1656 82
1657 82
1658 82
1659 82
1660 82
1661 82
1662 82
1663 82
1664 82
1665 82
1666 82
1667 82
1668 82
1669 82
1670 82
1671 82
1672 82
1673 82
1674 82
1675 82
1676 82
1677 82
1678 82
1679 82
1680 82
1681 82
1682 82
1683 82
1684 82
1685 82
1686 82
1687 82
1688 83
1689 83
1690 83
1691 83
1692 83
1693 83
1694 83
1695 83
1696 83
1697 83
1698 83
1699 83
1700 83
1701 83
1702 83
1703 83
1704 83
1705 83
1706 83
1707 83
1708 83
1709 83
1710 83
1711 83
1712 83
1713 83
1714 83
1715 83
1716 83
1717 83
1718 83
1719 83
1720 83
1721 83
1722 83
1723 83
1724 83
1725 83
1726 83
1727 83
1728 83
1729 83
1730 83
1731 83
1732 83
1733 83
1734 83
1735 83
1736 83
1737 83
1738 83
1739 83
1740 83
1741 83
1742 83
1743 83
1744 83
1745 83
1746 83
1747 83
1748 83
1749 83
1750 83
1751 83
1752 83
1753 83
1754 83
1755 83
1756 83
1757 83
1758 83
1759 83
1760 83
1761 83
1762 83
1763 83
1764 83
1765 83
1766 83
1767 83
1768 83
1769 83
1770 83
1771 83
1772 83
1773 83
1774 83
1775 83
1776 83
1777 83
1778 83
1779 83
1780 83
1781 83
1782 83
1783 83
1784 83
1785 83
1786 83
1787 83
1788 83
1789 83
1790 83
1791 83
1792 83
1793 83
1794 83
1795 83
1796 83
1797 83
1798 83
1799 83
1800 83
1801 83
1802 83
1803 83
1804 83
1805 83
1806 83
1807 83
1808 83
1809 83
1810 83
1811 83
1812 83
1813 83
1814 83
1815 83
1816 83
1817 83
1818 83
1819 83
1820 83
1821 83
1822 83
1823 83
1824 83
1825 83
1826 83
1827 83
1828 83
1829 83
1830 83
1831 83
1832 83
1833 83
1834 83
1835 83
1836 83
1837 83
1838 83
1839 83
1840 83
1841 83
1842 83
1843 83
1844 83
1845 83
1846 83
1847 83
1848 83
1849 83
1850 83
1851 84
1852 84
1853 84
1854 84
1855 84
1856 84
1857 84
1858 84
1859 84
1860 84
1861 84
1862 84
1863 84
1864 84
1865 84
1866 84
1867 84
1868 84
1869 84
1870 84
1871 84
1872 85
1873 85
1874 85
1875 85
1876 85
1877 85
1878 85
1879 85
1880 85
1881 85
1882 85
1883 85
1884 85
1885 85
1886 85
1887 85
1888 85
1889 85
1890 85
1891 85
1892 85
1893 85
1894 85
1895 85
1896 85
1897 85
1898 85
1899 85
1900 85
1901 85
1902 85
1903 85
1904 85
1905 85
1906 85
1907 85
1908 85
1909 85
1910 85
1911 85
1912 85
1913 85
1914 85
1915 85
1916 85
1917 85
1918 85
1919 85
1920 85
1921 85
1922 85
1923 85
1924 85
1925 85
1926 85
1927 85
1928 85
1929 85
1930 85
1931 85
1932 85
1933 85
1934 85
1935 85
1936 85
1937 85
1938 85
1939 85
1940 85
1941 85
1942 85
1943 85
1944 85
1945 85
1946 85
1947 85
1948 85
1949 85
1950 85
1951 85
1952 85
1953 85
1954 85
1955 85
1956 85
1957 85
1958 85
1959 85
1960 85
1961 85
1962 85
1963 85
1964 85
1965 85
1966 85
1967 85
1968 85
1969 86
1970 86
1971 86
1972 86
1973 86
1974 86
1975 86
1976 86
1977 86
1978 86
1979 86
1980 86
1981 86
1982 86
1983 86
1984 86
1985 86
1986 86
1987 86
1988 86
1989 86
1990 86
1991 86
1992 86
1993 86
1994 86
1995 86
1996 86
1997 86
1998 86
1999 86
2000 86
2001 86
2002 86
2003 87
2004 87
2005 87
2006 87
2007 87
2008 87
2009 87
2010 87
2011 87
2012 87
2013 87
2014 87
2015 87
2016 87
2017 87
2018 87
2019 87
2020 87
2021 87
2022 87
2023 87
2024 87
2025 87
2026 87
2027 87
2028 87
2029 87
2030 87
2031 87
2032 87
2033 87
2034 87
2035 87
2036 87
2037 87
2038 87
2039 87
2040 87
2041 87
2042 87
2043 87
2044 87
2045 87
2046 87
2047 87
2048 87
2049 87
2050 88
2051 88
2052 88
2053 88
2054 88
2055 88
2056 88
2057 88
2058 88
2059 88
2060 88
2061 88
2062 88
2063 88
2064 88
2065 88
2066 88
2067 88
2068 88
2069 88
2070 88
2071 88
2072 89
2073 89
2074 89
2075 89
2076 90
2077 90
2078 90
2079 90
2080 91
2081 91
2082 91
2083 91
2084 91
2085 91
2086 91
2087 91
2088 91
2089 91
2090 91
2091 91
2092 91
2093 91
2094 91
2095 91
2096 91
2097 91
2098 91
2099 91
2100 91
2101 91
2102 91
2103 91
2104 91
2105 91
2106 91
2107 92
2108 92
2109 92
2110 92
2111 92
2112 92
2113 92
2114 92
2115 92
2116 92
2117 92
2118 92
2119 92
2120 92
2121 92
2122 92
2123 92
2124 92
2125 92
2126 92
2127 92
2128 92
2129 92
2130 92
2131 92
2132 92
2133 93
2134 93
2135 93
2136 93
2137 93
2138 93
2139 93
2140 93
2141 93
2142 93
2143 93
2144 93
2145 93
2146 93
2147 93
2148 93
2149 93
2150 93
2151 94
2152 94
2153 94
2154 94
2155 94
2156 94
2157 94
2158 94
2159 94
2160 94
2161 94
2162 95
2163 95
2164 95
2165 95
2166 95
2167 95
2168 95
2169 95
2170 95
2171 95
2172 95
2173 95
2174 95
2175 95
2176 95
2177 95
2178 95
2179 95
2180 95
2181 95
2182 96
2183 96
2184 96
2185 96
2186 96
2187 97
2188 97
2189 97
2190 97
2191 97
2192 97
2193 97
2194 97
2195 97
2196 97
2197 97
2198 97
2199 97
2200 97
2201 97
2202 97
2203 98
2204 98
2205 98
2206 98
2207 98
2208 99
2209 99
2210 99
2211 99
2212 99
2213 99
2214 99
2215 99
2216 99
2217 99
2218 99
2219 99
2220 99
2221 99
2222 99
2223 99
2224 99
2225 99
2226 99
2227 99
2228 99
2229 99
2230 99
2231 99
2232 99
2233 99
2234 99
2235 99
2236 99
2237 99
2238 99
2239 99
2240 99
2241 99
2242 99
2243 99
2244 99
2245 99
2246 99
2247 99
2248 99
2249 99
2250 99
2251 99
2252 99
2253 99
2254 99
2255 99
2256 99
2257 99
2258 99
2259 100
2260 100
2261 100
2262 101
2263 101
2264 101
2265 101
2266 101
2267 102
2268 102
2269 102
2270 102
2271 102
2272 102
2273 102
2274 102
2275 102
2276 102
2277 102
2278 102
2279 102
2280 102
2281 102
2282 102
2283 102
2284 102
2285 102
2286 102
2287 102
2288 102
2289 102
2290 102
2291 102
2292 102
2293 102
2294 102
2295 103
2296 103
2297 103
2298 103
2299 103
2300 103
2301 103
2302 103
2303 103
2304 103
2305 103
2306 103
2307 103
2308 103
2309 103
2310 103
2311 103
2312 104
2313 104
2314 104
2315 104
2316 104
2317 105
2318 105
2319 105
2320 105
2321 105
2322 105
2323 105
2324 105
2325 105
2326 105
2327 105
2328 105
2329 105
2330 105
2331 106
2332 106
2333 106
2334 106
2335 106
2336 107
2337 107
2338 107
2339 107
2340 107
2341 107
2342 107
2343 107
2344 107
2345 107
2346 108
2347 108
2348 108
2349 108
2350 108
2351 108
2352 109
2353 109
2354 109
2355 109
2356 109
2357 109
2358 109
2359 109
2360 109
2361 109
2362 109
2363 109
2364 109
2365 109
2366 109
2367 109
2368 110
2369 110
2370 110
2371 110
2372 110
2373 110
2374 110
2375 110
2376 110
2377 110
2378 110
2379 110
2380 110
2381 110
2382 110
2383 110
2384 110
2385 111
2386 111
2387 111
2388 111
2389 111
2390 111
2391 111
2392 111
2393 111
2394 111
2395 111
2396 111
2397 111
2398 111
2399 111
2400 111
2401 111
2402 111
2403 111
2404 111
2405 111
2406 111
2407 111
2408 111
2409 111
2410 111
2411 111
2412 111
2413 111
2414 111
2415 111
2416 111
2417 111
2418 111
2419 111
2420 111
2421 111
2422 111
2423 111
2424 111
2425 111
2426 111
2427 111
2428 111
2429 111
2430 112
2431 112
2432 112
2433 112
2434 112
2435 112
2436 112
2437 112
2438 112
2439 112
2440 112
2441 112
2442 112
2443 112
2444 112
2445 112
2446 112
2447 112
2448 112
2449 112
2450 112
2451 112
2452 112
2453 112
2454 112
2455 112
2456 112
2457 112
2458 112
2459 112
2460 112
2461 112
2462 113
2463 113
2464 113
2465 113
2466 113
2467 113
2468 113
2469 114
2470 114
2471 114
2472 114
2473 114
2474 114
2475 114
2476 114
2477 114
2478 114
2479 114
2480 114
2481 114
2482 114
2483 114
2484 114
2485 114
2486 114
2487 114
2488 114
2489 114
2490 114
2491 114
2492 114
2493 114
2494 115
2495 115
2496 115
2497 115
2498 115
2499 115
2500 115
2501 115
2502 115
2503 115
2504 115
2505 115
2506 115
2507 115
2508 115
2509 116
2510 116
2511 116
2512 116
2513 116
2514 116
2515 116
2516 117
2517 117
2518 117
2519 117
2520 117
2521 117
2522 117
2523 117
2524 117
2525 117
2526 117
2527 117
2528 117
2529 117
2530 117
2531 117
2532 117
2533 117
2534 117
2535 117
2536 117
2537 117
2538 117
2539 117
2540 117
2541 117
2542 117
2543 117
2544 117
2545 118
2546 118
2547 119
2548 119
2549 119
2550 119
2551 119
2552 119
2553 119
2554 119
2555 119
2556 119
2557 119
2558 119
2559 119
2560 119
2561 120
2562 120
2563 120
2564 120
2565 120
2566 120
2567 121
2568 121
2569 121
2570 121
2571 121
2572 121
2573 121
2574 121
2575 121
2576 121
2577 121
2578 121
2579 121
2580 121
2581 121
2582 121
2583 121
2584 121
2585 121
2586 121
2587 121
2588 121
2589 121
2590 121
2591 121
2592 121
2593 121
2594 121
2595 121
2596 121
2597 121
2598 121
2599 121
2600 121
2601 121
2602 121
2603 121
2604 121
2605 121
2606 121
2607 121
2608 121
2609 121
2610 121
2611 121
2612 121
2613 121
2614 121
2615 121
2616 121
2617 121
2618 121
2619 121
2620 122
2621 122
2622 122
2623 122
2624 122
2625 122
2626 122
2627 122
2628 122
2629 123
2630 123
2631 123
2632 123
2633 123
2634 123
2635 123
2636 123
2637 123
2638 123
2639 123
2640 123
2641 123
2642 123
2643 123
2644 123
2645 123
2646 123
2647 124
2648 124
2649 124
2650 124
2651 124
2652 124
2653 124
2654 124
2655 124
2656 124
2657 124
2658 124
2659 124
2660 124
2661 124
2662 124
2663 124
2664 124
2665 124
2666 124
2667 124
2668 124
2669 124
2670 124
2671 124
2672 124
2673 124
2674 124
2675 124
2676 124
2677 124
2678 124
2679 124
2680 124
2681 124
2682 124
2683 124
2684 124
2685 124
2686 124
2687 124
2688 124
2689 124
2690 124
2691 124
2692 125
2693 125
2694 125
2695 125
2696 125
2697 125
2698 125
2699 125
2700 125
2701 126
2702 126
2703 126
2704 126
2705 126
2706 126
2707 126
2708 126
2709 126
2710 126
2711 126
2712 126
2713 126
2714 126
2715 127
2716 127
2717 127
2718 127
2719 127
2720 127
2721 127
2722 127
2723 127
2724 127
2725 127
2726 127
2727 127
2728 127
2729 127
2730 127
2731 128
2732 128
2733 128
2734 128
2735 128
2736 128
2737 128
2738 128
2739 128
2740 129
2741 129
2742 129
2743 129
2744 129
2745 129
2746 130
2747 130
2748 130
2749 130
2750 130
2751 130
2752 130
2753 130
2754 130
2755 130
2756 130
2757 131
2758 131
2759 131
2760 131
2761 131
2762 131
2763 131
2764 131
2765 132
2766 132
2767 132
2768 132
2769 133
2770 133
2771 133
2772 133
2773 133
2774 134
2775 134
2776 134
2777 134
2778 135
2779 135
2780 135
2781 135
2782 135
2783 135
2784 135
2785 135
2786 135
2787 135
2788 135
2789 135
2790 135
2791 136
2792 136
2793 136
2794 136
2795 136
2796 136
2797 136
2798 136
2799 137
2800 137
2801 137
2802 137
2803 137
2804 137
2805 137
2806 137
2807 137
2808 137
2809 137
2810 137
2811 137
2812 137
2813 137
2814 137
2815 138
2816 138
2817 138
2818 138
2819 138
2820 138
2821 138
2822 138
2823 138
2824 138
2825 138
2826 138
2827 138
2828 138
2829 138
2830 138
2831 138
2832 138
2833 138
2834 138
2835 138
2836 138
2837 138
2838 138
2839 138
2840 138
2841 138
2842 138
2843 139
2844 139
2845 139
2846 140
2847 140
2848 141
2849 141
2850 141
2851 141
2852 141
2853 141
2854 141
2855 141
2856 141
2857 141
2858 141
2859 141
2860 141
2861 141
2862 141
2863 141
2864 142
2865 142
2866 142
2867 142
2868 142
2869 142
2870 142
2871 142
2872 142
2873 142
2874 142
2875 142
2876 142
2877 142
2878 143
2879 143
2880 143
2881 143
2882 143
2883 143
2884 143
2885 143
2886 143
2887 143
2888 143
2889 143
2890 143
2891 143
2892 143
2893 143
2894 143
2895 143
2896 143
2897 143
2898 143
2899 143
2900 143
2901 143
2902 143
2903 143
2904 143
2905 143
2906 143
2907 143
2908 143
2909 143
2910 144
2911 144
2912 144
2913 145
2914 145
2915 145
2916 145
2917 145
2918 145
2919 145
2920 145
2921 145
2922 145
2923 145
2924 145
2925 145
2926 145
2927 145
2928 145
2929 145
2930 145
2931 145
2932 145
2933 145
2934 145
2935 145
2936 145
2937 145
2938 145
2939 146
2940 146
2941 146
2942 146
2943 146
2944 146
2945 146
2946 146
2947 146
2948 146
2949 147
2950 147
2951 147
2952 147
2953 147
2954 147
2955 147
2956 147
2957 147
2958 147
2959 147
2960 148
2961 148
2962 148
2963 150
2964 150
2965 150
2966 150
2967 150
2968 150
2969 150
2970 150
2971 150
2972 150
2973 150
2974 150
2975 150
2976 150
2977 150
2978 150
2979 150
2980 150
2981 150
2982 150
2983 150
2984 150
2985 150
2986 151
2987 151
2988 151
2989 151
2990 151
2991 151
2992 151
2993 151
2994 151
2995 151
2996 152
2997 152
2998 152
2999 152
3000 152
3001 153
3002 154
3003 154
3004 154
3005 154
3006 154
3007 154
3008 154
3009 154
3010 154
3011 154
3012 154
3013 155
3014 155
3015 155
3016 155
3017 155
3018 155
3019 155
3020 155
3021 155
3022 155
3023 156
3024 156
3025 156
3026 156
3027 156
3028 156
3029 156
3030 156
3031 156
3032 157
3033 157
3034 157
3035 157
3036 157
3037 157
3038 157
3039 157
3040 157
3041 157
3042 157
3043 157
3044 157
3045 157
3046 157
3047 158
3048 158
3049 158
3050 158
3051 158
3052 158
3053 158
3054 158
3055 158
3056 158
3057 158
3058 158
3059 158
3060 158
3061 158
3062 158
3063 158
3064 158
3065 158
3066 158
3067 158
3068 158
3069 158
3070 158
3071 158
3072 158
3073 158
3074 158
3075 158
3076 158
3077 158
3078 158
3079 158
3080 158
3081 158
3082 158
3083 158
3084 158
3085 158
3086 158
3087 158
3088 158
3089 158
3090 158
3091 158
3092 158
3093 158
3094 158
3095 158
3096 158
3097 158
3098 158
3099 158
3100 158
3101 158
3102 158
3103 158
3104 158
3105 158
3106 158
3107 158
3108 158
3109 158
3110 158
3111 158
3112 158
3113 158
3114 158
3115 159
3116 159
3117 159
3118 159
3119 159
3120 159
3121 159
3122 159
3123 159
3124 159
3125 160
3126 160
3127 160
3128 160
3129 160
3130 160
3131 161
3132 161
3133 161
3134 161
3135 161
3136 161
3137 161
3138 161
3139 162
3140 162
3141 162
3142 162
3143 162
3144 162
3145 162
3146 162
3147 162
3148 162
3149 162
3150 162
3151 162
3152 162
3153 162
3154 162
3155 162
3156 162
3157 162
3158 162
3159 162
3160 162
3161 163
3162 163
3163 163
3164 163
3165 163
3166 163
3167 163
3168 163
3169 163
3170 164
3171 164
3172 164
3173 164
3174 164
3175 165
3176 165
3177 165
3178 165
3179 167
3180 167
3181 168
3182 168
3183 168
3184 168
3185 168
3186 168
3187 168
3188 168
3189 168
3190 168
3191 168
3192 168
3193 168
3194 168
3195 168
3196 168
3197 168
3198 168
3199 168
3200 168
3201 168
3202 168
3203 168
3204 168
3205 168
3206 168
3207 169
3208 169
3209 169
3210 169
3211 169
3212 169
3213 169
3214 169
3215 170
3216 170
3217 170
3218 170
3219 170
3220 170
3221 170
3222 170
3223 170
3224 170
3225 170
3226 170
3227 170
3228 170
3229 170
3230 170
3231 170
3232 170
3233 170
3234 170
3235 170
3236 170
3237 170
3238 170
3239 170
3240 170
3241 170
3242 170
3243 170
3244 170
3245 170
3246 170
3247 170
3248 170
3249 170
3250 170
3251 170
3252 170
3253 170
3254 170
3255 170
3256 170
3257 170
3258 170
3259 170
3260 170
3261 170
3262 171
3263 171
3264 171
3265 171
3266 172
3267 172
3268 172
3269 172
3270 172
3271 172
3272 172
3273 172
3274 172
3275 172
3276 172
3277 172
3278 172
3279 172
3280 172
3281 173
3282 173
3283 174
3284 174
3285 174
3286 174
3287 174
3288 174
3289 174
3290 174
3291 174
3292 174
3293 174
3294 174
3295 174
3296 174
3297 174
3298 174
3299 174
3300 174
3301 174
3302 174
3303 174
3304 174
3305 174
3306 174
3307 174
3308 174
3309 174
3310 174
3311 174
3312 174
3313 174
3314 174
3315 174
3316 174
3317 174
3318 174
3319 174
3320 174
3321 174
3322 174
3323 174
3324 174
3325 174
3326 174
3327 175
3328 175
3329 175
3330 176
3331 176
3332 176
3333 176
3334 176
3335 176
3336 176
3337 176
3338 176
3339 176
3340 176
3341 176
3342 176
3343 176
3344 176
3345 176
3346 176
3347 176
3348 176
3349 176
3350 176
3351 176
3352 176
3353 176
3354 176
3355 177
3356 177
3357 177
3358 177
3359 177
3360 177
3361 177
3362 177
3363 177
3364 177
3365 177
3366 177
3367 177
3368 177
3369 177
3370 177
3371 177
3372 177
3373 177
3374 177
3375 177
3376 177
3377 177
3378 177
3379 177
3380 177
3381 177
3382 177
3383 177
3384 177
3385 177
3386 177
3387 177
3388 177
3389 177
3390 177
3391 177
3392 178
3393 178
3394 178
3395 178
3396 178
3397 178
3398 178
3399 178
3400 178
3401 178
3402 178
3403 178
3404 178
3405 179
3406 179
3407 179
3408 179
3409 181
3410 181
3411 181
3412 181
3413 181
3414 181
3415 181
3416 181
3417 181
3418 181
3419 181
3420 181
3421 181
3422 181
3423 181
3424 181
3425 181
3426 181
3427 181
3428 181
3429 181
3430 182
3431 182
3432 182
3433 182
3434 182
3435 182
3436 182
3437 183
3438 183
3439 183
3440 183
3441 183
3442 184
3443 184
3444 184
3445 184
3446 184
3447 184
3448 184
3449 184
3450 184
3451 185
3452 185
3453 185
3454 185
3455 185
3456 185
3457 185
3458 185
3459 185
3460 186
3461 186
3462 186
3463 186
3464 186
3465 186
3466 186
3467 186
3468 186
3469 187
3470 187
3471 187
3472 187
3473 187
3474 187
3475 187
3476 187
3477 187
3478 188
3479 188
3480 188
3481 188
3482 188
3483 189
3484 189
3485 189
3486 189
3487 189
3488 189
3489 189
3490 189
3491 189
3492 189
3493 189
3494 189
3495 189
3496 189
3497 189
3498 190
3499 190
3500 190
3501 190
3502 190
3503 190
3504 190
3505 190
3506 190
3507 190
3508 190
3509 190
3510 190
3511 190
3512 190
3513 190
3514 190
3515 190
3516 190
3517 190
3518 190
3519 190
3520 190
3521 190
3522 190
3523 190
3524 190
3525 190
3526 190
3527 190
3528 190
3529 190
3530 190
3531 190
3532 190
3533 190
3534 190
3535 190
3536 190
3537 190
3538 190
3539 191
3540 191
3541 191
3542 191
3543 191
3544 191
3545 191
3546 191
3547 191
3548 191
3549 191
3550 191
3551 191
3552 192
3553 192
3554 192
3555 192
3556 192
3557 193
3558 193
3559 193
3560 193
3561 194
3562 194
3563 194
3564 194
3565 195
3566 195
3567 195
3568 195
3569 195
3570 196
3571 196
3572 196
3573 196
3574 196
3575 197
3576 197
3577 197
3578 197
3579 198
3580 198
3581 198
3582 198
3583 198
3584 198
3585 198
3586 199
3587 199
3588 199
3589 199
3590 199
3591 199
3592 199
3593 199
3594 199
3595 199
3596 199
3597 199
3598 199
3599 199
3600 199
3601 199
3602 199
3603 199
3604 199
3605 199
3606 199
3607 199
3608 199
3609 199
3610 199
3611 199
3612 199
3613 199
3614 199
3615 199
3616 199
3617 199
3618 199
3619 199
3620 199
3621 199
3622 199
3623 199
3624 199
3625 200
3626 200
3627 201
3628 201
3629 201
3630 201
3631 201
3632 201
3633 201
3634 201
3635 201
3636 201
3637 201
3638 201
3639 201
3640 201
3641 201
3642 201
3643 201
3644 202
3645 202
3646 202
3647 202
3648 202
3649 202
3650 202
3651 202
3652 202
3653 202
3654 202
3655 202
3656 203
3657 203
3658 203
3659 203
3660 203
3661 203
3662 203
3663 203
3664 204
3665 204
3666 204
3667 204
3668 204
3669 204
3670 204
3671 204
3672 204
3673 204
3674 204
3675 205
3676 205
3677 205
3678 205
3679 205
3680 205
3681 206
3682 206
3683 207
3684 207
3685 207
3686 207
3687 207
3688 208
3689 208
3690 208
3691 208
3692 208
3693 208
3694 208
3695 208
3696 208
3697 208
3698 208
3699 209
3700 209
3701 209
3702 209
3703 209
3704 209
3705 209
3706 209
3707 209
3708 210
3709 210
3710 210
3711 210
3712 210
3713 210
3714 211
3715 211
3716 211
3717 211
3718 211
3719 211
3720 211
3721 211
3722 211
3723 211
3724 211
3725 212
3726 213
3727 213
3728 214
3729 214
3730 214
3731 214
3732 214
3733 214
3734 214
3735 214
3736 214
3737 214
3738 214
3739 214
3740 214
3741 214
3742 214
3743 215
3744 215
3745 215
3746 215
3747 215
3748 215
3749 215
3750 215
3751 215
3752 215
3753 215
3754 215
3755 0
3756 0
3757 0
3758 0
3759 0
3760 0
3761 0
3762 0
3763 0
3764 0
3765 0
3766 0
3767 0
3768 0
3769 0
3770 0
3771 0
3772 0
3773 0
3774 0
3775 0
3776 0
3777 0
3778 0
3779 0
3780 0
3781 0
3782 0
3783 0
3784 0
3785 0
3786 0
3787 0
3788 0
3789 0
3790 0
3791 0
3792 0
3793 0
3794 0
3795 0
3796 0
3797 0
3798 0
3799 0
3800 0
3801 0
3802 0
3803 0
3804 0
3805 0
3806 0
3807 0
3808 0
3809 0
3810 0
3811 0
3812 0
3813 0
3814 0
3815 0
3816 0
3817 0
3818 0
3819 0
3820 0
3821 0
3822 0
3823 0
3824 0
3825 0
3826 0
3827 0
3828 0
3829 0
3830 0
3831 0
3832 0
3833 0
3834 0
3835 0
3836 0
3837 0
3838 0
3839 0
3840 0
3841 0
3842 0
3843 0
3844 0
3845 0
3846 0
3847 0
3848 0
3849 0
3850 0
3851 0
3852 0
3853 0
3854 0
3855 0
3856 0
3857 0
3858 0
3859 0
3860 0
3861 0
3862 0
3863 0
3864 0
3865 0
3866 0
3867 0
3868 0
3869 0
3870 0
3871 0
3872 0
3873 0
3874 0
3875 0
3876 0
3877 0
3878 0
3879 0
3880 0
3881 0
3882 0
3883 0
3884 0
3885 0
3886 0
3887 0
3888 0
3889 0
3890 0
3891 0
3892 0
3893 0
3894 0
3895 0
3896 0
3897 0
3898 0
3899 0
3900 0
3901 0
3902 0
3903 0
3904 0
3905 0
3906 0
3907 0
3908 0
3909 0
3910 0
3911 0
3912 0
3913 0
3914 0
3915 0
3916 0
3917 0
3918 0
3919 0
3920 0
3921 0
3922 0
3923 0
3924 0
3925 0
3926 0
3927 0
3928 0
3929 0
3930 0
3931 0
3932 0
3933 0
3934 0
3935 0
3936 0
3937 0
3938 0
3939 0
3940 0
3941 0
3942 0
3943 0
3944 0
3945 0
3946 0
3947 0
3948 0
3949 0
3950 0
3951 0
3952 0
3953 0
3954 0
3955 0
3956 0
3957 0
3958 0
3959 0
3960 0
3961 0
3962 0
3963 0
3964 0
3965 0
3966 0
3967 0
3968 0
3969 0
3970 0
3971 0
3972 0
3973 0
3974 0
3975 0
3976 0
3977 0
3978 0
3979 0
3980 0
3981 0
3982 0
3983 0
3984 0
3985 0
3986 0
3987 0
3988 0
3989 0
3990 0
3991 0
3992 0
3993 0
3994 0
3995 0
3996 0
3997 0
3998 0
3999 0
4000 0
4001 0
4002 0
4003 0
4004 0
4005 0
4006 0
4007 0
4008 0
4009 0
4010 0
4011 0
4012 1
4013 1
4014 1
4015 1
4016 1
4017 1
4018 1
4019 1
4020 1
4021 2
4022 2
4023 2
4024 2
4025 2
4026 2
4027 2
4028 2
4029 2
4030 2
4031 2
4032 2
4033 2
4034 2
4035 2
4036 2
4037 2
4038 2
4039 2
4040 2
4041 2
4042 2
4043 2
4044 2
4045 3
4046 3
4047 3
4048 3
4049 3
4050 3
4051 3
4052 3
4053 3
4054 4
4055 4
4056 4
4057 4
4058 4
4059 4
4060 4
4061 4
4062 4
4063 4
4064 4
4065 4
4066 4
4067 5
4068 5
4069 5
4070 5
4071 5
4072 5
4073 5
4074 5
4075 5
4076 5
4077 5
4078 5
4079 5
4080 5
4081 5
4082 6
4083 6
4084 6
4085 6
4086 6
4087 6
4088 7
4089 7
4090 7
4091 7
4092 7
4093 7
4094 8
4095 8
4096 8
4097 8
4098 8
4099 8
4100 8
4101 9
4102 9
4103 9
4104 9
4105 10
4106 10
4107 10
4108 10
4109 11
4110 11
4111 11
4112 11
4113 12
4114 12
4115 12
4116 12
4117 12
4118 12
4119 12
4120 12
4121 12
4122 12
4123 12
4124 12
4125 12
4126 12
4127 13
4128 13
4129 13
4130 14
4131 14
4132 14
4133 14
4134 14
4135 14
4136 14
4137 14
4138 14
4139 14
4140 14
4141 14
4142 14
4143 14
4144 14
4145 14
4146 15
4147 15
4148 15
4149 15
4150 15
4151 15
4152 16
4153 16
4154 16
4155 16
4156 16
4157 16
4158 16
4159 16
4160 16
4161 16
4162 16
4163 16
4164 16
4165 16
4166 16
4167 16
4168 16
4169 16
4170 16
4171 16
4172 17
4173 17
4174 17
4175 18
4176 18
4177 18
4178 18
4179 18
4180 18
4181 19
4182 19
4183 19
4184 19
4185 19
4186 19
4187 19
4188 20
4189 20
4190 20
4191 20
4192 20
4193 20
4194 20
4195 20
4196 20
4197 20
4198 20
4199 20
4200 20
4201 20
4202 20
4203 20
4204 20
4205 20
4206 20
4207 20
4208 21
4209 21
4210 21
4211 21
4212 22
4213 22
4214 22
4215 22
4216 22
4217 22
4218 22
4219 22
4220 22
4221 23
4222 23
4223 24
4224 24
4225 24
4226 24
4227 25
4228 25
4229 25
4230 25
4231 25
4232 25
4233 25
4234 25
4235 25
4236 25
4237 25
4238 25
4239 26
4240 27
4241 27
4242 27
4243 27
4244 27
4245 28
4246 28
4247 28
4248 29
4249 29
4250 30
4251 30
4252 30
4253 30
4254 30
4255 30
4256 30
4257 30
4258 30
4259 30
4260 30
4261 30
4262 30
4263 30
4264 30
4265 30
4266 30
4267 30
4268 31
4269 31
4270 31
4271 31
4272 31
4273 31
4274 31
4275 32
4276 32
4277 32
4278 32
4279 32
4280 32
4281 32
4282 32
4283 32
4284 32
4285 32
4286 32
4287 32
4288 32
4289 32
4290 32
4291 32
4292 32
4293 32
4294 32
4295 32
4296 32
4297 32
4298 33
4299 33
4300 33
4301 33
4302 33
4303 33
4304 33
4305 33
4306 33
4307 33
4308 33
4309 33
4310 33
4311 34
4312 34
4313 34
4314 34
4315 34
4316 34
4317 34
4318 34
4319 34
4320 34
4321 34
4322 34
4323 34
4324 34
4325 34
4326 34
4327 34
4328 34
4329 34
4330 35
4331 35
4332 35
4333 35
4334 35
4335 35
4336 35
4337 36
4338 36
4339 36
4340 36
4341 36
4342 36
4343 37
4344 37
4345 37
4346 37
4347 37
4348 37
4349 37
4350 37
4351 37
4352 37
4353 37
4354 38
4355 38
4356 38
4357 38
4358 38
4359 38
4360 38
4361 38
4362 38
4363 39
4364 39
4365 39
4366 39
4367 39
4368 39
4369 39
4370 39
4371 39
4372 39
4373 39
4374 39
4375 39
4376 39
4377 39
4378 39
4379 39
4380 39
4381 39
4382 39
4383 40
4384 40
4385 40
4386 40
4387 40
4388 40
4389 40
4390 40
4391 41
4392 41
4393 41
4394 41
4395 41
4396 41
4397 41
4398 41
4399 41
4400 41
4401 41
4402 41
4403 41
4404 41
4405 41
4406 41
4407 42
4408 42
4409 42
4410 42
4411 42
4412 43
4413 43
4414 43
4415 43
4416 43
4417 43
4418 43
4419 44
4420 44
4421 44
4422 44
4423 44
4424 44
4425 44
4426 44
4427 45
4428 45
4429 45
4430 45
4431 45
4432 45
4433 45
4434 45
4435 45
4436 45
4437 46
4438 46
4439 46
4440 46
4441 46
4442 46
4443 46
4444 46
4445 46
4446 46
4447 46
4448 46
4449 47
4450 47
4451 47
4452 47
4453 47
4454 47
4455 47
4456 47
4457 47
4458 47
4459 47
4460 47
4461 47
4462 47
4463 47
4464 47
4465 47
4466 47
4467 47
4468 47
4469 47
4470 47
4471 47
4472 47
4473 47
4474 47
4475 47
4476 47
4477 47
4478 47
4479 47
4480 47
4481 47
4482 47
4483 47
4484 47
4485 47
4486 47
4487 47
4488 47
4489 47
4490 47
4491 47
4492 47
4493 47
4494 48
4495 48
4496 48
4497 48
4498 48
4499 48
4500 48
4501 48
4502 48
4503 48
4504 48
4505 49
4506 49
4507 49
4508 49
4509 49
4510 49
4511 49
4512 49
4513 49
4514 49
4515 49
4516 49
4517 49
4518 49
4519 49
4520 49
4521 49
4522 49
4523 49
4524 50
4525 50
4526 50
4527 50
4528 50
4529 50
4530 50
4531 50
4532 50
4533 50
4534 50
4535 51
4536 51
4537 51
4538 52
4539 52
4540 52
4541 52
4542 52
4543 52
4544 52
4545 52
4546 53
4547 53
4548 53
4549 53
4550 53
4551 53
4552 54
4553 54
4554 54
4555 55
4556 55
4557 56
4558 56
4559 57
4560 57
4561 58
4562 59
4563 59
4564 59
4565 59
4566 59
4567 59
4568 59
4569 60
4570 60
4571 60
4572 60
4573 60
4574 60
4575 60
4576 60
4577 60
4578 60
4579 60
4580 61
4581 61
4582 61
4583 61
4584 61
4585 61
4586 61
4587 62
4588 62
4589 62
4590 62
4591 63
4592 63
4593 63
4594 63
4595 63
4596 63
4597 63
4598 64
4599 64
4600 64
4601 64
4602 64
4603 64
4604 64
4605 64
4606 65
4607 65
4608 65
4609 65
4610 65
4611 65
4612 65
4613 66
4614 66
4615 66
4616 66
4617 66
4618 66
4619 66
4620 66
4621 66
4622 66
4623 66
4624 66
4625 66
4626 66
4627 66
4628 67
4629 67
4630 67
4631 68
4632 68
4633 68
4634 68
4635 69
4636 69
4637 69
4638 69
4639 69
4640 69
4641 69
4642 69
4643 70
4644 70
4645 71
4646 71
4647 71
4648 71
4649 71
4650 72
4651 72
4652 72
4653 72
4654 72
4655 72
4656 72
4657 72
4658 72
4659 72
4660 72
4661 72
4662 72
4663 72
4664 72
4665 73
4666 73
4667 73
4668 73
4669 73
4670 73
4671 74
4672 74
4673 74
4674 74
4675 74
4676 75
4677 75
4678 75
4679 75
4680 76
4681 76
4682 76
4683 76
4684 76
4685 76
4686 76
4687 77
4688 77
4689 77
4690 77
4691 77
4692 77
4693 77
4694 77
4695 77
4696 78
4697 78
4698 78
4699 78
4700 78
4701 78
4702 79
4703 79
4704 79
4705 79
4706 79
4707 80
4708 80
4709 80
4710 80
4711 80
4712 81
4713 81
4714 81
4715 81
4716 81
4717 81
4718 81
4719 81
4720 81
4721 81
4722 81
4723 81
4724 81
4725 81
4726 81
4727 82
4728 82
4729 82
4730 82
4731 82
4732 82
4733 82
4734 82
4735 82
4736 82
4737 82
4738 82
4739 82
4740 82
4741 82
4742 82
4743 82
4744 82
4745 82
4746 82
4747 82
4748 82
4749 82
4750 82
4751 82
4752 82
4753 82
4754 82
4755 82
4756 82
4757 82
4758 82
4759 82
4760 82
4761 82
4762 82
4763 82
4764 82
4765 82
4766 82
4767 82
4768 82
4769 82
4770 82
4771 82
4772 82
4773 82
4774 82
4775 82
4776 82
4777 82
4778 82
4779 82
4780 82
4781 82
4782 82
4783 82
4784 82
4785 82
4786 82
4787 82
4788 82
4789 82
4790 82
4791 82
4792 82
4793 82
4794 83
4795 83
4796 83
4797 83
4798 83
4799 83
4800 83
4801 83
4802 83
4803 83
4804 83
4805 83
4806 83
4807 83
4808 83
4809 83
4810 83
4811 83
4812 83
4813 83
4814 83
4815 83
4816 83
4817 83
4818 83
4819 83
4820 83
4821 83
4822 83
4823 83
4824 83
4825 83
4826 83
4827 83
4828 83
4829 83
4830 83
4831 83
4832 83
4833 83
4834 83
4835 83
4836 83
4837 83
4838 83
4839 83
4840 83
4841 83
4842 83
4843 83
4844 83
4845 83
4846 83
4847 83
4848 83
4849 83
4850 83
4851 83
4852 83
4853 83
4854 83
4855 83
4856 83
4857 83
4858 83
4859 83
4860 83
4861 83
4862 83
4863 83
4864 83
4865 83
4866 83
4867 83
4868 83
4869 83
4870 83
4871 84
4872 84
4873 84
4874 84
4875 84
4876 84
4877 84
4878 84
4879 84
4880 84
4881 84
4882 84
4883 84
4884 84
4885 84
4886 84
4887 85
4888 85
4889 85
4890 85
4891 85
4892 85
4893 85
4894 85
4895 85
4896 85
4897 85
4898 85
4899 85
4900 85
4901 85
4902 85
4903 85
4904 85
4905 85
4906 85
4907 85
4908 85
4909 85
4910 85
4911 85
4912 85
4913 85
4914 85
4915 85
4916 85
4917 85
4918 85
4919 85
4920 85
4921 85
4922 85
4923 85
4924 85
4925 85
4926 85
4927 85
4928 85
4929 85
4930 85
4931 85
4932 85
4933 85
4934 85
4935 85
4936 85
4937 85
4938 85
4939 85
4940 85
4941 85
4942 85
4943 85
4944 85
4945 85
4946 85
4947 85
4948 85
4949 85
4950 85
4951 85
4952 85
4953 85
4954 85
4955 85
4956 85
4957 85
4958 85
4959 85
4960 85
4961 85
4962 85
4963 85
4964 85
4965 85
4966 85
4967 85
4968 85
4969 85
4970 85
4971 85
4972 85
4973 85
4974 85
4975 85
4976 85
4977 85
4978 85
4979 85
4980 85
4981 85
4982 85
4983 85
4984 85
4985 85
4986 85
4987 85
4988 85
4989 85
4990 85
4991 85
4992 85
4993 85
4994 85
4995 85
4996 85
4997 85
4998 85
4999 85
5000 85
5001 85
5002 85
5003 85
5004 85
5005 85
5006 85
5007 85
5008 85
5009 85
5010 85
5011 85
5012 85
5013 85
5014 85
5015 85
5016 85
5017 85
5018 85
5019 85
5020 85
5021 85
5022 85
5023 85
5024 85
5025 85
5026 86
5027 86
5028 86
5029 86
5030 86
5031 86
5032 86
5033 86
5034 87
5035 87
5036 87
5037 87
5038 87
5039 87
5040 87
5041 87
5042 87
5043 87
5044 87
5045 87
5046 87
5047 87
5048 87
5049 87
5050 87
5051 87
5052 87
5053 87
5054 87
5055 87
5056 87
5057 87
5058 87
5059 88
5060 88
5061 88
5062 88
5063 88
5064 88
5065 88
5066 89
5067 89
5068 89
5069 89
5070 89
5071 90
5072 90
5073 90
5074 90
5075 90
5076 90
5077 90
5078 91
5079 91
5080 91
5081 91
5082 91
5083 91
5084 91
5085 91
5086 91
5087 91
5088 91
5089 91
5090 91
5091 91
5092 92
5093 92
5094 92
5095 92
5096 92
5097 93
5098 93
5099 93
5100 93
5101 93
5102 93
5103 93
5104 93
5105 93
5106 93
5107 93
5108 93
5109 93
5110 93
5111 93
5112 93
5113 93
5114 93
5115 94
5116 94
5117 94
5118 94
5119 94
5120 94
5121 94
5122 95
5123 95
5124 95
5125 95
5126 95
5127 95
5128 95
5129 95
5130 95
5131 95
5132 95
5133 95
5134 95
5135 95
5136 95
5137 96
5138 96
5139 96
5140 96
5141 96
5142 96
5143 96
5144 96
5145 96
5146 96
5147 96
5148 96
5149 96
5150 96
5151 96
5152 97
5153 97
5154 97
5155 97
5156 97
5157 97
5158 97
5159 97
5160 97
5161 97
5162 97
5163 98
5164 98
5165 98
5166 98
5167 98
5168 98
5169 98
5170 98
5171 98
5172 98
5173 98
5174 98
5175 98
5176 98
5177 98
5178 99
5179 99
5180 99
5181 99
5182 99
5183 99
5184 99
5185 99
5186 99
5187 99
5188 99
5189 99
5190 99
5191 99
5192 100
5193 100
5194 100
5195 100
5196 100
5197 100
5198 100
5199 100
5200 100
5201 100
5202 100
5203 101
5204 101
5205 101
5206 101
5207 101
5208 101
5209 101
5210 101
5211 101
5212 101
5213 101
5214 101
5215 101
5216 102
5217 102
5218 102
5219 102
5220 102
5221 102
5222 102
5223 102
5224 102
5225 102
5226 102
5227 102
5228 102
5229 102
5230 102
5231 102
5232 102
5233 102
5234 103
5235 103
5236 103
5237 103
5238 103
5239 103
5240 103
5241 103
5242 103
5243 103
5244 103
5245 103
5246 103
5247 103
5248 103
5249 103
5250 104
5251 104
5252 104
5253 104
5254 105
5255 105
5256 105
5257 105
5258 105
5259 105
5260 105
5261 105
5262 105
5263 105
5264 105
5265 105
5266 106
5267 107
5268 107
5269 107
5270 107
5271 107
5272 107
5273 107
5274 107
5275 107
5276 107
5277 107
5278 107
5279 107
5280 107
5281 107
5282 107
5283 108
5284 108
5285 108
5286 108
5287 108
5288 108
5289 109
5290 109
5291 109
5292 109
5293 109
5294 109
5295 109
5296 109
5297 109
5298 109
5299 109
5300 109
5301 109
5302 109
5303 109
5304 109
5305 109
5306 109
5307 109
5308 109
5309 110
5310 110
5311 110
5312 110
5313 110
5314 110
5315 110
5316 110
5317 111
5318 111
5319 111
5320 111
5321 111
5322 111
5323 111
5324 111
5325 111
5326 111
5327 111
5328 111
5329 111
5330 112
5331 112
5332 112
5333 112
5334 112
5335 112
5336 112
5337 112
5338 112
5339 113
5340 113
5341 113
5342 113
5343 114
5344 114
5345 114
5346 114
5347 114
5348 114
5349 114
5350 114
5351 114
5352 114
5353 114
5354 114
5355 114
5356 114
5357 114
5358 114
5359 114
5360 114
5361 114
5362 114
5363 114
5364 114
5365 114
5366 114
5367 114
5368 114
5369 114
5370 114
5371 114
5372 114
5373 114
5374 114
5375 114
5376 115
5377 115
5378 115
5379 115
5380 115
5381 115
5382 115
5383 116
5384 116
5385 116
5386 116
5387 116
5388 116
5389 116
5390 117
5391 117
5392 117
5393 117
5394 117
5395 117
5396 117
5397 117
5398 117
5399 117
5400 117
5401 117
5402 117
5403 117
5404 117
5405 117
5406 117
5407 117
5408 117
5409 117
5410 117
5411 118
5412 118
5413 118
5414 118
5415 119
5416 119
5417 119
5418 119
5419 119
5420 119
5421 119
5422 120
5423 120
5424 120
5425 120
5426 120
5427 120
5428 120
5429 120
5430 120
5431 120
5432 121
5433 121
5434 121
5435 121
5436 121
5437 121
5438 121
5439 121
5440 121
5441 121
5442 121
5443 121
5444 121
5445 121
5446 121
5447 121
5448 121
5449 123
5450 123
5451 123
5452 123
5453 123
5454 123
5455 123
5456 123
5457 123
5458 123
5459 123
5460 123
5461 123
5462 123
5463 123
5464 123
5465 123
5466 123
5467 123
5468 123
5469 123
5470 124
5471 124
5472 124
5473 124
5474 124
5475 124
5476 124
5477 124
5478 124
5479 124
5480 124
5481 124
5482 124
5483 124
5484 124
5485 124
5486 124
5487 124
5488 124
5489 125
5490 125
5491 125
5492 125
5493 125
5494 125
5495 125
5496 125
5497 125
5498 125
5499 125
5500 125
5501 126
5502 126
5503 126
5504 126
5505 126
5506 126
5507 126
5508 126
5509 126
5510 126
5511 126
5512 126
5513 127
5514 127
5515 127
5516 127
5517 127
5518 127
5519 127
5520 127
5521 127
5522 127
5523 127
5524 127
5525 127
5526 127
5527 127
5528 127
5529 127
5530 128
5531 128
5532 128
5533 128
5534 128
5535 128
5536 128
5537 128
5538 128
5539 128
5540 128
5541 128
5542 128
5543 129
5544 129
5545 129
5546 129
5547 129
5548 129
5549 129
5550 129
5551 129
5552 129
5553 129
5554 129
5555 129
5556 129
5557 130
5558 130
5559 130
5560 130
5561 130
5562 130
5563 130
5564 130
5565 130
5566 130
5567 130
5568 130
5569 131
5570 131
5571 131
5572 131
5573 131
5574 131
5575 131
5576 131
5577 131
5578 131
5579 131
5580 131
5581 131
5582 131
5583 131
5584 131
5585 131
5586 131
5587 131
5588 132
5589 132
5590 132
5591 132
5592 132
5593 132
5594 132
5595 132
5596 132
5597 132
5598 132
5599 133
5600 133
5601 133
5602 133
5603 133
5604 133
5605 133
5606 133
5607 133
5608 133
5609 133
5610 133
5611 133
5612 133
5613 133
5614 133
5615 133
5616 133
5617 133
5618 133
5619 134
5620 134
5621 134
5622 134
5623 134
5624 135
5625 135
5626 135
5627 135
5628 135
5629 135
5630 135
5631 135
5632 135
5633 135
5634 136
5635 136
5636 136
5637 136
5638 136
5639 136
5640 136
5641 136
5642 136
5643 136
5644 136
5645 136
5646 136
5647 136
5648 136
5649 136
5650 136
5651 136
5652 136
5653 136
5654 136
5655 136
5656 136
5657 136
5658 137
5659 137
5660 137
5661 137
5662 137
5663 137
5664 137
5665 137
5666 137
5667 137
5668 137
5669 137
5670 137
5671 137
5672 137
5673 137
5674 137
5675 137
5676 137
5677 138
5678 138
5679 138
5680 138
5681 138
5682 138
5683 138
5684 138
5685 138
5686 138
5687 138
5688 138
5689 138
5690 138
5691 138
5692 138
5693 138
5694 138
5695 138
5696 138
5697 138
5698 138
5699 138
5700 138
5701 138
5702 138
5703 138
5704 139
5705 139
5706 139
5707 139
5708 139
5709 139
5710 140
5711 140
5712 140
5713 140
5714 140
5715 140
5716 140
5717 140
5718 140
5719 141
5720 141
5721 141
5722 141
5723 141
5724 141
5725 141
5726 141
5727 141
5728 141
5729 141
5730 141
5731 142
5732 142
5733 142
5734 142
5735 142
5736 142
5737 143
5738 143
5739 143
5740 143
5741 143
5742 143
5743 143
5744 143
5745 143
5746 143
5747 143
5748 143
5749 143
5750 143
5751 143
5752 144
5753 144
5754 144
5755 144
5756 145
5757 145
5758 145
5759 145
5760 145
5761 145
5762 145
5763 145
5764 145
5765 145
5766 145
5767 145
5768 145
5769 145
5770 145
5771 145
5772 145
5773 145
5774 145
5775 145
5776 145
5777 145
5778 145
5779 145
5780 145
5781 145
5782 145
5783 145
5784 145
5785 145
5786 145
5787 145
5788 145
5789 145
5790 145
5791 145
5792 145
5793 145
5794 145
5795 145
5796 145
5797 145
5798 145
5799 145
5800 145
5801 145
5802 145
5803 145
5804 145
5805 145
5806 145
5807 145
5808 145
5809 145
5810 145
5811 145
5812 145
5813 145
5814 145
5815 145
5816 145
5817 145
5818 146
5819 146
5820 146
5821 146
5822 146
5823 146
5824 146
5825 146
5826 147
5827 147
5828 147
5829 147
5830 147
5831 147
5832 147
5833 147
5834 147
5835 147
5836 147
5837 147
5838 148
5839 148
5840 148
5841 148
5842 148
5843 148
5844 148
5845 148
5846 148
5847 148
5848 148
5849 148
5850 148
5851 148
5852 149
5853 149
5854 149
5855 149
5856 149
5857 149
5858 150
5859 150
5860 150
5861 150
5862 150
5863 150
5864 150
5865 150
5866 150
5867 150
5868 150
5869 150
5870 150
5871 150
5872 150
5873 150
5874 150
5875 150
5876 150
5877 150
5878 150
5879 150
5880 150
5881 150
5882 150
5883 150
5884 150
5885 151
5886 151
5887 151
5888 151
5889 151
5890 151
5891 151
5892 152
5893 152
5894 152
5895 152
5896 153
5897 153
5898 153
5899 154
5900 154
5901 154
5902 154
5903 154
5904 154
5905 154
5906 154
5907 154
5908 154
5909 154
5910 154
5911 154
5912 154
5913 155
5914 155
5915 155
5916 155
5917 155
5918 155
5919 155
5920 155
5921 155
5922 155
5923 155
5924 155
5925 155
5926 155
5927 155
5928 155
5929 155
5930 155
5931 156
5932 156
5933 156
5934 156
5935 156
5936 156
5937 156
5938 156
5939 156
5940 156
5941 157
5942 157
5943 157
5944 157
5945 157
5946 157
5947 157
5948 157
5949 157
5950 157
5951 157
5952 157
5953 157
5954 157
5955 157
5956 157
5957 157
5958 157
5959 157
5960 157
5961 157
5962 157
5963 157
5964 157
5965 157
5966 158
5967 158
5968 158
5969 158
5970 158
5971 158
5972 158
5973 158
5974 158
5975 158
5976 158
5977 158
5978 158
5979 158
5980 158
5981 158
5982 158
5983 158
5984 158
5985 158
5986 158
5987 158
5988 158
5989 158
5990 158
5991 158
5992 158
5993 158
5994 158
5995 158
5996 158
5997 158
5998 158
5999 158
6000 158
6001 158
6002 158
6003 158
6004 158
6005 158
6006 158
6007 158
6008 158
6009 158
6010 158
6011 158
6012 158
6013 158
6014 158
6015 158
6016 158
6017 158
6018 158
6019 158
6020 158
6021 158
6022 158
6023 158
6024 159
6025 159
6026 159
6027 159
6028 159
6029 159
6030 159
6031 159
6032 159
6033 159
6034 159
6035 159
6036 159
6037 159
6038 160
6039 160
6040 160
6041 160
6042 161
6043 161
6044 161
6045 161
6046 161
6047 161
6048 161
6049 161
6050 161
6051 161
6052 161
6053 162
6054 162
6055 162
6056 162
6057 162
6058 162
6059 162
6060 162
6061 162
6062 162
6063 162
6064 162
6065 162
6066 162
6067 162
6068 162
6069 162
6070 162
6071 163
6072 163
6073 163
6074 163
6075 163
6076 163
6077 163
6078 163
6079 163
6080 164
6081 164
6082 165
6083 165
6084 165
6085 165
6086 165
6087 165
6088 165
6089 166
6090 166
6091 166
6092 166
6093 166
6094 166
6095 166
6096 166
6097 166
6098 166
6099 166
6100 167
6101 167
6102 167
6103 168
6104 168
6105 168
6106 168
6107 168
6108 168
6109 168
6110 168
6111 168
6112 168
6113 168
6114 168
6115 168
6116 168
6117 168
6118 168
6119 168
6120 168
6121 168
6122 168
6123 168
6124 168
6125 168
6126 169
6127 169
6128 169
6129 169
6130 169
6131 169
6132 170
6133 170
6134 170
6135 170
6136 170
6137 170
6138 170
6139 170
6140 170
6141 170
6142 171
6143 171
6144 171
6145 171
6146 171
6147 171
6148 171
6149 171
6150 171
6151 171
6152 171
6153 171
6154 172
6155 172
6156 172
6157 172
6158 172
6159 172
6160 172
6161 172
6162 172
6163 172
6164 172
6165 172
6166 172
6167 172
6168 172
6169 173
6170 173
6171 173
6172 173
6173 173
6174 173
6175 173
6176 174
6177 174
6178 174
6179 174
6180 174
6181 174
6182 174
6183 174
6184 174
6185 174
6186 174
6187 174
6188 174
6189 174
6190 174
6191 174
6192 174
6193 174
6194 174
6195 174
6196 174
6197 174
6198 174
6199 174
6200 174
6201 174
6202 174
6203 174
6204 174
6205 175
6206 175
6207 175
6208 175
6209 175
6210 175
6211 175
6212 175
6213 176
6214 176
6215 176
6216 176
6217 176
6218 176
6219 176
6220 176
6221 176
6222 176
6223 176
6224 176
6225 176
6226 176
6227 176
6228 176
6229 176
6230 176
6231 176
6232 176
6233 176
6234 176
6235 176
6236 176
6237 176
6238 176
6239 176
6240 176
6241 176
6242 176
6243 176
6244 176
6245 176
6246 176
6247 176
6248 176
6249 176
6250 176
6251 176
6252 176
6253 176
6254 176
6255 176
6256 176
6257 176
6258 176
6259 176
6260 176
6261 176
6262 176
6263 176
6264 176
6265 176
6266 176
6267 176
6268 176
6269 176
6270 177
6271 177
6272 177
6273 177
6274 177
6275 177
6276 177
6277 177
6278 178
6279 178
6280 178
6281 178
6282 178
6283 178
6284 178
6285 178
6286 178
6287 178
6288 178
6289 178
6290 178
6291 178
6292 178
6293 178
6294 178
6295 178
6296 178
6297 178
6298 179
6299 179
6300 179
6301 179
6302 179
6303 179
6304 179
6305 179
6306 179
6307 179
6308 179
6309 180
6310 180
6311 180
6312 180
6313 180
6314 180
6315 180
6316 180
6317 180
6318 180
6319 181
6320 181
6321 181
6322 181
6323 181
6324 181
6325 181
6326 181
6327 181
6328 181
6329 181
6330 181
6331 181
6332 181
6333 181
6334 181
6335 181
6336 181
6337 181
6338 181
6339 181
6340 181
6341 181
6342 181
6343 181
6344 182
6345 182
6346 182
6347 182
6348 182
6349 182
6350 182
6351 182
6352 182
6353 182
6354 182
6355 182
6356 183
6357 183
6358 183
6359 183
6360 183
6361 183
6362 183
6363 183
6364 183
6365 183
6366 183
6367 183
6368 183
6369 183
6370 183
6371 183
6372 184
6373 184
6374 184
6375 184
6376 185
6377 185
6378 185
6379 185
6380 185
6381 185
6382 185
6383 185
6384 185
6385 185
6386 185
6387 186
6388 186
6389 186
6390 186
6391 186
6392 186
6393 186
6394 186
6395 186
6396 186
6397 186
6398 186
6399 186
6400 186
6401 186
6402 186
6403 186
6404 187
6405 187
6406 187
6407 187
6408 188
6409 188
6410 188
6411 188
6412 188
6413 188
6414 189
6415 189
6416 189
6417 189
6418 189
6419 189
6420 190
6421 190
6422 190
6423 190
6424 190
6425 190
6426 190
6427 190
6428 190
6429 190
6430 190
6431 190
6432 190
6433 190
6434 190
6435 190
6436 190
6437 190
6438 190
6439 190
6440 190
6441 190
6442 190
6443 190
6444 190
6445 190
6446 190
6447 190
6448 190
6449 190
6450 190
6451 190
6452 191
6453 191
6454 191
6455 191
6456 191
6457 191
6458 191
6459 191
6460 191
6461 191
6462 191
6463 191
6464 191
6465 191
6466 192
6467 192
6468 192
6469 192
6470 192
6471 193
6472 193
6473 193
6474 193
6475 193
6476 193
6477 193
6478 193
6479 194
6480 194
6481 194
6482 194
6483 194
6484 194
6485 195
6486 195
6487 195
6488 195
6489 195
6490 195
6491 195
6492 195
6493 195
6494 195
6495 196
6496 196
6497 196
6498 196
6499 196
6500 196
6501 196
6502 196
6503 196
6504 196
6505 197
6506 197
6507 197
6508 197
6509 198
6510 198
6511 198
6512 198
6513 198
6514 198
6515 198
6516 198
6517 198
6518 199
6519 199
6520 199
6521 199
6522 199
6523 199
6524 199
6525 199
6526 199
6527 199
6528 199
6529 199
6530 199
6531 199
6532 199
6533 199
6534 199
6535 199
6536 199
6537 199
6538 199
6539 199
6540 199
6541 199
6542 199
6543 199
6544 199
6545 199
6546 199
6547 199
6548 199
6549 199
6550 199
6551 200
6552 200
6553 200
6554 200
6555 200
6556 201
6557 201
6558 201
6559 201
6560 201
6561 201
6562 201
6563 201
6564 201
6565 201
6566 201
6567 201
6568 201
6569 201
6570 201
6571 201
6572 201
6573 201
6574 201
6575 201
6576 201
6577 201
6578 202
6579 202
6580 202
6581 202
6582 202
6583 202
6584 202
6585 202
6586 203
6587 203
6588 203
6589 203
6590 203
6591 203
6592 203
6593 203
6594 203
6595 203
6596 203
6597 203
6598 203
6599 203
6600 203
6601 203
6602 203
6603 203
6604 204
6605 204
6606 204
6607 204
6608 205
6609 205
6610 206
6611 206
6612 206
6613 206
6614 206
6615 206
6616 206
6617 206
6618 207
6619 207
6620 208
6621 208
6622 208
6623 208
6624 208
6625 208
6626 208
6627 208
6628 208
6629 208
6630 208
6631 208
6632 208
6633 208
6634 208
6635 209
6636 209
6637 209
6638 209
6639 209
6640 209
6641 210
6642 210
6643 210
6644 210
6645 210
6646 210
6647 210
6648 210
6649 211
6650 211
6651 211
6652 211
6653 211
6654 212
6655 212
6656 212
6657 212
6658 212
6659 212
6660 212
6661 212
6662 212
6663 212
6664 212
6665 213
6666 213
6667 213
6668 213
6669 213
6670 213
6671 213
6672 213
6673 213
6674 213
6675 213
6676 214
6677 214
6678 214
6679 214
6680 214
6681 214
6682 214
6683 214
6684 215
6685 215
6686 215
6687 215
6688 215
6689 215
