0 36
1 37
2 38
3 39
4 40
5 41
6 42
7 43
8 44
9 45
10 46
11 47
12 48
13 49
14 50
15 51
16 52
17 53
18 54
19 55
20 56
21 57
22 109
23 110
24 111
25 112
26 113
27 114
28 115
29 116
30 117
31 118
32 119
33 120
34 121
35 122
36 123
37 124
38 125
39 126
40 127
41 128
42 129
43 130
44 10
45 11
46 12
47 13
48 14
49 15
50 16
51 17
52 18
53 19
54 20
55 21
56 22
57 23
58 24
59 25
60 26
61 27
62 28
63 29
64 30
65 31
66 68
67 69
68 70
69 71
70 72
71 73
72 74
73 75
74 76
75 77
76 78
77 79
78 80
79 81
80 82
81 83
82 84
83 85
84 86
85 87
86 88
87 89
88 40
89 41
90 42
91 43
92 44
93 45
94 46
95 47
96 48
97 49
98 50
99 51
100 52
101 53
102 54
103 55
104 56
105 57
106 58
107 59
108 60
109 61
110 27
111 28
112 29
113 30
114 31
115 32
116 33
117 34
118 35
119 36
120 37
121 38
122 39
123 40
124 41
125 42
126 43
127 44
128 45
129 46
130 47
131 48
132 136
133 137
134 138
135 139
136 140
137 141
138 142
139 143
140 144
141 145
142 146
143 147
144 148
145 149
146 150
147 151
148 152
149 153
150 154
151 155
152 156
153 157
154 106
155 107
156 108
157 109
158 110
159 111
160 112
161 113
162 114
163 115
164 116
165 117
166 118
167 119
168 120
169 121
170 122
171 123
172 124
173 125
174 126
175 127
176 75
177 76
178 77
179 78
180 79
181 80
182 81
183 82
184 83
185 84
186 85
187 86
188 87
189 88
190 89
191 90
192 91
193 92
194 93
195 94
196 95
197 96
198 150
199 151
200 152
201 153
202 154
203 155
204 156
205 157
206 158
207 159
208 160
209 161
210 162
211 163
212 164
213 165
214 166
215 167
216 168
217 169
218 170
219 171
220 150
221 151
222 152
223 153
224 154
225 155
226 156
227 157
228 158
229 159
230 160
231 161
232 162
233 163
234 164
235 165
236 166
237 167
238 168
239 169
240 170
241 171
242 125
243 126
244 127
245 128
246 129
247 130
248 131
249 132
250 133
251 134
252 135
253 136
254 137
255 138
256 139
257 140
258 141
259 142
260 143
261 144
262 145
263 146
264 35
265 36
266 37
267 38
268 39
269 40
270 41
271 42
272 43
273 44
274 45
275 46
276 47
277 48
278 49
279 50
280 51
281 52
282 53
283 54
284 55
285 56
286 31
287 32
288 33
289 34
290 35
291 36
292 37
293 38
294 39
295 40
296 41
297 42
298 43
299 44
300 45
301 46
302 47
303 48
304 49
305 50
306 51
307 52
308 124
309 125
310 126
311 127
312 128
313 129
314 130
315 131
316 132
317 133
318 134
319 135
320 136
321 137
322 138
323 139
324 140
325 141
326 142
327 143
328 144
329 145
330 75
331 76
332 77
333 78
334 79
335 80
336 81
337 82
338 83
339 84
340 85
341 86
342 87
343 88
344 89
345 90
346 91
347 92
348 93
349 94
350 95
351 96
352 120
353 121
354 122
355 123
356 124
357 125
358 126
359 127
360 128
361 129
362 130
363 131
364 132
365 133
366 134
367 135
368 136
369 137
370 138
371 139
372 140
373 141
374 120
375 121
376 122
377 123
378 124
379 125
380 126
381 127
382 128
383 129
384 130
385 131
386 132
387 133
388 134
389 135
390 136
391 137
392 138
393 139
394 140
395 141
396 77
397 78
398 79
399 80
400 81
401 82
402 83
403 84
404 85
405 86
406 87
407 88
408 89
409 90
410 91
411 92
412 93
413 94
414 95
415 96
416 97
417 98
418 136
419 137
420 138
421 139
422 140
423 141
424 142
425 143
426 144
427 145
428 146
429 147
430 148
431 149
432 150
433 151
434 152
435 153
436 154
437 155
438 156
439 157
440 52
441 53
442 54
443 55
444 56
445 57
446 58
447 59
448 60
449 61
450 62
451 63
452 64
453 65
454 66
455 67
456 68
457 69
458 70
459 71
460 72
461 73
462 32
463 33
464 34
465 35
466 36
467 37
468 38
469 39
470 40
471 41
472 42
473 43
474 44
475 45
476 46
477 47
478 48
479 49
480 50
481 51
482 52
483 53
484 12
485 13
486 14
487 15
488 16
489 17
490 18
491 19
492 20
493 21
494 22
495 23
496 24
497 129
498 130
499 131
500 132
501 133
502 134
503 135
504 136
505 137
506 138
507 139
508 140
509 141
510 142
511 143
512 144
513 145
514 146
515 147
516 148
517 149
518 150
519 20
520 21
521 22
522 23
523 24
524 25
525 26
526 27
527 28
528 29
529 30
530 31
531 32
532 33
533 34
534 35
535 36
536 37
537 38
538 39
539 40
540 41
541 132
542 133
543 134
544 135
545 136
546 137
547 138
548 139
549 140
550 141
551 142
552 143
553 144
554 145
555 146
556 147
557 148
558 149
559 150
560 151
561 152
562 153
563 179
564 180
565 181
566 182
567 183
568 184
569 185
570 186
571 187
572 188
573 189
574 190
575 191
576 192
577 193
578 194
579 195
580 196
581 197
582 198
583 199
584 200
585 64
586 65
587 66
588 67
589 68
590 69
591 70
592 71
593 72
594 73
595 74
596 75
597 76
598 77
599 78
600 79
601 80
602 81
603 82
604 83
605 84
606 85
607 57
608 58
609 59
610 60
611 61
612 62
613 63
614 64
615 65
616 66
617 67
618 68
619 69
620 70
621 71
622 72
623 73
624 74
625 75
626 76
627 77
628 78
629 130
630 131
631 132
632 133
633 134
634 135
635 136
636 137
637 138
638 139
639 140
640 141
641 142
642 143
643 144
644 145
645 146
646 147
647 148
648 149
649 150
650 151
651 63
652 64
653 65
654 66
655 67
656 68
657 69
658 70
659 71
660 72
661 73
662 74
663 75
664 76
665 77
666 78
667 79
668 80
669 81
670 82
671 83
672 84
673 14
674 15
675 16
676 17
677 18
678 19
679 20
680 21
681 22
682 23
683 24
684 25
685 26
686 27
687 28
688 29
689 30
690 31
691 32
692 33
693 34
694 35
695 124
696 125
697 126
698 127
699 128
700 129
701 130
702 131
703 132
704 133
705 134
706 135
707 136
708 137
709 138
710 139
711 140
712 141
713 142
714 143
715 144
716 145
717 122
718 123
719 124
720 125
721 126
722 127
723 128
724 129
725 130
726 131
727 132
728 133
729 134
730 135
731 136
732 137
733 138
734 139
735 140
736 141
737 142
738 143
739 60
740 61
741 62
742 63
743 64
744 65
745 66
746 67
747 68
748 69
749 70
750 71
751 72
752 73
753 74
754 75
755 76
756 77
757 78
758 79
759 80
760 81
761 107
762 108
763 109
764 110
765 111
766 112
767 113
768 114
769 115
770 116
771 117
772 118
773 119
774 120
775 121
776 122
777 123
778 124
779 125
780 126
781 127
782 128
783 134
784 135
785 136
786 137
787 138
788 139
789 140
790 141
791 142
792 143
793 144
794 145
795 146
796 147
797 148
798 149
799 150
800 151
801 152
802 153
803 154
804 155
805 106
806 107
807 108
808 109
809 110
810 111
811 112
812 113
813 114
814 115
815 116
816 117
817 118
818 119
819 120
820 121
821 122
822 123
823 124
824 125
825 126
826 127
827 67
828 68
829 69
830 70
831 71
832 72
833 73
834 74
835 75
836 76
837 77
838 78
839 79
840 80
841 81
842 82
843 83
844 84
845 85
846 86
847 87
848 88
849 103
850 104
851 105
852 106
853 107
854 108
855 109
856 110
857 111
858 112
859 113
860 114
861 115
862 116
863 117
864 118
865 119
866 120
867 121
868 122
869 123
870 124
871 118
872 119
873 120
874 121
875 122
876 123
877 124
878 125
879 126
880 127
881 128
882 129
883 130
884 131
885 132
886 133
887 134
888 135
889 136
890 137
891 138
892 139
893 84
894 85
895 86
896 87
897 88
898 89
899 90
900 91
901 92
902 93
903 94
904 95
905 96
906 97
907 98
908 99
909 100
910 101
911 102
912 103
913 104
914 105
915 88
916 89
917 90
918 91
919 92
920 93
921 94
922 95
923 96
924 97
925 98
926 99
927 100
928 101
929 102
930 103
931 104
932 105
933 106
934 107
935 108
936 109
937 1
938 2
939 3
940 4
941 5
942 6
943 7
944 8
945 9
946 10
947 11
948 12
949 13
950 14
951 15
952 16
953 17
954 18
955 19
956 20
957 21
958 22
959 19
960 20
961 21
962 22
963 23
964 24
965 25
966 26
967 27
968 28
969 29
970 30
971 31
972 32
973 33
974 34
975 35
976 36
977 37
978 38
979 39
980 40
981 151
982 152
983 153
984 154
985 155
986 156
987 157
988 158
989 159
990 160
991 161
992 162
993 163
994 164
995 165
996 166
997 167
998 168
999 169
1000 170
1001 171
1002 172
1003 170
1004 171
1005 172
1006 173
1007 174
1008 175
1009 176
1010 177
1011 178
1012 179
1013 180
1014 181
1015 182
1016 183
1017 184
1018 185
1019 186
1020 187
1021 188
1022 189
1023 190
1024 191
1025 177
1026 178
1027 179
1028 180
1029 181
1030 182
1031 183
1032 184
1033 185
1034 186
1035 187
1036 0
1037 1
1038 2
1039 3
1040 4
1041 5
1042 6
1043 7
1044 8
1045 9
1046 10
1047 94
1048 95
1049 96
1050 97
1051 98
1052 99
1053 100
1054 101
1055 102
1056 103
1057 104
1058 105
1059 106
1060 107
1061 108
1062 109
1063 110
1064 111
1065 112
1066 113
1067 114
1068 115
1069 103
1070 104
1071 105
1072 106
1073 107
1074 108
1075 109
1076 110
1077 111
1078 112
1079 113
1080 114
1081 115
1082 116
1083 117
1084 118
1085 119
1086 120
1087 121
1088 122
1089 123
1090 124
1091 147
1092 148
1093 149
1094 150
1095 151
1096 152
1097 153
1098 154
1099 155
1100 156
1101 157
1102 158
1103 159
1104 160
1105 161
1106 162
1107 163
1108 164
1109 165
1110 166
1111 167
1112 168
1113 70
1114 71
1115 72
1116 73
1117 74
1118 75
1119 76
1120 77
1121 78
1122 79
1123 80
1124 81
1125 82
1126 83
1127 84
1128 85
1129 86
1130 87
1131 88
1132 89
1133 90
1134 91
1135 35
1136 36
1137 37
1138 38
1139 39
1140 40
1141 41
1142 42
1143 43
1144 44
1145 45
1146 46
1147 47
1148 48
1149 49
1150 50
1151 51
1152 52
1153 53
1154 54
1155 55
1156 56
1157 98
1158 99
1159 100
1160 101
1161 102
1162 103
1163 104
1164 105
1165 106
1166 107
1167 108
1168 109
1169 110
1170 111
1171 112
1172 113
1173 114
1174 115
1175 116
1176 117
1177 118
1178 119
1179 11
1180 12
1181 13
1182 14
1183 15
1184 16
1185 17
1186 18
1187 19
1188 20
1189 21
1190 22
1191 23
1192 24
1193 4
1194 5
1195 6
1196 7
1197 8
1198 9
1199 10
1200 11
1201 12
1202 13
1203 14
1204 15
1205 16
1206 17
1207 18
1208 19
1209 20
1210 21
1211 22
1212 23
1213 24
1214 25
1215 14
1216 15
1217 16
1218 17
1219 18
1220 19
1221 20
1222 21
1223 22
1224 23
1225 24
1226 25
1227 26
1228 27
1229 28
1230 29
1231 30
1232 31
1233 32
1234 33
1235 34
1236 35
1237 149
1238 150
1239 151
1240 152
1241 153
1242 154
1243 155
1244 156
1245 157
1246 158
1247 159
1248 160
1249 161
1250 162
1251 163
1252 164
1253 165
1254 166
1255 167
1256 168
1257 169
1258 170
1259 1
1260 2
1261 3
1262 4
1263 5
1264 6
1265 7
1266 8
1267 9
1268 10
1269 11
1270 12
1271 13
1272 14
1273 15
1274 16
1275 17
1276 18
1277 19
1278 20
1279 21
1280 22
1281 120
1282 121
1283 122
1284 123
1285 124
1286 125
1287 126
1288 127
1289 128
1290 129
1291 130
1292 131
1293 132
1294 133
1295 134
1296 135
1297 136
1298 137
1299 138
1300 139
1301 140
1302 141
1303 54
1304 55
1305 56
1306 57
1307 58
1308 59
1309 60
1310 61
1311 62
1312 63
1313 64
1314 65
1315 66
1316 67
1317 68
1318 69
1319 70
1320 71
1321 72
1322 73
1323 74
1324 75
1325 13
1326 14
1327 15
1328 16
1329 17
1330 18
1331 19
1332 20
1333 21
1334 22
1335 23
1336 24
1337 25
1338 26
1339 27
1340 28
1341 29
1342 30
1343 31
1344 32
1345 33
1346 34
1347 136
1348 137
1349 138
1350 139
1351 140
1352 141
1353 142
1354 143
1355 144
1356 145
1357 146
1358 147
1359 148
1360 149
1361 150
1362 151
1363 152
1364 153
1365 154
1366 155
1367 156
1368 157
1369 146
1370 147
1371 148
1372 149
1373 150
1374 151
1375 152
1376 153
1377 154
1378 155
1379 156
1380 157
1381 158
1382 159
1383 160
1384 161
1385 162
1386 163
1387 164
1388 165
1389 166
1390 167
1391 147
1392 148
1393 149
1394 150
1395 151
1396 152
1397 153
1398 154
1399 155
1400 156
1401 157
1402 158
1403 159
1404 160
1405 161
1406 162
1407 163
1408 164
1409 165
1410 166
1411 167
1412 168
1413 72
1414 73
1415 74
1416 75
1417 76
1418 77
1419 78
1420 79
1421 80
1422 81
1423 82
1424 83
1425 84
1426 85
1427 86
1428 87
1429 88
1430 89
1431 90
1432 91
1433 92
1434 93
1435 104
1436 105
1437 106
1438 107
1439 108
1440 109
1441 110
1442 111
1443 112
1444 113
1445 114
1446 115
1447 116
1448 117
1449 118
1450 119
1451 120
1452 121
1453 122
1454 123
1455 124
1456 125
1457 89
1458 90
1459 91
1460 92
1461 93
1462 94
1463 95
1464 96
1465 97
1466 98
1467 99
1468 100
1469 101
1470 102
1471 103
1472 104
1473 105
1474 106
1475 107
1476 108
1477 109
1478 110
1479 152
1480 153
1481 154
1482 155
1483 156
1484 157
1485 158
1486 159
1487 160
1488 161
1489 162
1490 163
1491 164
1492 165
1493 166
1494 167
1495 168
1496 169
1497 170
1498 171
1499 172
1500 173
1501 152
1502 153
1503 154
1504 155
1505 156
1506 157
1507 158
1508 159
1509 160
1510 161
1511 162
1512 163
1513 164
1514 165
1515 166
1516 10
1517 11
1518 12
1519 13
1520 14
1521 15
1522 16
1523 80
1524 81
1525 82
1526 83
1527 84
1528 85
1529 86
1530 87
1531 88
1532 89
1533 90
1534 91
1535 92
1536 93
1537 94
1538 95
1539 96
1540 97
1541 98
1542 99
1543 100
1544 101
1545 125
1546 126
1547 127
1548 128
1549 129
1550 130
1551 131
1552 132
1553 133
1554 134
1555 135
1556 136
1557 137
1558 138
1559 139
1560 140
1561 141
1562 142
1563 143
1564 144
1565 145
1566 146
1567 143
1568 144
1569 145
1570 146
1571 147
1572 148
1573 149
1574 150
1575 151
1576 152
1577 153
1578 154
1579 155
1580 156
1581 157
1582 158
1583 159
1584 160
1585 161
1586 162
1587 163
1588 164
1589 136
1590 137
1591 138
1592 139
1593 140
1594 141
1595 142
1596 143
1597 144
1598 145
1599 146
1600 147
1601 148
1602 149
1603 150
1604 151
1605 152
1606 153
1607 154
1608 155
1609 156
1610 157
1611 108
1612 109
1613 110
1614 111
1615 112
1616 113
1617 114
1618 115
1619 116
1620 117
1621 118
1622 119
1623 120
1624 121
1625 122
1626 123
1627 124
1628 125
1629 126
1630 127
1631 128
1632 129
1633 55
1634 56
1635 57
1636 58
1637 59
1638 60
1639 61
1640 62
1641 63
1642 64
1643 65
1644 66
1645 67
1646 68
1647 69
1648 70
1649 71
1650 72
1651 73
1652 74
1653 75
1654 76
1655 142
1656 143
1657 144
1658 145
1659 1
1660 2
1661 3
1662 4
1663 5
1664 6
1665 7
1666 8
1667 9
1668 10
1669 11
1670 12
1671 13
1672 14
1673 15
1674 16
1675 17
1676 18
1677 18
1678 19
1679 20
1680 21
1681 22
1682 23
1683 24
1684 25
1685 26
1686 206
1687 207
1688 208
1689 209
1690 210
1691 211
1692 212
1693 213
1694 214
1695 215
1696 216
1697 217
1698 218
1699 219
1700 220
1701 221
1702 222
1703 223
1704 224
1705 225
1706 226
1707 227
1708 48
1709 49
1710 50
1711 51
1712 52
1713 53
1714 54
1715 55
1716 56
1717 57
1718 58
1719 59
1720 60
1721 61
1722 62
1723 63
1724 64
1725 65
1726 66
1727 67
1728 68
1729 69
1730 156
1731 157
1732 158
1733 159
1734 160
1735 161
1736 162
1737 163
1738 164
1739 165
1740 166
1741 167
1742 168
1743 169
1744 171
1745 172
1746 173
1747 174
1748 175
1749 176
1750 177
1751 178
1752 69
1753 70
1754 71
1755 72
1756 73
1757 74
1758 75
1759 76
1760 77
1761 78
1762 79
1763 80
1764 81
1765 82
1766 83
1767 84
1768 85
1769 86
1770 87
1771 88
1772 89
1773 90
1774 58
1775 59
1776 60
1777 61
1778 62
1779 63
1780 64
1781 65
1782 66
1783 67
1784 68
1785 69
1786 70
1787 71
1788 72
1789 73
1790 74
1791 75
1792 76
1793 77
1794 78
1795 79
