0 100
1 100
2 100
3 100
4 100
5 100
6 100
7 100
8 100
9 100
10 100
11 100
12 100
13 100
14 100
15 100
16 100
17 100
18 100
19 100
20 100
21 100
22 90
23 90
24 90
25 90
26 90
27 90
28 90
29 90
30 90
31 90
32 90
33 90
34 90
35 90
36 90
37 80
38 80
39 80
40 80
41 80
42 80
43 90
44 80
45 80
46 80
47 80
48 80
49 80
50 80
51 90
52 90
53 90
54 90
55 100
56 90
57 90
58 90
59 90
60 90
61 80
62 80
63 80
64 80
65 80
66 70
67 70
68 70
69 70
70 70
71 70
72 70
73 70
74 70
75 70
76 70
77 70
78 70
79 70
80 70
81 70
82 70
83 70
84 70
85 70
86 70
87 70
88 100
89 100
90 100
91 100
92 100
93 100
94 100
95 80
96 80
97 80
98 90
99 70
100 80
101 80
102 80
103 80
104 90
105 90
106 90
107 90
108 90
109 100
110 100
111 100
112 100
113 100
114 100
115 100
116 100
117 100
118 100
119 100
120 100
121 100
122 100
123 100
124 100
125 100
126 100
127 100
128 100
129 100
130 100
131 100
132 100
133 100
134 100
135 100
136 100
137 100
138 100
139 100
140 100
141 100
142 100
143 100
144 100
145 100
146 100
147 100
148 80
149 90
150 90
151 90
152 90
153 90
154 90
155 90
156 90
157 90
158 90
159 90
160 90
161 60
162 60
163 60
164 70
165 70
166 70
167 80
168 70
169 70
170 70
171 70
172 70
173 70
174 80
175 80
176 100
177 100
178 100
179 100
180 100
181 100
182 100
183 100
184 100
185 90
186 90
187 80
188 80
189 80
190 40
191 40
192 40
193 40
194 40
195 40
196 40
197 40
198 80
199 80
200 80
201 80
202 80
203 80
204 70
205 70
206 70
207 70
208 90
209 90
210 70
211 80
212 80
213 80
214 40
215 40
216 40
217 30
218 30
219 30
220 100
221 100
222 100
223 100
224 100
225 100
226 70
227 70
228 70
229 70
230 70
231 70
232 70
233 80
234 80
235 80
236 40
237 40
238 40
239 30
240 30
241 30
242 100
243 100
244 100
245 100
246 100
247 100
248 100
249 100
250 100
251 100
252 100
253 70
254 70
255 70
256 70
257 70
258 70
259 70
260 80
261 80
262 80
263 90
264 100
265 100
266 100
267 100
268 100
269 100
270 100
271 100
272 100
273 100
274 100
275 100
276 100
277 100
278 100
279 100
280 100
281 100
282 100
283 100
284 90
285 90
286 90
287 90
288 90
289 90
290 90
291 90
292 100
293 100
294 100
295 100
296 100
297 100
298 100
299 100
300 100
301 100
302 100
303 100
304 100
305 100
306 100
307 100
308 30
309 30
310 30
311 30
312 30
313 30
314 30
315 30
316 30
317 30
318 30
319 30
320 30
321 30
322 30
323 30
324 30
325 30
326 30
327 30
328 30
329 30
330 80
331 80
332 80
333 80
334 80
335 80
336 80
337 80
338 80
339 80
340 80
341 80
342 80
343 80
344 80
345 90
346 90
347 90
348 100
349 100
350 100
351 100
352 90
353 90
354 90
355 90
356 90
357 90
358 90
359 90
360 90
361 90
362 90
363 80
364 80
365 80
366 60
367 60
368 60
369 60
370 60
371 60
372 60
373 60
374 70
375 70
376 70
377 70
378 70
379 70
380 70
381 90
382 90
383 80
384 80
385 80
386 80
387 90
388 90
389 90
390 80
391 80
392 70
393 70
394 70
395 70
396 100
397 100
398 100
399 100
400 100
401 100
402 100
403 100
404 100
405 100
406 100
407 100
408 100
409 100
410 80
411 80
412 60
413 60
414 60
415 60
416 60
417 50
418 40
419 40
420 40
421 40
422 40
423 40
424 40
425 40
426 40
427 40
428 40
429 40
430 40
431 40
432 40
433 40
434 20
435 20
436 20
437 30
438 30
439 30
440 90
441 90
442 90
443 90
444 90
445 90
446 90
447 90
448 90
449 90
450 100
451 90
452 90
453 90
454 80
455 80
456 90
457 90
458 90
459 90
460 90
461 100
462 100
463 100
464 100
465 100
466 100
467 100
468 100
469 100
470 100
471 100
472 100
473 100
474 100
475 100
476 100
477 100
478 100
479 80
480 80
481 80
482 80
483 90
484 100
485 100
486 60
487 70
488 70
489 80
490 80
491 90
492 90
493 90
494 90
495 80
496 80
497 100
498 100
499 100
500 100
501 100
502 100
503 100
504 100
505 100
506 100
507 100
508 100
509 100
510 100
511 100
512 100
513 70
514 70
515 70
516 70
517 70
518 60
519 90
520 90
521 90
522 90
523 90
524 90
525 90
526 90
527 100
528 100
529 100
530 100
531 100
532 100
533 100
534 100
535 100
536 100
537 70
538 70
539 70
540 70
541 90
542 90
543 90
544 90
545 90
546 90
547 90
548 90
549 90
550 90
551 70
552 70
553 70
554 80
555 80
556 80
557 90
558 90
559 90
560 90
561 90
562 80
563 90
564 90
565 90
566 90
567 90
568 90
569 90
570 80
571 80
572 80
573 90
574 90
575 80
576 80
577 80
578 80
579 70
580 70
581 70
582 70
583 70
584 80
585 90
586 90
587 90
588 90
589 90
590 90
591 90
592 90
593 90
594 90
595 90
596 90
597 90
598 100
599 70
600 70
601 80
602 80
603 80
604 80
605 80
606 90
607 90
608 90
609 90
610 90
611 90
612 90
613 90
614 90
615 90
616 90
617 90
618 90
619 90
620 90
621 90
622 90
623 100
624 100
625 100
626 100
627 90
628 90
629 30
630 30
631 30
632 30
633 30
634 30
635 30
636 30
637 40
638 40
639 40
640 40
641 40
642 40
643 40
644 40
645 40
646 40
647 40
648 40
649 40
650 40
651 90
652 90
653 90
654 90
655 90
656 90
657 90
658 80
659 80
660 80
661 90
662 90
663 90
664 90
665 90
666 90
667 90
668 100
669 100
670 100
671 100
672 90
673 90
674 90
675 90
676 90
677 90
678 90
679 90
680 90
681 90
682 90
683 90
684 90
685 90
686 90
687 90
688 90
689 100
690 100
691 100
692 100
693 100
694 100
695 70
696 70
697 70
698 70
699 70
700 70
701 50
702 50
703 50
704 50
705 50
706 50
707 70
708 70
709 50
710 50
711 50
712 40
713 40
714 40
715 40
716 50
717 100
718 100
719 100
720 100
721 100
722 100
723 100
724 100
725 100
726 100
727 100
728 100
729 100
730 100
731 70
732 70
733 70
734 70
735 70
736 70
737 80
738 80
739 100
740 100
741 100
742 100
743 100
744 100
745 100
746 100
747 100
748 100
749 100
750 100
751 100
752 100
753 100
754 100
755 80
756 80
757 80
758 80
759 80
760 90
761 70
762 70
763 70
764 70
765 70
766 70
767 70
768 60
769 60
770 60
771 70
772 60
773 70
774 70
775 60
776 50
777 50
778 50
779 50
780 50
781 50
782 50
783 90
784 90
785 90
786 90
787 90
788 90
789 90
790 60
791 60
792 60
793 60
794 60
795 60
796 80
797 80
798 80
799 80
800 80
801 90
802 90
803 70
804 70
805 100
806 100
807 100
808 100
809 100
810 100
811 90
812 90
813 90
814 90
815 90
816 90
817 90
818 90
819 90
820 90
821 90
822 90
823 90
824 90
825 90
826 100
827 70
828 70
829 70
830 70
831 70
832 70
833 90
834 90
835 90
836 90
837 90
838 90
839 90
840 90
841 70
842 70
843 70
844 70
845 80
846 80
847 70
848 70
849 80
850 80
851 80
852 80
853 80
854 80
855 80
856 90
857 90
858 90
859 90
860 50
861 50
862 50
863 60
864 50
865 50
866 50
867 50
868 50
869 50
870 60
871 90
872 90
873 90
874 90
875 90
876 90
877 90
878 90
879 90
880 90
881 60
882 60
883 60
884 60
885 60
886 60
887 70
888 40
889 40
890 40
891 40
892 50
893 100
894 100
895 100
896 100
897 100
898 100
899 90
900 90
901 90
902 90
903 90
904 90
905 90
906 100
907 100
908 100
909 100
910 100
911 80
912 80
913 80
914 80
915 100
916 100
917 100
918 100
919 100
920 100
921 100
922 80
923 80
924 80
925 80
926 70
927 80
928 80
929 80
930 80
931 80
932 80
933 90
934 60
935 60
936 60
937 0
938 0
939 0
940 0
941 0
942 0
943 0
944 70
945 70
946 70
947 70
948 80
949 90
950 90
951 100
952 90
953 90
954 90
955 90
956 90
957 100
958 100
959 100
960 100
961 100
962 100
963 100
964 100
965 100
966 100
967 100
968 100
969 100
970 100
971 100
972 90
973 90
974 90
975 90
976 90
977 90
978 100
979 80
980 80
981 90
982 90
983 90
984 90
985 90
986 90
987 90
988 90
989 90
990 90
991 70
992 70
993 80
994 80
995 80
996 70
997 70
998 70
999 70
1000 70
1001 70
1002 80
1003 90
1004 90
1005 90
1006 90
1007 90
1008 90
1009 90
1010 90
1011 90
1012 90
1013 70
1014 70
1015 70
1016 70
1017 60
1018 60
1019 60
1020 60
1021 60
1022 60
1023 60
1024 60
1025 80
1026 80
1027 30
1028 30
1029 30
1030 30
1031 30
1032 30
1033 30
1034 30
1035 40
1036 20
1037 50
1038 50
1039 50
1040 50
1041 60
1042 60
1043 70
1044 50
1045 60
1046 60
1047 90
1048 90
1049 90
1050 90
1051 90
1052 90
1053 90
1054 70
1055 70
1056 50
1057 50
1058 50
1059 50
1060 50
1061 50
1062 50
1063 50
1064 50
1065 50
1066 60
1067 60
1068 70
1069 80
1070 80
1071 80
1072 80
1073 80
1074 80
1075 80
1076 100
1077 100
1078 100
1079 100
1080 100
1081 100
1082 100
1083 90
1084 90
1085 90
1086 70
1087 70
1088 70
1089 70
1090 70
1091 90
1092 90
1093 90
1094 90
1095 90
1096 90
1097 70
1098 70
1099 70
1100 70
1101 70
1102 70
1103 70
1104 70
1105 80
1106 80
1107 80
1108 80
1109 70
1110 70
1111 70
1112 70
1113 80
1114 80
1115 80
1116 80
1117 80
1118 80
1119 80
1120 70
1121 70
1122 70
1123 70
1124 70
1125 80
1126 80
1127 90
1128 90
1129 80
1130 80
1131 80
1132 80
1133 70
1134 80
1135 70
1136 70
1137 70
1138 70
1139 70
1140 70
1141 70
1142 70
1143 70
1144 70
1145 70
1146 80
1147 90
1148 90
1149 90
1150 90
1151 90
1152 90
1153 100
1154 100
1155 100
1156 100
1157 90
1158 90
1159 90
1160 90
1161 90
1162 90
1163 90
1164 30
1165 30
1166 30
1167 20
1168 20
1169 20
1170 20
1171 20
1172 20
1173 20
1174 20
1175 20
1176 20
1177 20
1178 20
1179 0
1180 0
1181 0
1182 0
1183 0
1184 0
1185 20
1186 20
1187 20
1188 20
1189 30
1190 30
1191 40
1192 40
1193 0
1194 0
1195 0
1196 0
1197 0
1198 0
1199 0
1200 0
1201 30
1202 30
1203 40
1204 40
1205 50
1206 50
1207 70
1208 70
1209 80
1210 80
1211 40
1212 60
1213 60
1214 70
1215 100
1216 100
1217 100
1218 100
1219 100
1220 100
1221 100
1222 100
1223 100
1224 100
1225 100
1226 100
1227 100
1228 100
1229 100
1230 100
1231 100
1232 100
1233 70
1234 70
1235 70
1236 70
1237 80
1238 80
1239 80
1240 80
1241 80
1242 80
1243 80
1244 80
1245 80
1246 80
1247 80
1248 80
1249 80
1250 70
1251 70
1252 70
1253 70
1254 70
1255 60
1256 60
1257 70
1258 70
1259 0
1260 0
1261 0
1262 0
1263 0
1264 0
1265 0
1266 0
1267 0
1268 60
1269 60
1270 60
1271 70
1272 80
1273 80
1274 80
1275 80
1276 90
1277 90
1278 90
1279 90
1280 100
1281 100
1282 100
1283 100
1284 80
1285 80
1286 80
1287 80
1288 80
1289 80
1290 80
1291 80
1292 80
1293 80
1294 90
1295 90
1296 90
1297 90
1298 90
1299 90
1300 90
1301 90
1302 90
1303 90
1304 90
1305 90
1306 90
1307 90
1308 90
1309 90
1310 100
1311 100
1312 100
1313 100
1314 70
1315 70
1316 70
1317 80
1318 80
1319 90
1320 90
1321 90
1322 80
1323 80
1324 80
1325 20
1326 20
1327 20
1328 30
1329 30
1330 30
1331 30
1332 50
1333 50
1334 70
1335 70
1336 70
1337 80
1338 80
1339 90
1340 90
1341 90
1342 90
1343 90
1344 90
1345 90
1346 100
1347 50
1348 50
1349 50
1350 50
1351 50
1352 50
1353 50
1354 50
1355 50
1356 50
1357 60
1358 60
1359 60
1360 60
1361 60
1362 60
1363 60
1364 60
1365 40
1366 40
1367 40
1368 40
1369 100
1370 100
1371 100
1372 100
1373 100
1374 100
1375 100
1376 100
1377 100
1378 100
1379 100
1380 100
1381 100
1382 100
1383 100
1384 100
1385 100
1386 90
1387 90
1388 90
1389 90
1390 90
1391 100
1392 100
1393 100
1394 100
1395 100
1396 100
1397 100
1398 70
1399 70
1400 70
1401 70
1402 80
1403 70
1404 70
1405 70
1406 70
1407 60
1408 60
1409 60
1410 50
1411 50
1412 60
1413 100
1414 100
1415 100
1416 100
1417 100
1418 100
1419 100
1420 100
1421 100
1422 100
1423 100
1424 100
1425 100
1426 100
1427 100
1428 100
1429 90
1430 90
1431 90
1432 90
1433 100
1434 100
1435 100
1436 100
1437 100
1438 100
1439 100
1440 100
1441 100
1442 100
1443 100
1444 100
1445 100
1446 90
1447 90
1448 90
1449 80
1450 70
1451 70
1452 70
1453 80
1454 80
1455 70
1456 70
1457 100
1458 100
1459 100
1460 100
1461 100
1462 100
1463 90
1464 90
1465 90
1466 90
1467 90
1468 90
1469 100
1470 80
1471 80
1472 80
1473 80
1474 90
1475 90
1476 90
1477 70
1478 70
1479 30
1480 30
1481 30
1482 30
1483 30
1484 30
1485 30
1486 30
1487 30
1488 30
1489 30
1490 30
1491 30
1492 30
1493 30
1494 30
1495 20
1496 20
1497 20
1498 20
1499 20
1500 20
1501 30
1502 30
1503 30
1504 30
1505 30
1506 30
1507 30
1508 30
1509 30
1510 30
1511 30
1512 30
1513 30
1514 30
1515 30
1516 50
1517 50
1518 50
1519 60
1520 60
1521 70
1522 80
1523 100
1524 100
1525 100
1526 100
1527 100
1528 100
1529 100
1530 100
1531 80
1532 80
1533 80
1534 60
1535 60
1536 60
1537 70
1538 60
1539 60
1540 60
1541 70
1542 70
1543 70
1544 80
1545 100
1546 100
1547 100
1548 100
1549 100
1550 100
1551 100
1552 100
1553 100
1554 100
1555 100
1556 100
1557 100
1558 90
1559 90
1560 90
1561 90
1562 90
1563 90
1564 90
1565 90
1566 80
1567 90
1568 90
1569 90
1570 90
1571 90
1572 90
1573 90
1574 90
1575 90
1576 90
1577 90
1578 90
1579 90
1580 90
1581 90
1582 90
1583 90
1584 90
1585 90
1586 90
1587 80
1588 80
1589 70
1590 70
1591 70
1592 70
1593 70
1594 70
1595 70
1596 70
1597 70
1598 70
1599 70
1600 60
1601 60
1602 60
1603 50
1604 50
1605 50
1606 50
1607 50
1608 50
1609 40
1610 40
1611 100
1612 100
1613 100
1614 100
1615 100
1616 100
1617 100
1618 100
1619 100
1620 100
1621 100
1622 100
1623 90
1624 90
1625 90
1626 90
1627 90
1628 90
1629 90
1630 60
1631 60
1632 60
1633 100
1634 100
1635 100
1636 100
1637 100
1638 100
1639 100
1640 100
1641 100
1642 100
1643 100
1644 100
1645 100
1646 100
1647 100
1648 100
1649 100
1650 90
1651 90
1652 100
1653 100
1654 100
1655 30
1656 30
1657 30
1658 30
1659 10
1660 20
1661 40
1662 50
1663 60
1664 70
1665 70
1666 100
1667 100
1668 100
1669 100
1670 100
1671 100
1672 100
1673 100
1674 90
1675 90
1676 100
1677 40
1678 50
1679 50
1680 60
1681 70
1682 70
1683 80
1684 80
1685 90
1686 50
1687 50
1688 50
1689 50
1690 50
1691 50
1692 50
1693 60
1694 60
1695 60
1696 40
1697 50
1698 50
1699 50
1700 50
1701 50
1702 50
1703 50
1704 50
1705 60
1706 60
1707 50
1708 90
1709 90
1710 90
1711 90
1712 90
1713 90
1714 90
1715 100
1716 100
1717 100
1718 100
1719 100
1720 100
1721 100
1722 100
1723 100
1724 100
1725 100
1726 80
1727 80
1728 80
1729 90
1730 90
1731 90
1732 90
1733 90
1734 90
1735 90
1736 90
1737 90
1738 90
1739 90
1740 90
1741 90
1742 90
1743 90
1744 60
1745 60
1746 50
1747 50
1748 50
1749 50
1750 50
1751 60
1752 100
1753 100
1754 100
1755 100
1756 100
1757 100
1758 100
1759 100
1760 100
1761 100
1762 100
1763 100
1764 90
1765 90
1766 90
1767 90
1768 90
1769 90
1770 90
1771 90
1772 90
1773 90
1774 90
1775 90
1776 90
1777 90
1778 90
1779 90
1780 90
1781 90
1782 90
1783 90
1784 90
1785 90
1786 90
1787 90
1788 90
1789 90
1790 70
1791 70
1792 80
1793 70
1794 70
1795 70
