0 1 0
1 1 0
2 1 0
3 1 0
4 1 0
5 1 0
6 1 0
7 1 0
8 1 0
9 1 0
10 1 0
11 1 0
12 1 0
13 1 0
14 1 0
15 1 0
16 1 0
17 1 0
18 1 0
19 1 0
20 1 0
21 1 0
22 1 0
23 1 0
24 1 0
25 1 0
26 1 0
27 1 1
28 1 1
29 1 0
30 1 0
31 1 0
32 1 0
33 1 0
34 1 0
35 1 1
36 1 1
37 1 1
38 1 1
39 1 0
40 1 1
41 1 1
42 1 1
43 1 1
44 1 0
45 1 0
46 1 0
47 1 0
48 1 0
49 1 0
50 1 0
51 1 0
52 1 0
53 1 0
54 1 0
55 1 0
56 1 0
57 1 0
58 1 0
59 1 0
60 1 0
61 1 0
62 1 0
63 1 0
64 1 0
65 1 0
66 1 0
67 1 0
68 1 0
69 1 0
70 1 0
71 1 0
72 1 0
73 1 0
74 1 0
75 1 0
76 1 0
77 1 1
78 1 0
79 1 0
80 1 0
81 1 0
82 1 0
83 1 0
84 1 0
85 1 0
86 1 0
87 1 1
88 1 0
89 1 0
90 1 1
91 1 0
92 1 1
93 1 1
94 1 0
95 1 1
96 1 0
97 1 0
98 1 0
99 1 0
100 1 1
101 1 1
102 1 1
103 1 0
104 1 1
105 1 0
106 1 1
107 1 0
108 1 0
109 1 1
110 1 0
111 1 0
112 1 0
113 1 0
114 1 0
115 1 0
116 1 0
117 1 0
118 1 0
119 1 0
120 1 0
121 1 0
122 1 1
123 1 1
124 1 1
125 1 1
126 1 1
127 1 1
128 1 1
129 1 1
130 1 1
131 1 1
132 1 0
133 1 0
134 1 0
135 1 0
136 1 0
137 1 0
138 1 0
139 1 0
140 1 0
141 1 0
142 1 0
143 1 0
144 1 0
145 1 0
146 1 0
147 1 0
148 1 0
149 1 0
150 1 0
151 1 0
152 1 0
153 1 0
154 1 0
155 1 0
156 1 1
157 1 0
158 1 1
159 1 1
160 1 0
161 1 1
162 1 1
163 1 0
164 1 1
165 1 1
166 1 1
167 1 1
168 1 1
169 1 1
170 1 1
171 1 0
172 1 1
173 1 1
174 1 0
175 1 1
176 1 0
177 1 0
178 1 0
179 1 0
180 1 0
181 1 0
182 1 0
183 1 0
184 1 0
185 1 0
186 1 0
187 1 0
188 1 0
189 1 0
190 1 0
191 1 1
192 1 1
193 1 1
194 1 1
195 1 1
196 1 1
197 1 1
198 1 0
199 1 0
200 1 0
201 1 0
202 1 1
203 1 1
204 1 1
205 1 0
206 1 0
207 1 0
208 1 0
209 1 0
210 1 0
211 1 0
212 1 0
213 1 0
214 1 1
215 1 1
216 1 1
217 1 1
218 1 1
219 1 1
220 1 0
221 1 0
222 1 0
223 1 1
224 1 0
225 1 1
226 1 1
227 1 1
228 1 1
229 1 0
230 1 1
231 1 1
232 1 1
233 1 1
234 1 1
235 1 1
236 1 1
237 1 1
238 1 1
239 1 1
240 1 1
241 1 1
242 1 0
243 1 1
244 1 1
245 1 1
246 1 0
247 1 0
248 1 0
249 1 0
250 1 0
251 1 0
252 1 0
253 1 0
254 1 0
255 1 1
256 1 0
257 1 0
258 1 1
259 1 0
260 1 1
261 1 1
262 1 1
263 1 1
264 1 0
265 1 0
266 1 0
267 1 0
268 1 1
269 1 1
270 1 0
271 1 0
272 1 0
273 1 0
274 1 0
275 1 0
276 1 0
277 1 0
278 1 0
279 1 0
280 1 0
281 1 0
282 1 0
283 1 0
284 1 0
285 1 0
286 1 0
287 1 0
288 1 0
289 1 0
290 1 0
291 1 0
292 1 0
293 1 0
294 1 0
295 1 0
296 1 0
297 1 0
298 1 0
299 1 0
300 1 0
301 1 0
302 1 0
303 1 0
304 1 0
305 1 0
306 1 0
307 1 0
308 1 1
309 1 1
310 1 1
311 1 1
312 1 1
313 1 1
314 1 1
315 1 1
316 1 1
317 1 1
318 1 1
319 1 1
320 1 1
321 1 1
322 1 1
323 1 1
324 1 1
325 1 1
326 1 1
327 1 1
328 1 1
329 1 1
330 1 0
331 1 0
332 1 1
333 1 1
334 1 0
335 1 0
336 1 0
337 1 0
338 1 0
339 1 0
340 1 0
341 1 0
342 1 0
343 1 0
344 1 0
345 1 0
346 1 0
347 1 0
348 1 0
349 1 0
350 1 0
351 1 0
352 1 0
353 1 0
354 1 0
355 1 0
356 1 1
357 1 1
358 1 1
359 1 1
360 1 1
361 1 1
362 1 1
363 1 1
364 1 1
365 1 1
366 1 1
367 1 1
368 1 1
369 1 1
370 1 1
371 1 1
372 1 1
373 1 1
374 1 0
375 1 0
376 1 0
377 1 0
378 1 0
379 1 0
380 1 0
381 1 0
382 1 0
383 1 0
384 1 1
385 1 0
386 1 0
387 1 0
388 1 0
389 1 0
390 1 0
391 1 0
392 1 0
393 1 0
394 1 0
395 1 0
396 1 0
397 1 0
398 1 0
399 1 0
400 1 0
401 1 0
402 1 0
403 1 1
404 1 0
405 1 0
406 1 0
407 1 0
408 1 0
409 1 0
410 1 0
411 1 0
412 1 0
413 1 0
414 1 0
415 1 0
416 1 0
417 1 0
418 1 0
419 1 0
420 1 0
421 1 0
422 1 0
423 1 0
424 1 1
425 1 1
426 1 0
427 1 0
428 1 1
429 1 1
430 1 1
431 1 1
432 1 1
433 1 1
434 1 1
435 1 1
436 1 1
437 1 1
438 1 1
439 1 1
440 1 1
441 1 1
442 1 1
443 1 1
444 1 1
445 1 1
446 1 1
447 1 0
448 1 0
449 1 0
450 1 0
451 1 0
452 1 0
453 1 0
454 1 0
455 1 0
456 1 0
457 1 0
458 1 0
459 1 0
460 1 0
461 1 0
462 1 0
463 1 0
464 1 1
465 1 0
466 1 1
467 1 0
468 1 0
469 1 0
470 1 0
471 1 0
472 1 0
473 1 0
474 1 0
475 1 0
476 1 0
477 1 0
478 1 0
479 1 0
480 1 0
481 1 0
482 1 0
483 1 0
484 1 0
485 1 0
486 1 0
487 1 0
488 1 0
489 1 0
490 1 0
491 1 0
492 1 0
493 1 0
494 1 0
495 1 0
496 1 0
497 1 0
498 1 0
499 1 0
500 1 0
501 1 0
502 1 0
503 1 0
504 1 0
505 1 0
506 1 0
507 1 0
508 1 0
509 1 0
510 1 1
511 1 0
512 1 0
513 1 0
514 1 0
515 1 0
516 1 1
517 1 1
518 1 1
519 1 0
520 1 0
521 1 1
522 1 0
523 1 0
524 1 0
525 1 0
526 1 0
527 1 0
528 1 0
529 1 0
530 1 0
531 1 0
532 1 0
533 1 0
534 1 0
535 1 0
536 1 0
537 1 0
538 1 0
539 1 0
540 1 0
541 1 0
542 1 0
543 1 1
544 1 0
545 1 0
546 1 0
547 1 0
548 1 0
549 1 0
550 1 0
551 1 0
552 1 0
553 1 0
554 1 0
555 1 0
556 1 0
557 1 0
558 1 0
559 1 0
560 1 0
561 1 0
562 1 0
563 1 0
564 1 1
565 1 1
566 1 0
567 1 0
568 1 0
569 1 0
570 1 0
571 1 0
572 1 0
573 1 0
574 1 1
575 1 1
576 1 1
577 1 1
578 1 1
579 1 1
580 1 0
581 1 1
582 1 1
583 1 1
584 1 1
585 1 1
586 1 1
587 1 1
588 1 1
589 1 1
590 1 1
591 1 0
592 1 0
593 1 0
594 1 0
595 1 0
596 1 0
597 1 0
598 1 0
599 1 0
600 1 0
601 1 0
602 1 0
603 1 0
604 1 0
605 1 0
606 1 0
607 1 0
608 1 0
609 1 0
610 1 0
611 1 0
612 1 0
613 1 0
614 1 0
615 1 0
616 1 0
617 1 0
618 1 0
619 1 0
620 1 0
621 1 0
622 1 0
623 1 0
624 1 0
625 1 0
626 1 0
627 1 0
628 1 0
629 1 0
630 1 0
631 1 0
632 1 0
633 1 0
634 1 0
635 1 0
636 1 1
637 1 1
638 1 1
639 1 1
640 1 1
641 1 1
642 1 1
643 1 1
644 1 1
645 1 1
646 1 1
647 1 1
648 1 1
649 1 1
650 1 1
651 1 0
652 1 0
653 1 0
654 1 0
655 1 1
656 1 0
657 1 0
658 1 0
659 1 0
660 1 0
661 1 0
662 1 0
663 1 0
664 1 0
665 1 0
666 1 0
667 1 0
668 1 0
669 1 0
670 1 0
671 1 0
672 1 0
673 1 0
674 1 1
675 1 0
676 1 1
677 1 1
678 1 0
679 1 0
680 1 0
681 1 0
682 1 0
683 1 0
684 1 0
685 1 0
686 1 0
687 1 0
688 1 0
689 1 0
690 1 0
691 1 0
692 1 0
693 1 0
694 1 0
695 1 1
696 1 1
697 1 1
698 1 1
699 1 1
700 1 1
701 1 1
702 1 1
703 1 1
704 1 1
705 1 1
706 1 1
707 1 1
708 1 1
709 1 1
710 1 1
711 1 1
712 1 1
713 1 1
714 1 1
715 1 1
716 1 1
717 1 0
718 1 0
719 1 0
720 1 0
721 1 0
722 1 0
723 1 0
724 1 0
725 1 0
726 1 0
727 1 0
728 1 1
729 1 1
730 1 1
731 1 1
732 1 1
733 1 1
734 1 1
735 1 1
736 1 1
737 1 1
738 1 1
739 1 0
740 1 1
741 1 1
742 1 1
743 1 1
744 1 1
745 1 1
746 1 0
747 1 0
748 1 0
749 1 0
750 1 0
751 1 0
752 1 0
753 1 0
754 1 0
755 1 0
756 1 0
757 1 0
758 1 0
759 1 0
760 1 0
761 1 0
762 1 0
763 1 0
764 1 0
765 1 0
766 1 0
767 1 0
768 1 1
769 1 0
770 1 0
771 1 1
772 1 1
773 1 1
774 1 1
775 1 1
776 1 1
777 1 1
778 1 1
779 1 1
780 1 1
781 1 1
782 1 1
783 1 0
784 1 0
785 1 0
786 1 1
787 1 1
788 1 1
789 1 0
790 1 0
791 1 0
792 1 0
793 1 1
794 1 0
795 1 0
796 1 0
797 1 0
798 1 0
799 1 0
800 1 0
801 1 0
802 1 0
803 1 0
804 1 0
805 1 0
806 1 0
807 1 0
808 1 0
809 1 0
810 1 0
811 1 0
812 1 0
813 1 0
814 1 0
815 1 0
816 1 0
817 1 0
818 1 0
819 1 0
820 1 0
821 1 0
822 1 0
823 1 0
824 1 0
825 1 0
826 1 0
827 1 0
828 1 1
829 1 0
830 1 0
831 1 1
832 1 1
833 1 0
834 1 0
835 1 0
836 1 0
837 1 1
838 1 0
839 1 0
840 1 0
841 1 0
842 1 0
843 1 0
844 1 0
845 1 0
846 1 0
847 1 0
848 1 1
849 1 0
850 1 1
851 1 1
852 1 1
853 1 1
854 1 1
855 1 1
856 1 0
857 1 0
858 1 0
859 1 1
860 1 1
861 1 1
862 1 1
863 1 1
864 1 0
865 1 1
866 1 0
867 1 1
868 1 1
869 1 1
870 1 1
871 1 0
872 1 1
873 1 1
874 1 1
875 1 1
876 1 1
877 1 0
878 1 1
879 1 0
880 1 0
881 1 1
882 1 1
883 1 1
884 1 1
885 1 1
886 1 1
887 1 1
888 1 1
889 1 0
890 1 0
891 1 1
892 1 1
893 1 0
894 1 0
895 1 0
896 1 0
897 1 0
898 1 0
899 1 1
900 1 1
901 1 1
902 1 0
903 1 1
904 1 1
905 1 1
906 1 1
907 1 0
908 1 0
909 1 1
910 1 0
911 1 0
912 1 0
913 1 0
914 1 0
915 1 1
916 1 1
917 1 1
918 1 1
919 1 1
920 1 1
921 1 1
922 1 1
923 1 1
924 1 1
925 1 1
926 1 1
927 1 1
928 1 1
929 1 1
930 1 1
931 1 1
932 1 1
933 1 1
934 1 1
935 1 1
936 1 1
937 1 0
938 1 0
939 1 0
940 1 0
941 1 0
942 1 0
943 1 0
944 1 0
945 1 0
946 1 0
947 1 0
948 1 0
949 1 0
950 1 0
951 1 0
952 1 0
953 1 0
954 1 0
955 1 0
956 1 0
957 1 0
958 1 0
959 1 0
960 1 0
961 1 0
962 1 1
963 1 1
964 1 1
965 1 1
966 1 0
967 1 0
968 1 0
969 1 1
970 1 0
971 1 0
972 1 0
973 1 0
974 1 0
975 1 0
976 1 0
977 1 0
978 1 0
979 1 0
980 1 0
981 1 0
982 1 1
983 1 1
984 1 1
985 1 1
986 1 1
987 1 1
988 1 1
989 1 1
990 1 1
991 1 1
992 1 1
993 1 1
994 1 1
995 1 0
996 1 1
997 1 1
998 1 1
999 1 1
1000 1 1
1001 1 1
1002 1 1
1003 1 0
1004 1 0
1005 1 0
1006 1 0
1007 1 1
1008 1 1
1009 1 1
1010 1 1
1011 1 0
1012 1 0
1013 1 1
1014 1 1
1015 1 1
1016 1 1
1017 1 1
1018 1 1
1019 1 1
1020 1 1
1021 1 1
1022 1 1
1023 1 1
1024 1 1
1025 1 0
1026 1 1
1027 1 1
1028 1 1
1029 1 1
1030 1 1
1031 1 1
1032 1 1
1033 1 1
1034 1 1
1035 1 1
1036 1 0
1037 1 0
1038 1 0
1039 1 0
1040 1 0
1041 1 0
1042 1 0
1043 1 0
1044 1 0
1045 1 0
1046 1 0
1047 1 0
1048 1 0
1049 1 1
1050 1 1
1051 1 1
1052 1 1
1053 1 1
1054 1 1
1055 1 1
1056 1 1
1057 1 1
1058 1 1
1059 1 1
1060 1 1
1061 1 1
1062 1 1
1063 1 1
1064 1 1
1065 1 1
1066 1 1
1067 1 1
1068 1 1
1069 1 0
1070 1 0
1071 1 0
1072 1 0
1073 1 0
1074 1 0
1075 1 0
1076 1 0
1077 1 0
1078 1 0
1079 1 0
1080 1 0
1081 1 0
1082 1 0
1083 1 0
1084 1 0
1085 1 0
1086 1 0
1087 1 0
1088 1 0
1089 1 0
1090 1 0
1091 1 0
1092 1 1
1093 1 1
1094 1 1
1095 1 1
1096 1 1
1097 1 1
1098 1 1
1099 1 1
1100 1 1
1101 1 1
1102 1 1
1103 1 1
1104 1 1
1105 1 1
1106 1 1
1107 1 1
1108 1 1
1109 1 1
1110 1 1
1111 1 1
1112 1 1
1113 1 0
1114 1 1
1115 1 1
1116 1 1
1117 1 1
1118 1 1
1119 1 1
1120 1 0
1121 1 0
1122 1 0
1123 1 1
1124 1 0
1125 1 0
1126 1 0
1127 1 0
1128 1 0
1129 1 1
1130 1 0
1131 1 0
1132 1 0
1133 1 0
1134 1 0
1135 1 0
1136 1 0
1137 1 0
1138 1 1
1139 1 1
1140 1 0
1141 1 0
1142 1 0
1143 1 0
1144 1 0
1145 1 0
1146 1 0
1147 1 0
1148 1 0
1149 1 0
1150 1 0
1151 1 0
1152 1 0
1153 1 0
1154 1 0
1155 1 0
1156 1 0
1157 1 0
1158 1 0
1159 1 0
1160 1 0
1161 1 0
1162 1 1
1163 1 0
1164 1 1
1165 1 1
1166 1 1
1167 1 1
1168 1 1
1169 1 1
1170 1 1
1171 1 1
1172 1 1
1173 1 1
1174 1 1
1175 1 1
1176 1 0
1177 1 1
1178 1 1
1179 1 0
1180 1 0
1181 1 0
1182 1 0
1183 1 0
1184 1 0
1185 1 0
1186 1 0
1187 1 0
1188 1 0
1189 1 0
1190 1 0
1191 1 0
1192 1 0
1193 1 0
1194 1 0
1195 1 0
1196 1 0
1197 1 0
1198 1 0
1199 1 0
1200 1 0
1201 1 0
1202 1 0
1203 1 0
1204 1 0
1205 1 0
1206 1 0
1207 1 0
1208 1 0
1209 1 0
1210 1 0
1211 1 0
1212 1 0
1213 1 0
1214 1 0
1215 1 0
1216 1 0
1217 1 0
1218 1 0
1219 1 0
1220 1 0
1221 1 0
1222 1 0
1223 1 0
1224 1 0
1225 1 0
1226 1 0
1227 1 0
1228 1 0
1229 1 0
1230 1 0
1231 1 0
1232 1 0
1233 1 0
1234 1 0
1235 1 0
1236 1 0
1237 1 0
1238 1 0
1239 1 1
1240 1 1
1241 1 0
1242 1 1
1243 1 1
1244 1 0
1245 1 0
1246 1 1
1247 1 1
1248 1 1
1249 1 0
1250 1 1
1251 1 0
1252 1 0
1253 1 1
1254 1 1
1255 1 1
1256 1 1
1257 1 1
1258 1 1
1259 1 0
1260 1 0
1261 1 0
1262 1 0
1263 1 0
1264 1 0
1265 1 0
1266 1 0
1267 1 0
1268 1 0
1269 1 0
1270 1 0
1271 1 0
1272 1 0
1273 1 0
1274 1 0
1275 1 0
1276 1 0
1277 1 0
1278 1 0
1279 1 0
1280 1 0
1281 1 0
1282 1 1
1283 1 1
1284 1 1
1285 1 1
1286 1 1
1287 1 1
1288 1 0
1289 1 0
1290 1 0
1291 1 1
1292 1 0
1293 1 0
1294 1 0
1295 1 0
1296 1 0
1297 1 0
1298 1 0
1299 1 0
1300 1 0
1301 1 0
1302 1 0
1303 1 0
1304 1 0
1305 1 0
1306 1 1
1307 1 1
1308 1 1
1309 1 0
1310 1 0
1311 1 0
1312 1 0
1313 1 0
1314 1 0
1315 1 0
1316 1 0
1317 1 0
1318 1 0
1319 1 0
1320 1 0
1321 1 0
1322 1 0
1323 1 0
1324 1 0
1325 1 0
1326 1 0
1327 1 0
1328 1 0
1329 1 0
1330 1 0
1331 1 0
1332 1 0
1333 1 0
1334 1 0
1335 1 0
1336 1 0
1337 1 0
1338 1 0
1339 1 0
1340 1 0
1341 1 0
1342 1 0
1343 1 0
1344 1 0
1345 1 0
1346 1 0
1347 1 1
1348 1 1
1349 1 1
1350 1 1
1351 1 1
1352 1 1
1353 1 1
1354 1 1
1355 1 1
1356 1 1
1357 1 1
1358 1 1
1359 1 1
1360 1 1
1361 1 1
1362 1 1
1363 1 1
1364 1 1
1365 1 1
1366 1 1
1367 1 1
1368 1 1
1369 1 0
1370 1 1
1371 1 0
1372 1 0
1373 1 1
1374 1 1
1375 1 1
1376 1 1
1377 1 1
1378 1 1
1379 1 1
1380 1 1
1381 1 1
1382 1 1
1383 1 1
1384 1 1
1385 1 1
1386 1 0
1387 1 0
1388 1 0
1389 1 0
1390 1 0
1391 1 0
1392 1 1
1393 1 1
1394 1 1
1395 1 1
1396 1 1
1397 1 1
1398 1 1
1399 1 1
1400 1 1
1401 1 1
1402 1 1
1403 1 1
1404 1 1
1405 1 1
1406 1 1
1407 1 1
1408 1 1
1409 1 1
1410 1 1
1411 1 1
1412 1 1
1413 1 0
1414 1 0
1415 1 0
1416 1 1
1417 1 1
1418 1 1
1419 1 1
1420 1 0
1421 1 0
1422 1 0
1423 1 1
1424 1 0
1425 1 1
1426 1 0
1427 1 0
1428 1 0
1429 1 0
1430 1 0
1431 1 0
1432 1 0
1433 1 1
1434 1 1
1435 1 0
1436 1 0
1437 1 0
1438 1 0
1439 1 0
1440 1 0
1441 1 0
1442 1 0
1443 1 0
1444 1 0
1445 1 0
1446 1 0
1447 1 0
1448 1 0
1449 1 0
1450 1 0
1451 1 1
1452 1 0
1453 1 1
1454 1 1
1455 1 0
1456 1 0
1457 1 0
1458 1 0
1459 1 0
1460 1 0
1461 1 1
1462 1 1
1463 1 1
1464 1 1
1465 1 1
1466 1 0
1467 1 0
1468 1 0
1469 1 0
1470 1 0
1471 1 0
1472 1 1
1473 1 1
1474 1 1
1475 1 0
1476 1 0
1477 1 1
1478 1 1
1479 1 1
1480 1 0
1481 1 0
1482 1 1
1483 1 1
1484 1 1
1485 1 1
1486 1 1
1487 1 1
1488 1 1
1489 1 1
1490 1 1
1491 1 1
1492 1 1
1493 1 1
1494 1 1
1495 1 1
1496 1 1
1497 1 1
1498 1 1
1499 1 1
1500 1 1
1501 1 1
1502 1 1
1503 1 1
1504 1 1
1505 1 1
1506 1 1
1507 1 1
1508 1 1
1509 1 1
1510 1 1
1511 1 1
1512 1 1
1513 1 1
1514 1 1
1515 1 1
1516 1 0
1517 1 0
1518 1 0
1519 1 0
1520 1 0
1521 1 0
1522 1 0
1523 1 1
1524 1 1
1525 1 1
1526 1 1
1527 1 1
1528 1 1
1529 1 1
1530 1 1
1531 1 1
1532 1 1
1533 1 1
1534 1 1
1535 1 1
1536 1 1
1537 1 1
1538 1 1
1539 1 1
1540 1 1
1541 1 1
1542 1 1
1543 1 1
1544 1 1
1545 1 1
1546 1 1
1547 1 1
1548 1 1
1549 1 1
1550 1 1
1551 1 1
1552 1 1
1553 1 1
1554 1 1
1555 1 1
1556 1 1
1557 1 1
1558 1 1
1559 1 1
1560 1 1
1561 1 1
1562 1 1
1563 1 1
1564 1 1
1565 1 1
1566 1 1
1567 1 0
1568 1 0
1569 1 0
1570 1 0
1571 1 1
1572 1 1
1573 1 0
1574 1 0
1575 1 0
1576 1 0
1577 1 1
1578 1 0
1579 1 0
1580 1 0
1581 1 0
1582 1 0
1583 1 0
1584 1 0
1585 1 0
1586 1 0
1587 1 0
1588 1 0
1589 1 0
1590 1 0
1591 1 0
1592 1 1
1593 1 1
1594 1 1
1595 1 1
1596 1 1
1597 1 1
1598 1 1
1599 1 1
1600 1 1
1601 1 1
1602 1 1
1603 1 1
1604 1 1
1605 1 1
1606 1 1
1607 1 1
1608 1 1
1609 1 1
1610 1 1
1611 1 0
1612 1 0
1613 1 0
1614 1 0
1615 1 1
1616 1 1
1617 1 0
1618 1 0
1619 1 0
1620 1 0
1621 1 0
1622 1 0
1623 1 0
1624 1 0
1625 1 0
1626 1 0
1627 1 0
1628 1 0
1629 1 0
1630 1 0
1631 1 0
1632 1 1
1633 1 0
1634 1 1
1635 1 1
1636 1 1
1637 1 1
1638 1 1
1639 1 1
1640 1 1
1641 1 0
1642 1 0
1643 1 0
1644 1 0
1645 1 0
1646 1 0
1647 1 0
1648 1 0
1649 1 0
1650 1 0
1651 1 0
1652 1 0
1653 1 0
1654 1 0
1655 1 0
1656 1 0
1657 1 1
1658 1 1
1659 1 0
1660 1 0
1661 1 0
1662 1 0
1663 1 0
1664 1 0
1665 1 0
1666 1 0
1667 1 0
1668 1 0
1669 1 0
1670 1 0
1671 1 0
1672 1 0
1673 1 0
1674 1 0
1675 1 0
1676 1 0
1677 1 0
1678 1 0
1679 1 0
1680 1 0
1681 1 0
1682 1 0
1683 1 0
1684 1 0
1685 1 0
1686 1 0
1687 1 0
1688 1 0
1689 1 0
1690 1 1
1691 1 1
1692 1 1
1693 1 1
1694 1 0
1695 1 0
1696 1 0
1697 1 0
1698 1 0
1699 1 0
1700 1 0
1701 1 0
1702 1 1
1703 1 1
1704 1 0
1705 1 0
1706 1 0
1707 1 0
1708 1 0
1709 1 1
1710 1 1
1711 1 1
1712 1 1
1713 1 1
1714 1 1
1715 1 0
1716 1 0
1717 1 0
1718 1 0
1719 1 0
1720 1 0
1721 1 0
1722 1 0
1723 1 0
1724 1 0
1725 1 0
1726 1 0
1727 1 0
1728 1 0
1729 1 0
1730 1 0
1731 1 0
1732 1 0
1733 1 0
1734 1 1
1735 1 0
1736 1 1
1737 1 0
1738 1 0
1739 1 0
1740 1 0
1741 1 0
1742 1 0
1743 1 0
1744 1 0
1745 1 1
1746 1 0
1747 1 0
1748 1 0
1749 1 0
1750 1 0
1751 1 1
1752 1 0
1753 1 0
1754 1 0
1755 1 0
1756 1 1
1757 1 1
1758 1 0
1759 1 0
1760 1 0
1761 1 0
1762 1 0
1763 1 0
1764 1 0
1765 1 0
1766 1 0
1767 1 0
1768 1 0
1769 1 0
1770 1 0
1771 1 0
1772 1 0
1773 1 1
1774 1 0
1775 1 1
1776 1 1
1777 1 1
1778 1 1
1779 1 1
1780 1 0
1781 1 0
1782 1 0
1783 1 0
1784 1 0
1785 1 0
1786 1 0
1787 1 0
1788 1 0
1789 1 0
1790 1 0
1791 1 0
1792 1 0
1793 1 0
1794 1 0
1795 1 0
