0 320
1 320
2 320
3 320
4 320
5 320
6 320
7 320
8 320
9 320
10 320
11 320
12 320
13 320
14 320
15 320
16 320
17 320
18 320
19 320
20 320
21 320
22 340
23 340
24 340
25 340
26 340
27 340
28 340
29 340
30 340
31 340
32 340
33 340
34 340
35 340
36 340
37 340
38 340
39 340
40 340
41 340
42 340
43 340
44 390
45 390
46 390
47 390
48 390
49 390
50 390
51 390
52 390
53 390
54 390
55 390
56 390
57 390
58 390
59 390
60 390
61 390
62 390
63 390
64 390
65 390
66 350
67 350
68 350
69 350
70 350
71 350
72 350
73 350
74 350
75 350
76 350
77 350
78 350
79 350
80 350
81 350
82 350
83 350
84 350
85 350
86 350
87 350
88 270
89 270
90 270
91 270
92 270
93 270
94 270
95 270
96 270
97 270
98 270
99 270
100 270
101 270
102 270
103 270
104 270
105 270
106 270
107 270
108 270
109 270
110 250
111 250
112 250
113 250
114 250
115 250
116 250
117 250
118 250
119 250
120 250
121 250
122 250
123 250
124 250
125 250
126 250
127 250
128 250
129 250
130 250
131 250
132 320
133 320
134 320
135 320
136 320
137 320
138 320
139 320
140 320
141 320
142 320
143 320
144 320
145 320
146 320
147 320
148 320
149 320
150 320
151 320
152 320
153 320
154 400
155 400
156 400
157 400
158 400
159 400
160 400
161 400
162 400
163 400
164 400
165 400
166 400
167 400
168 400
169 400
170 400
171 400
172 400
173 400
174 400
175 400
176 280
177 280
178 280
179 280
180 280
181 280
182 280
183 280
184 280
185 280
186 280
187 280
188 280
189 280
190 280
191 280
192 280
193 280
194 280
195 280
196 280
197 280
198 350
199 350
200 350
201 350
202 350
203 350
204 350
205 350
206 350
207 350
208 350
209 350
210 350
211 350
212 350
213 350
214 350
215 350
216 350
217 350
218 350
219 350
220 400
221 400
222 400
223 400
224 400
225 400
226 400
227 400
228 400
229 400
230 400
231 400
232 400
233 400
234 400
235 400
236 400
237 400
238 400
239 400
240 400
241 400
242 450
243 450
244 450
245 450
246 450
247 450
248 450
249 450
250 450
251 450
252 450
253 450
254 450
255 450
256 450
257 450
258 450
259 450
260 450
261 450
262 450
263 450
264 370
265 370
266 370
267 370
268 370
269 370
270 370
271 370
272 370
273 370
274 370
275 370
276 370
277 370
278 370
279 370
280 370
281 370
282 370
283 370
284 370
285 370
286 320
287 320
288 320
289 320
290 320
291 320
292 320
293 320
294 320
295 320
296 320
297 320
298 320
299 320
300 320
301 320
302 320
303 320
304 320
305 320
306 320
307 320
308 360
309 360
310 360
311 360
312 360
313 360
314 360
315 360
316 360
317 360
318 360
319 360
320 360
321 360
322 360
323 360
324 360
325 360
326 360
327 360
328 360
329 360
330 440
331 440
332 440
333 440
334 440
335 440
336 440
337 440
338 440
339 440
340 440
341 440
342 440
343 440
344 440
345 440
346 440
347 440
348 440
349 440
350 440
351 440
352 390
353 390
354 390
355 390
356 390
357 390
358 390
359 390
360 390
361 390
362 390
363 390
364 390
365 390
366 390
367 390
368 390
369 390
370 390
371 390
372 390
373 390
374 390
375 390
376 390
377 390
378 390
379 390
380 390
381 390
382 390
383 390
384 390
385 390
386 390
387 390
388 390
389 390
390 390
391 390
392 390
393 390
394 390
395 390
396 450
397 450
398 450
399 450
400 450
401 450
402 450
403 450
404 450
405 450
406 450
407 450
408 450
409 450
410 450
411 450
412 450
413 450
414 450
415 450
416 450
417 450
418 450
419 450
420 450
421 450
422 450
423 450
424 450
425 450
426 450
427 450
428 450
429 450
430 450
431 450
432 450
433 450
434 450
435 450
436 450
437 450
438 450
439 450
440 430
441 430
442 430
443 430
444 430
445 430
446 430
447 430
448 430
449 430
450 430
451 430
452 430
453 430
454 430
455 430
456 430
457 430
458 430
459 430
460 430
461 430
462 340
463 340
464 340
465 340
466 340
467 340
468 340
469 340
470 340
471 340
472 340
473 340
474 340
475 340
476 340
477 340
478 340
479 340
480 340
481 340
482 340
483 340
484 400
485 400
486 400
487 400
488 400
489 400
490 400
491 400
492 400
493 400
494 400
495 400
496 400
497 350
498 350
499 350
500 350
501 350
502 350
503 350
504 350
505 350
506 350
507 350
508 350
509 350
510 350
511 350
512 350
513 350
514 350
515 350
516 350
517 350
518 350
519 390
520 390
521 390
522 390
523 390
524 390
525 390
526 390
527 390
528 390
529 390
530 390
531 390
532 390
533 390
534 390
535 390
536 390
537 390
538 390
539 390
540 390
541 300
542 300
543 300
544 300
545 300
546 300
547 300
548 300
549 300
550 300
551 300
552 300
553 300
554 300
555 300
556 300
557 300
558 300
559 300
560 300
561 300
562 300
563 350
564 350
565 350
566 350
567 350
568 350
569 350
570 350
571 350
572 350
573 350
574 350
575 350
576 350
577 350
578 350
579 350
580 350
581 350
582 350
583 350
584 350
585 440
586 440
587 440
588 440
589 440
590 440
591 440
592 440
593 440
594 440
595 440
596 440
597 440
598 440
599 440
600 440
601 440
602 440
603 440
604 440
605 440
606 440
607 410
608 410
609 410
610 410
611 410
612 410
613 410
614 410
615 410
616 410
617 410
618 410
619 410
620 410
621 410
622 410
623 410
624 410
625 410
626 410
627 410
628 410
629 360
630 360
631 360
632 360
633 360
634 360
635 360
636 360
637 360
638 360
639 360
640 360
641 360
642 360
643 360
644 360
645 360
646 360
647 360
648 360
649 360
650 360
651 390
652 390
653 390
654 390
655 390
656 390
657 390
658 390
659 390
660 390
661 390
662 390
663 390
664 390
665 390
666 390
667 390
668 390
669 390
670 390
671 390
672 390
673 350
674 350
675 350
676 350
677 350
678 350
679 350
680 350
681 350
682 350
683 350
684 350
685 350
686 350
687 350
688 350
689 350
690 350
691 350
692 350
693 350
694 350
695 320
696 320
697 320
698 320
699 320
700 320
701 320
702 320
703 320
704 320
705 320
706 320
707 320
708 320
709 320
710 320
711 320
712 320
713 320
714 320
715 320
716 320
717 350
718 350
719 350
720 350
721 350
722 350
723 350
724 350
725 350
726 350
727 350
728 350
729 350
730 350
731 350
732 350
733 350
734 350
735 350
736 350
737 350
738 350
739 460
740 460
741 460
742 460
743 460
744 460
745 460
746 460
747 460
748 460
749 460
750 460
751 460
752 460
753 460
754 460
755 460
756 460
757 460
758 460
759 460
760 460
761 430
762 430
763 430
764 430
765 430
766 430
767 430
768 430
769 430
770 430
771 430
772 430
773 430
774 430
775 430
776 430
777 430
778 430
779 430
780 430
781 430
782 430
783 470
784 470
785 470
786 470
787 470
788 470
789 470
790 470
791 470
792 470
793 470
794 470
795 470
796 470
797 470
798 470
799 470
800 470
801 470
802 470
803 470
804 470
805 460
806 460
807 460
808 460
809 460
810 460
811 460
812 460
813 460
814 460
815 460
816 460
817 460
818 460
819 460
820 460
821 460
822 460
823 460
824 460
825 460
826 460
827 460
828 460
829 460
830 460
831 460
832 460
833 460
834 460
835 460
836 460
837 460
838 460
839 460
840 460
841 460
842 460
843 460
844 460
845 460
846 460
847 460
848 460
849 440
850 440
851 440
852 440
853 440
854 440
855 440
856 440
857 440
858 440
859 440
860 440
861 440
862 440
863 440
864 440
865 440
866 440
867 440
868 440
869 440
870 440
871 460
872 460
873 460
874 460
875 460
876 460
877 460
878 460
879 460
880 460
881 460
882 460
883 460
884 460
885 460
886 460
887 460
888 460
889 460
890 460
891 460
892 460
893 450
894 450
895 450
896 450
897 450
898 450
899 450
900 450
901 450
902 450
903 450
904 450
905 450
906 450
907 450
908 450
909 450
910 450
911 450
912 450
913 450
914 450
915 460
916 460
917 460
918 460
919 460
920 460
921 460
922 460
923 460
924 460
925 460
926 460
927 460
928 460
929 460
930 460
931 460
932 460
933 460
934 460
935 460
936 460
937 420
938 420
939 420
940 420
941 420
942 420
943 420
944 420
945 420
946 420
947 420
948 420
949 420
950 420
951 420
952 420
953 420
954 420
955 420
956 420
957 420
958 420
959 450
960 450
961 450
962 450
963 450
964 450
965 450
966 450
967 450
968 450
969 450
970 450
971 450
972 450
973 450
974 450
975 450
976 450
977 450
978 450
979 450
980 450
981 400
982 400
983 400
984 400
985 400
986 400
987 400
988 400
989 400
990 400
991 400
992 400
993 400
994 400
995 400
996 400
997 400
998 400
999 400
1000 400
1001 400
1002 400
1003 410
1004 410
1005 410
1006 410
1007 410
1008 410
1009 410
1010 410
1011 410
1012 410
1013 410
1014 410
1015 410
1016 410
1017 410
1018 410
1019 410
1020 410
1021 410
1022 410
1023 410
1024 410
1025 390
1026 390
1027 390
1028 390
1029 390
1030 390
1031 390
1032 390
1033 390
1034 390
1035 390
1036 390
1037 390
1038 390
1039 390
1040 390
1041 390
1042 390
1043 390
1044 390
1045 390
1046 390
1047 440
1048 440
1049 440
1050 440
1051 440
1052 440
1053 440
1054 440
1055 440
1056 440
1057 440
1058 440
1059 440
1060 440
1061 440
1062 440
1063 440
1064 440
1065 440
1066 440
1067 440
1068 440
1069 450
1070 450
1071 450
1072 450
1073 450
1074 450
1075 450
1076 450
1077 450
1078 450
1079 450
1080 450
1081 450
1082 450
1083 450
1084 450
1085 450
1086 450
1087 450
1088 450
1089 450
1090 450
1091 360
1092 360
1093 360
1094 360
1095 360
1096 360
1097 360
1098 360
1099 360
1100 360
1101 360
1102 360
1103 360
1104 360
1105 360
1106 360
1107 360
1108 360
1109 360
1110 360
1111 360
1112 360
1113 380
1114 380
1115 380
1116 380
1117 380
1118 380
1119 380
1120 380
1121 380
1122 380
1123 380
1124 380
1125 380
1126 380
1127 380
1128 380
1129 380
1130 380
1131 380
1132 380
1133 380
1134 380
1135 390
1136 390
1137 390
1138 390
1139 390
1140 390
1141 390
1142 390
1143 390
1144 390
1145 390
1146 390
1147 390
1148 390
1149 390
1150 390
1151 390
1152 390
1153 390
1154 390
1155 390
1156 390
1157 320
1158 320
1159 320
1160 320
1161 320
1162 320
1163 320
1164 320
1165 320
1166 320
1167 320
1168 320
1169 320
1170 320
1171 320
1172 320
1173 320
1174 320
1175 320
1176 320
1177 320
1178 320
1179 300
1180 300
1181 300
1182 300
1183 300
1184 300
1185 300
1186 300
1187 300
1188 300
1189 300
1190 300
1191 300
1192 300
1193 290
1194 290
1195 290
1196 290
1197 290
1198 290
1199 290
1200 290
1201 290
1202 290
1203 290
1204 290
1205 290
1206 290
1207 290
1208 290
1209 290
1210 290
1211 290
1212 290
1213 290
1214 290
1215 370
1216 370
1217 370
1218 370
1219 370
1220 370
1221 370
1222 370
1223 370
1224 370
1225 370
1226 370
1227 370
1228 370
1229 370
1230 370
1231 370
1232 370
1233 370
1234 370
1235 370
1236 370
1237 380
1238 380
1239 380
1240 380
1241 380
1242 380
1243 380
1244 380
1245 380
1246 380
1247 380
1248 380
1249 380
1250 380
1251 380
1252 380
1253 380
1254 380
1255 380
1256 380
1257 380
1258 380
1259 440
1260 440
1261 440
1262 440
1263 440
1264 440
1265 440
1266 440
1267 440
1268 440
1269 440
1270 440
1271 440
1272 440
1273 440
1274 440
1275 440
1276 440
1277 440
1278 440
1279 440
1280 440
1281 440
1282 440
1283 440
1284 440
1285 440
1286 440
1287 440
1288 440
1289 440
1290 440
1291 440
1292 440
1293 440
1294 440
1295 440
1296 440
1297 440
1298 440
1299 440
1300 440
1301 440
1302 440
1303 400
1304 400
1305 400
1306 400
1307 400
1308 400
1309 400
1310 400
1311 400
1312 400
1313 400
1314 400
1315 400
1316 400
1317 400
1318 400
1319 400
1320 400
1321 400
1322 400
1323 400
1324 400
1325 300
1326 300
1327 300
1328 300
1329 300
1330 300
1331 300
1332 300
1333 300
1334 300
1335 300
1336 300
1337 300
1338 300
1339 300
1340 300
1341 300
1342 300
1343 300
1344 300
1345 300
1346 300
1347 450
1348 450
1349 450
1350 450
1351 450
1352 450
1353 450
1354 450
1355 450
1356 450
1357 450
1358 450
1359 450
1360 450
1361 450
1362 450
1363 450
1364 450
1365 450
1366 450
1367 450
1368 450
1369 450
1370 450
1371 450
1372 450
1373 450
1374 450
1375 450
1376 450
1377 450
1378 450
1379 450
1380 450
1381 450
1382 450
1383 450
1384 450
1385 450
1386 450
1387 450
1388 450
1389 450
1390 450
1391 420
1392 420
1393 420
1394 420
1395 420
1396 420
1397 420
1398 420
1399 420
1400 420
1401 420
1402 420
1403 420
1404 420
1405 420
1406 420
1407 420
1408 420
1409 420
1410 420
1411 420
1412 420
1413 420
1414 420
1415 420
1416 420
1417 420
1418 420
1419 420
1420 420
1421 420
1422 420
1423 420
1424 420
1425 420
1426 420
1427 420
1428 420
1429 420
1430 420
1431 420
1432 420
1433 420
1434 420
1435 320
1436 320
1437 320
1438 320
1439 320
1440 320
1441 320
1442 320
1443 320
1444 320
1445 320
1446 320
1447 320
1448 320
1449 320
1450 320
1451 320
1452 320
1453 320
1454 320
1455 320
1456 320
1457 440
1458 440
1459 440
1460 440
1461 440
1462 440
1463 440
1464 440
1465 440
1466 440
1467 440
1468 440
1469 440
1470 440
1471 440
1472 440
1473 440
1474 440
1475 440
1476 440
1477 440
1478 440
1479 440
1480 440
1481 440
1482 440
1483 440
1484 440
1485 440
1486 440
1487 440
1488 440
1489 440
1490 440
1491 440
1492 440
1493 440
1494 440
1495 440
1496 440
1497 440
1498 440
1499 440
1500 440
1501 340
1502 340
1503 340
1504 340
1505 340
1506 340
1507 340
1508 340
1509 340
1510 340
1511 340
1512 340
1513 340
1514 340
1515 340
1516 340
1517 340
1518 340
1519 340
1520 340
1521 340
1522 340
1523 330
1524 330
1525 330
1526 330
1527 330
1528 330
1529 330
1530 330
1531 330
1532 330
1533 330
1534 330
1535 330
1536 330
1537 330
1538 330
1539 330
1540 330
1541 330
1542 330
1543 330
1544 330
1545 290
1546 290
1547 290
1548 290
1549 290
1550 290
1551 290
1552 290
1553 290
1554 290
1555 290
1556 290
1557 290
1558 290
1559 290
1560 290
1561 290
1562 290
1563 290
1564 290
1565 290
1566 290
1567 480
1568 480
1569 480
1570 480
1571 480
1572 480
1573 480
1574 480
1575 480
1576 480
1577 480
1578 480
1579 480
1580 480
1581 480
1582 480
1583 480
1584 480
1585 480
1586 480
1587 480
1588 480
1589 420
1590 420
1591 420
1592 420
1593 420
1594 420
1595 420
1596 420
1597 420
1598 420
1599 420
1600 420
1601 420
1602 420
1603 420
1604 420
1605 420
1606 420
1607 420
1608 420
1609 420
1610 420
1611 440
1612 440
1613 440
1614 440
1615 440
1616 440
1617 440
1618 440
1619 440
1620 440
1621 440
1622 440
1623 440
1624 440
1625 440
1626 440
1627 440
1628 440
1629 440
1630 440
1631 440
1632 440
1633 480
1634 480
1635 480
1636 480
1637 480
1638 480
1639 480
1640 480
1641 480
1642 480
1643 480
1644 480
1645 480
1646 480
1647 480
1648 480
1649 480
1650 480
1651 480
1652 480
1653 480
1654 480
1655 420
1656 420
1657 420
1658 420
1659 420
1660 420
1661 420
1662 420
1663 420
1664 420
1665 420
1666 420
1667 420
1668 420
1669 420
1670 420
1671 420
1672 420
1673 420
1674 420
1675 420
1676 420
1677 380
1678 380
1679 380
1680 380
1681 380
1682 380
1683 380
1684 380
1685 380
1686 400
1687 400
1688 400
1689 400
1690 400
1691 400
1692 400
1693 400
1694 400
1695 400
1696 400
1697 400
1698 400
1699 400
1700 400
1701 400
1702 400
1703 400
1704 400
1705 400
1706 400
1707 400
1708 320
1709 320
1710 320
1711 320
1712 320
1713 320
1714 320
1715 320
1716 320
1717 320
1718 320
1719 320
1720 320
1721 320
1722 320
1723 320
1724 320
1725 320
1726 320
1727 320
1728 320
1729 320
1730 260
1731 260
1732 260
1733 260
1734 260
1735 260
1736 260
1737 260
1738 260
1739 260
1740 260
1741 260
1742 260
1743 260
1744 260
1745 260
1746 260
1747 260
1748 260
1749 260
1750 260
1751 260
1752 420
1753 420
1754 420
1755 420
1756 420
1757 420
1758 420
1759 420
1760 420
1761 420
1762 420
1763 420
1764 420
1765 420
1766 420
1767 420
1768 420
1769 420
1770 420
1771 420
1772 420
1773 420
1774 280
1775 280
1776 280
1777 280
1778 280
1779 280
1780 280
1781 280
1782 280
1783 280
1784 280
1785 280
1786 280
1787 280
1788 280
1789 280
1790 280
1791 280
1792 280
1793 280
1794 280
1795 280
