0 1
1 0
2 -1
3 0
4 -1
5 0
6 0
7 1
8 0
9 0
10 -1
11 -1
12 0
13 0
14 0
15 0
16 1
17 1
18 -1
19 1
20 0
21 0
22 1
23 0
24 0
25 0
26 0
27 0
28 0
29 0
30 0
31 -1
32 0
33 0
34 0
35 0
36 0
37 -1
38 -1
39 0
40 0
41 -1
42 0
43 0
44 -1
45 1
46 0
47 -1
48 1
49 1
50 0
51 0
52 -1
53 -1
54 0
55 1
56 -1
57 1
58 0
59 1
60 1
61 0
62 0
63 -1
64 1
65 1
66 0
67 0
68 0
69 0
70 0
71 0
72 0
73 0
74 0
75 0
76 0
77 0
78 0
79 0
80 0
81 0
82 0
83 0
84 0
85 0
86 0
87 0
88 0
89 0
90 1
91 0
92 -1
93 0
94 0
95 0
96 0
97 0
98 0
99 0
100 0
101 0
102 0
103 0
104 0
105 0
106 0
107 0
108 0
109 -1
110 -1
111 -1
112 -1
113 1
114 0
115 1
116 0
117 0
118 0
119 -1
120 -1
121 -1
122 0
123 -1
124 0
125 1
126 1
127 0
128 0
129 0
130 0
131 0
132 0
133 0
134 0
135 1
136 1
137 -1
138 -1
139 0
140 0
141 0
142 1
143 1
144 1
145 0
146 0
147 1
148 1
149 -1
150 1
151 0
152 1
153 0
154 0
155 1
156 1
157 1
158 1
159 0
160 -1
161 0
162 -1
163 -1
164 -1
165 0
166 0
167 0
168 0
169 1
170 -1
171 0
172 0
173 0
174 -1
175 1
176 0
177 0
178 0
179 0
180 0
181 0
182 0
183 0
184 0
185 0
186 0
187 0
188 0
189 0
190 0
191 1
192 0
193 0
194 0
195 0
196 0
197 0
198 1
199 0
200 -1
201 -1
202 -1
203 -1
204 0
205 -1
206 -1
207 -1
208 0
209 0
210 0
211 0
212 0
213 1
214 1
215 0
216 0
217 0
218 1
219 -1
220 0
221 0
222 0
223 -1
224 -1
225 0
226 -1
227 0
228 1
229 -1
230 1
231 1
232 0
233 1
234 0
235 0
236 0
237 0
238 0
239 -1
240 0
241 0
242 0
243 0
244 1
245 -1
246 -1
247 1
248 -1
249 -1
250 1
251 1
252 -1
253 1
254 1
255 -1
256 -1
257 1
258 1
259 1
260 -1
261 1
262 1
263 1
264 0
265 0
266 -1
267 -1
268 -1
269 -1
270 -1
271 -1
272 -1
273 1
274 -1
275 -1
276 -1
277 1
278 -1
279 0
280 -1
281 -1
282 0
283 0
284 0
285 0
286 0
287 0
288 0
289 0
290 0
291 0
292 -1
293 0
294 0
295 0
296 0
297 0
298 0
299 0
300 0
301 -1
302 0
303 0
304 0
305 0
306 0
307 0
308 -1
309 -1
310 -1
311 -1
312 -1
313 0
314 -1
315 -1
316 0
317 1
318 -1
319 -1
320 -1
321 -1
322 -1
323 0
324 0
325 0
326 -1
327 0
328 -1
329 -1
330 0
331 0
332 0
333 0
334 -1
335 -1
336 -1
337 0
338 0
339 -1
340 -1
341 -1
342 -1
343 -1
344 0
345 -1
346 -1
347 0
348 1
349 0
350 0
351 0
352 0
353 0
354 0
355 -1
356 -1
357 1
358 1
359 0
360 0
361 1
362 -1
363 1
364 1
365 -1
366 0
367 0
368 1
369 0
370 1
371 1
372 -1
373 0
374 -1
375 0
376 -1
377 -1
378 -1
379 -1
380 -1
381 -1
382 1
383 -1
384 -1
385 1
386 -1
387 1
388 -1
389 -1
390 -1
391 0
392 -1
393 -1
394 1
395 -1
396 0
397 0
398 0
399 0
400 0
401 0
402 0
403 0
404 1
405 0
406 1
407 1
408 0
409 0
410 0
411 1
412 0
413 -1
414 -1
415 1
416 -1
417 0
418 0
419 0
420 0
421 0
422 0
423 0
424 -1
425 -1
426 1
427 1
428 -1
429 1
430 -1
431 0
432 0
433 -1
434 -1
435 0
436 -1
437 -1
438 -1
439 -1
440 1
441 0
442 1
443 -1
444 1
445 1
446 -1
447 0
448 0
449 -1
450 0
451 1
452 1
453 1
454 -1
455 0
456 1
457 0
458 1
459 -1
460 -1
461 -1
462 1
463 1
464 0
465 0
466 -1
467 1
468 0
469 0
470 0
471 0
472 0
473 -1
474 1
475 -1
476 1
477 -1
478 -1
479 -1
480 0
481 1
482 0
483 0
484 0
485 0
486 0
487 0
488 0
489 0
490 0
491 0
492 0
493 0
494 0
495 0
496 0
497 0
498 0
499 0
500 1
501 -1
502 0
503 -1
504 -1
505 0
506 0
507 -1
508 1
509 -1
510 0
511 0
512 -1
513 1
514 0
515 -1
516 0
517 -1
518 1
519 -1
520 0
521 0
522 -1
523 -1
524 -1
525 -1
526 -1
527 1
528 0
529 -1
530 -1
531 1
532 -1
533 0
534 0
535 -1
536 -1
537 1
538 0
539 1
540 1
541 0
542 0
543 0
544 0
545 0
546 1
547 0
548 1
549 -1
550 0
551 0
552 0
553 1
554 0
555 0
556 0
557 0
558 0
559 0
560 0
561 0
562 0
563 0
564 0
565 1
566 0
567 -1
568 0
569 1
570 -1
571 0
572 1
573 -1
574 -1
575 -1
576 1
577 0
578 1
579 1
580 0
581 -1
582 1
583 1
584 1
585 1
586 1
587 0
588 -1
589 1
590 0
591 1
592 0
593 -1
594 0
595 0
596 0
597 -1
598 1
599 0
600 0
601 -1
602 0
603 1
604 1
605 -1
606 1
607 0
608 0
609 0
610 1
611 0
612 -1
613 0
614 -1
615 0
616 1
617 1
618 1
619 -1
620 1
621 0
622 0
623 1
624 0
625 1
626 1
627 0
628 0
629 1
630 0
631 -1
632 -1
633 0
634 0
635 -1
636 -1
637 0
638 -1
639 1
640 0
641 -1
642 -1
643 0
644 0
645 -1
646 0
647 1
648 -1
649 -1
650 0
651 -1
652 1
653 0
654 0
655 0
656 0
657 0
658 0
659 0
660 0
661 0
662 0
663 0
664 0
665 0
666 0
667 0
668 0
669 0
670 0
671 0
672 0
673 1
674 0
675 0
676 1
677 -1
678 0
679 0
680 0
681 -1
682 0
683 0
684 0
685 -1
686 0
687 -1
688 0
689 0
690 0
691 0
692 -1
693 0
694 0
695 -1
696 0
697 -1
698 0
699 0
700 -1
701 0
702 0
703 0
704 0
705 -1
706 -1
707 -1
708 -1
709 0
710 -1
711 0
712 -1
713 0
714 0
715 -1
716 -1
717 0
718 0
719 0
720 0
721 0
722 0
723 0
724 0
725 1
726 0
727 0
728 0
729 0
730 1
731 0
732 1
733 0
734 1
735 -1
736 0
737 1
738 0
739 1
740 0
741 1
742 1
743 0
744 1
745 1
746 1
747 0
748 0
749 1
750 0
751 1
752 0
753 0
754 -1
755 0
756 1
757 0
758 1
759 0
760 0
761 -1
762 1
763 1
764 -1
765 -1
766 1
767 -1
768 0
769 1
770 1
771 0
772 0
773 0
774 0
775 -1
776 0
777 0
778 1
779 0
780 -1
781 0
782 0
783 1
784 1
785 0
786 0
787 -1
788 -1
789 -1
790 1
791 -1
792 -1
793 1
794 -1
795 -1
796 -1
797 0
798 -1
799 0
800 -1
801 -1
802 -1
803 1
804 -1
805 1
806 1
807 1
808 1
809 0
810 0
811 0
812 -1
813 1
814 1
815 -1
816 0
817 0
818 -1
819 -1
820 -1
821 1
822 1
823 0
824 1
825 -1
826 0
827 1
828 1
829 0
830 0
831 0
832 0
833 -1
834 -1
835 -1
836 0
837 1
838 0
839 0
840 -1
841 1
842 0
843 -1
844 -1
845 1
846 -1
847 1
848 1
849 1
850 1
851 -1
852 0
853 0
854 0
855 -1
856 -1
857 1
858 -1
859 -1
860 0
861 -1
862 -1
863 -1
864 -1
865 -1
866 -1
867 -1
868 0
869 -1
870 1
871 -1
872 1
873 1
874 -1
875 -1
876 1
877 -1
878 1
879 -1
880 -1
881 1
882 0
883 -1
884 -1
885 0
886 0
887 1
888 0
889 1
890 -1
891 0
892 1
893 1
894 1
895 0
896 0
897 0
898 1
899 1
900 0
901 0
902 0
903 0
904 0
905 1
906 1
907 0
908 0
909 -1
910 1
911 -1
912 0
913 0
914 0
915 1
916 1
917 0
918 -1
919 0
920 -1
921 1
922 1
923 -1
924 -1
925 -1
926 -1
927 -1
928 -1
929 0
930 0
931 1
932 0
933 -1
934 -1
935 -1
936 -1
937 0
938 0
939 1
940 0
941 1
942 0
943 0
944 0
945 0
946 1
947 -1
948 0
949 0
950 0
951 0
952 0
953 -1
954 0
955 0
956 0
957 -1
958 1
959 0
960 0
961 0
962 0
963 -1
964 0
965 -1
966 -1
967 -1
968 0
969 1
970 1
971 -1
972 -1
973 -1
974 0
975 0
976 1
977 0
978 -1
979 -1
980 -1
981 0
982 0
983 0
984 1
985 0
986 0
987 1
988 0
989 0
990 1
991 1
992 1
993 0
994 1
995 0
996 1
997 1
998 1
999 0
1000 -1
1001 -1
1002 1
1003 -1
1004 -1
1005 0
1006 0
1007 0
1008 0
1009 0
1010 -1
1011 0
1012 0
1013 -1
1014 0
1015 0
1016 0
1017 0
1018 -1
1019 0
1020 -1
1021 -1
1022 -1
1023 1
1024 1
1025 -1
1026 0
1027 0
1028 0
1029 1
1030 0
1031 -1
1032 0
1033 0
1034 1
1035 0
1036 -1
1037 1
1038 1
1039 0
1040 0
1041 1
1042 0
1043 -1
1044 -1
1045 1
1046 1
1047 -1
1048 0
1049 1
1050 1
1051 1
1052 0
1053 -1
1054 1
1055 0
1056 0
1057 -1
1058 1
1059 1
1060 0
1061 -1
1062 0
1063 1
1064 -1
1065 -1
1066 -1
1067 -1
1068 -1
1069 0
1070 1
1071 0
1072 0
1073 1
1074 1
1075 -1
1076 0
1077 -1
1078 0
1079 0
1080 1
1081 -1
1082 1
1083 1
1084 0
1085 0
1086 0
1087 0
1088 0
1089 1
1090 0
1091 0
1092 0
1093 0
1094 0
1095 0
1096 0
1097 1
1098 1
1099 1
1100 0
1101 1
1102 1
1103 0
1104 0
1105 0
1106 0
1107 0
1108 1
1109 0
1110 1
1111 0
1112 0
1113 0
1114 0
1115 -1
1116 0
1117 -1
1118 -1
1119 1
1120 0
1121 -1
1122 1
1123 1
1124 1
1125 -1
1126 1
1127 -1
1128 0
1129 0
1130 1
1131 0
1132 -1
1133 -1
1134 1
1135 1
1136 0
1137 -1
1138 1
1139 0
1140 1
1141 -1
1142 -1
1143 0
1144 0
1145 -1
1146 1
1147 1
1148 -1
1149 -1
1150 -1
1151 1
1152 1
1153 1
1154 1
1155 1
1156 -1
1157 0
1158 0
1159 0
1160 0
1161 0
1162 0
1163 0
1164 0
1165 0
1166 0
1167 0
1168 0
1169 0
1170 0
1171 0
1172 0
1173 0
1174 0
1175 1
1176 0
1177 1
1178 1
1179 -1
1180 -1
1181 1
1182 1
1183 -1
1184 1
1185 0
1186 0
1187 0
1188 1
1189 -1
1190 0
1191 1
1192 1
1193 0
1194 1
1195 0
1196 0
1197 1
1198 0
1199 0
1200 0
1201 1
1202 -1
1203 1
1204 -1
1205 1
1206 -1
1207 0
1208 0
1209 0
1210 -1
1211 -1
1212 0
1213 0
1214 0
1215 -1
1216 -1
1217 0
1218 1
1219 1
1220 1
1221 0
1222 0
1223 -1
1224 0
1225 -1
1226 -1
1227 0
1228 0
1229 0
1230 0
1231 0
1232 1
1233 -1
1234 0
1235 -1
1236 -1
1237 -1
1238 -1
1239 -1
1240 0
1241 0
1242 0
1243 0
1244 0
1245 0
1246 0
1247 1
1248 0
1249 0
1250 0
1251 0
1252 0
1253 0
1254 0
1255 0
1256 0
1257 -1
1258 0
1259 0
1260 1
1261 0
1262 0
1263 0
1264 0
1265 0
1266 0
1267 0
1268 -1
1269 -1
1270 1
1271 0
1272 -1
1273 0
1274 -1
1275 1
1276 1
1277 -1
1278 -1
1279 1
1280 0
1281 1
1282 0
1283 1
1284 1
1285 0
1286 1
1287 -1
1288 -1
1289 1
1290 1
1291 1
1292 -1
1293 -1
1294 -1
1295 0
1296 1
1297 -1
1298 1
1299 0
1300 -1
1301 1
1302 0
1303 -1
1304 1
1305 0
1306 0
1307 1
1308 -1
1309 -1
1310 -1
1311 0
1312 1
1313 -1
1314 -1
1315 1
1316 0
1317 0
1318 -1
1319 0
1320 -1
1321 0
1322 0
1323 1
1324 -1
1325 1
1326 1
1327 -1
1328 0
1329 0
1330 1
1331 -1
1332 -1
1333 -1
1334 1
1335 1
1336 -1
1337 -1
1338 1
1339 -1
1340 -1
1341 1
1342 -1
1343 1
1344 1
1345 0
1346 0
1347 -1
1348 -1
1349 -1
1350 -1
1351 0
1352 0
1353 0
1354 0
1355 0
1356 0
1357 1
1358 1
1359 1
1360 0
1361 1
1362 -1
1363 0
1364 1
1365 1
1366 1
1367 1
1368 1
1369 -1
1370 1
1371 0
1372 1
1373 -1
1374 0
1375 -1
1376 1
1377 -1
1378 0
1379 0
1380 1
1381 0
1382 0
1383 0
1384 0
1385 1
1386 1
1387 0
1388 1
1389 0
1390 0
1391 -1
1392 0
1393 0
1394 0
1395 0
1396 0
1397 1
1398 1
1399 0
1400 0
1401 0
1402 0
1403 -1
1404 0
1405 1
1406 1
1407 0
1408 -1
1409 1
1410 -1
1411 0
1412 0
1413 0
1414 1
1415 -1
1416 0
1417 1
1418 -1
1419 0
1420 1
1421 0
1422 -1
1423 0
1424 1
1425 1
1426 -1
1427 1
1428 1
1429 1
1430 -1
1431 1
1432 -1
1433 1
1434 0
1435 -1
1436 -1
1437 0
1438 0
1439 0
1440 0
1441 -1
1442 0
1443 0
1444 0
1445 -1
1446 0
1447 -1
1448 -1
1449 0
1450 0
1451 -1
1452 0
1453 0
1454 -1
1455 0
1456 1
1457 -1
1458 -1
1459 -1
1460 -1
1461 -1
1462 -1
1463 0
1464 0
1465 1
1466 -1
1467 -1
1468 0
1469 0
1470 0
1471 0
1472 1
1473 0
1474 1
1475 0
1476 -1
1477 -1
1478 -1
1479 -1
1480 1
1481 0
1482 -1
1483 0
1484 0
1485 1
1486 -1
1487 -1
1488 0
1489 0
1490 -1
1491 0
1492 1
1493 0
1494 0
1495 0
1496 -1
1497 0
1498 0
1499 -1
1500 1
1501 1
1502 1
1503 -1
1504 -1
1505 -1
1506 -1
1507 0
1508 0
1509 0
1510 0
1511 -1
1512 0
1513 0
1514 0
1515 -1
1516 1
1517 0
1518 1
1519 1
1520 0
1521 1
1522 0
1523 -1
1524 -1
1525 -1
1526 -1
1527 -1
1528 0
1529 0
1530 -1
1531 0
1532 0
1533 -1
1534 1
1535 1
1536 0
1537 -1
1538 -1
1539 1
1540 1
1541 -1
1542 -1
1543 -1
1544 -1
1545 0
1546 0
1547 0
1548 1
1549 0
1550 1
1551 1
1552 0
1553 0
1554 0
1555 -1
1556 0
1557 0
1558 1
1559 -1
1560 0
1561 -1
1562 1
1563 0
1564 0
1565 0
1566 0
1567 1
1568 -1
1569 0
1570 0
1571 1
1572 0
1573 0
1574 -1
1575 0
1576 0
1577 0
1578 0
1579 0
1580 0
1581 0
1582 0
1583 0
1584 0
1585 0
1586 0
1587 0
1588 0
1589 0
1590 0
1591 0
1592 0
1593 0
1594 0
1595 0
1596 0
1597 0
1598 0
1599 0
1600 0
1601 0
1602 0
1603 0
1604 0
1605 -1
1606 0
1607 0
1608 0
1609 -1
1610 1
1611 -1
1612 -1
1613 -1
1614 -1
1615 1
1616 -1
1617 0
1618 -1
1619 0
1620 0
1621 0
1622 0
1623 0
1624 0
1625 0
1626 0
1627 0
1628 0
1629 0
1630 0
1631 0
1632 -1
1633 -1
1634 -1
1635 -1
1636 -1
1637 -1
1638 0
1639 0
1640 0
1641 0
1642 0
1643 0
1644 -1
1645 0
1646 -1
1647 0
1648 -1
1649 0
1650 -1
1651 0
1652 0
1653 0
1654 -1
1655 -1
1656 -1
1657 -1
1658 -1
1659 0
1660 0
1661 0
1662 0
1663 0
1664 -1
1665 -1
1666 0
1667 0
1668 0
1669 0
1670 0
1671 0
1672 0
1673 0
1674 0
1675 -1
1676 1
1677 0
1678 0
1679 -1
1680 0
1681 0
1682 0
1683 0
1684 -1
1685 -1
1686 0
1687 1
1688 -1
1689 -1
1690 1
1691 1
1692 0
1693 0
1694 1
1695 0
1696 0
1697 0
1698 0
1699 0
1700 0
1701 1
1702 0
1703 -1
1704 -1
1705 -1
1706 -1
1707 1
1708 1
1709 1
1710 0
1711 -1
1712 1
1713 -1
1714 0
1715 0
1716 0
1717 -1
1718 0
1719 0
1720 0
1721 0
1722 0
1723 -1
1724 0
1725 0
1726 0
1727 -1
1728 0
1729 0
1730 -1
1731 -1
1732 -1
1733 -1
1734 -1
1735 0
1736 0
1737 1
1738 1
1739 0
1740 0
1741 0
1742 0
1743 0
1744 0
1745 0
1746 -1
1747 0
1748 0
1749 -1
1750 0
1751 -1
1752 -1
1753 -1
1754 0
1755 0
1756 0
1757 0
1758 -1
1759 0
1760 0
1761 1
1762 0
1763 0
1764 0
1765 -1
1766 0
1767 -1
1768 0
1769 1
1770 -1
1771 -1
1772 0
1773 0
1774 -1
1775 -1
1776 0
1777 0
1778 -1
1779 -1
1780 0
1781 0
1782 -1
1783 0
1784 -1
1785 0
1786 0
1787 0
1788 0
1789 0
1790 0
1791 -1
1792 -1
1793 0
1794 0
1795 0
