0 0
1 1
2 -1
3 0
4 -1
5 0
6 0
7 0
8 0
9 0
10 -1
11 -1
12 0
13 0
14 0
15 0
16 0
17 0
18 -1
19 0
20 1
21 1
22 0
23 0
24 0
25 0
26 0
27 0
28 0
29 0
30 0
31 -1
32 0
33 0
34 0
35 0
36 0
37 -1
38 -1
39 0
40 0
41 -1
42 0
43 0
44 -1
45 0
46 0
47 -1
48 0
49 0
50 0
51 0
52 -1
53 -1
54 0
55 0
56 -1
57 0
58 0
59 0
60 0
61 0
62 0
63 -1
64 0
65 0
66 0
67 1
68 1
69 1
70 1
71 1
72 0
73 1
74 0
75 1
76 1
77 1
78 1
79 1
80 1
81 0
82 1
83 1
84 1
85 0
86 1
87 1
88 0
89 0
90 0
91 0
92 -1
93 0
94 0
95 0
96 0
97 0
98 0
99 0
100 0
101 0
102 0
103 0
104 0
105 0
106 0
107 0
108 0
109 -1
110 -1
111 -1
112 -1
113 0
114 0
115 0
116 0
117 0
118 0
119 -1
120 -1
121 -1
122 0
123 -1
124 0
125 0
126 0
127 0
128 0
129 0
130 0
131 1
132 1
133 1
134 0
135 0
136 0
137 -1
138 -1
139 0
140 0
141 0
142 0
143 0
144 0
145 0
146 0
147 0
148 0
149 -1
150 0
151 1
152 0
153 0
154 0
155 0
156 0
157 0
158 0
159 0
160 -1
161 0
162 -1
163 -1
164 -1
165 0
166 0
167 0
168 0
169 0
170 -1
171 0
172 0
173 0
174 -1
175 0
176 1
177 1
178 1
179 1
180 1
181 1
182 0
183 1
184 1
185 1
186 1
187 0
188 1
189 1
190 1
191 0
192 1
193 1
194 1
195 1
196 0
197 1
198 0
199 0
200 -1
201 -1
202 -1
203 -1
204 0
205 -1
206 -1
207 -1
208 0
209 0
210 0
211 0
212 0
213 0
214 0
215 0
216 0
217 0
218 0
219 -1
220 0
221 0
222 0
223 -1
224 -1
225 0
226 -1
227 0
228 0
229 -1
230 0
231 0
232 0
233 0
234 0
235 1
236 0
237 1
238 1
239 -1
240 1
241 1
242 1
243 0
244 0
245 -1
246 -1
247 0
248 -1
249 -1
250 0
251 0
252 -1
253 0
254 0
255 -1
256 -1
257 0
258 0
259 0
260 -1
261 0
262 0
263 0
264 0
265 0
266 -1
267 -1
268 -1
269 -1
270 -1
271 -1
272 -1
273 0
274 -1
275 -1
276 -1
277 0
278 -1
279 0
280 -1
281 -1
282 0
283 1
284 0
285 0
286 1
287 1
288 1
289 0
290 0
291 0
292 -1
293 1
294 0
295 0
296 0
297 1
298 1
299 1
300 0
301 -1
302 0
303 1
304 0
305 0
306 1
307 1
308 -1
309 -1
310 -1
311 -1
312 -1
313 0
314 -1
315 -1
316 0
317 0
318 -1
319 -1
320 -1
321 -1
322 -1
323 0
324 0
325 0
326 -1
327 0
328 -1
329 -1
330 0
331 1
332 0
333 0
334 -1
335 -1
336 -1
337 0
338 0
339 -1
340 -1
341 -1
342 -1
343 -1
344 0
345 -1
346 -1
347 0
348 0
349 0
350 1
351 0
352 1
353 1
354 1
355 -1
356 -1
357 0
358 0
359 0
360 1
361 0
362 -1
363 0
364 0
365 -1
366 0
367 1
368 0
369 1
370 0
371 0
372 -1
373 1
374 -1
375 0
376 -1
377 -1
378 -1
379 -1
380 -1
381 -1
382 0
383 -1
384 -1
385 0
386 -1
387 0
388 -1
389 -1
390 -1
391 0
392 -1
393 -1
394 0
395 -1
396 0
397 1
398 0
399 0
400 0
401 0
402 1
403 0
404 0
405 1
406 0
407 0
408 0
409 1
410 1
411 0
412 1
413 -1
414 -1
415 0
416 -1
417 0
418 0
419 1
420 0
421 1
422 0
423 0
424 -1
425 -1
426 0
427 0
428 -1
429 0
430 -1
431 0
432 0
433 -1
434 -1
435 0
436 -1
437 -1
438 -1
439 -1
440 0
441 1
442 0
443 -1
444 0
445 0
446 -1
447 0
448 0
449 -1
450 0
451 0
452 0
453 0
454 -1
455 0
456 0
457 0
458 0
459 -1
460 -1
461 -1
462 0
463 0
464 0
465 0
466 -1
467 0
468 0
469 0
470 0
471 0
472 0
473 -1
474 0
475 -1
476 0
477 -1
478 -1
479 -1
480 0
481 0
482 0
483 0
484 0
485 0
486 0
487 0
488 0
489 0
490 0
491 0
492 0
493 0
494 0
495 0
496 0
497 0
498 0
499 1
500 0
501 -1
502 0
503 -1
504 -1
505 1
506 0
507 -1
508 0
509 -1
510 0
511 0
512 -1
513 0
514 1
515 -1
516 0
517 -1
518 0
519 -1
520 0
521 0
522 -1
523 -1
524 -1
525 -1
526 -1
527 0
528 0
529 -1
530 -1
531 0
532 -1
533 1
534 0
535 -1
536 -1
537 0
538 0
539 0
540 0
541 1
542 1
543 1
544 0
545 1
546 0
547 0
548 0
549 -1
550 1
551 1
552 0
553 0
554 1
555 1
556 1
557 1
558 1
559 1
560 0
561 1
562 0
563 1
564 1
565 0
566 0
567 -1
568 0
569 0
570 -1
571 0
572 0
573 -1
574 -1
575 -1
576 0
577 0
578 0
579 0
580 0
581 -1
582 0
583 0
584 0
585 0
586 0
587 0
588 -1
589 0
590 0
591 0
592 0
593 -1
594 0
595 0
596 0
597 -1
598 0
599 0
600 0
601 -1
602 0
603 0
604 0
605 -1
606 0
607 0
608 0
609 0
610 0
611 0
612 -1
613 0
614 -1
615 0
616 0
617 0
618 0
619 -1
620 0
621 0
622 0
623 0
624 0
625 0
626 0
627 0
628 1
629 0
630 0
631 -1
632 -1
633 0
634 0
635 -1
636 -1
637 0
638 -1
639 0
640 0
641 -1
642 -1
643 0
644 0
645 -1
646 0
647 0
648 -1
649 -1
650 0
651 -1
652 0
653 0
654 0
655 0
656 0
657 0
658 0
659 0
660 0
661 0
662 0
663 0
664 0
665 0
666 0
667 0
668 0
669 0
670 0
671 0
672 0
673 0
674 0
675 0
676 0
677 -1
678 0
679 0
680 0
681 -1
682 0
683 0
684 0
685 -1
686 0
687 -1
688 0
689 0
690 0
691 0
692 -1
693 0
694 0
695 -1
696 1
697 -1
698 0
699 0
700 -1
701 0
702 0
703 0
704 0
705 -1
706 -1
707 -1
708 -1
709 0
710 -1
711 0
712 -1
713 0
714 0
715 -1
716 -1
717 1
718 1
719 0
720 0
721 1
722 1
723 0
724 1
725 0
726 1
727 1
728 0
729 0
730 0
731 1
732 0
733 1
734 0
735 -1
736 0
737 0
738 0
739 0
740 1
741 0
742 0
743 0
744 0
745 0
746 0
747 1
748 1
749 0
750 0
751 0
752 0
753 0
754 -1
755 0
756 0
757 0
758 0
759 0
760 0
761 -1
762 0
763 0
764 -1
765 -1
766 0
767 -1
768 0
769 0
770 0
771 0
772 1
773 0
774 1
775 -1
776 1
777 0
778 0
779 0
780 -1
781 0
782 0
783 0
784 0
785 0
786 0
787 -1
788 -1
789 -1
790 0
791 -1
792 -1
793 0
794 -1
795 -1
796 -1
797 0
798 -1
799 0
800 -1
801 -1
802 -1
803 0
804 -1
805 0
806 0
807 0
808 0
809 0
810 0
811 0
812 -1
813 0
814 0
815 -1
816 0
817 0
818 -1
819 -1
820 -1
821 0
822 0
823 0
824 0
825 -1
826 0
827 0
828 0
829 0
830 0
831 0
832 0
833 -1
834 -1
835 -1
836 0
837 0
838 0
839 0
840 -1
841 0
842 0
843 -1
844 -1
845 0
846 -1
847 0
848 0
849 0
850 0
851 -1
852 0
853 0
854 0
855 -1
856 -1
857 0
858 -1
859 -1
860 0
861 -1
862 -1
863 -1
864 -1
865 -1
866 -1
867 -1
868 0
869 -1
870 0
871 -1
872 0
873 0
874 -1
875 -1
876 0
877 -1
878 0
879 -1
880 -1
881 0
882 0
883 -1
884 -1
885 0
886 0
887 0
888 0
889 0
890 -1
891 0
892 0
893 0
894 0
895 1
896 0
897 0
898 0
899 0
900 1
901 0
902 0
903 1
904 1
905 0
906 0
907 0
908 0
909 -1
910 0
911 -1
912 0
913 1
914 1
915 0
916 0
917 0
918 -1
919 0
920 -1
921 0
922 0
923 -1
924 -1
925 -1
926 -1
927 -1
928 -1
929 0
930 0
931 0
932 0
933 -1
934 -1
935 -1
936 -1
937 0
938 0
939 0
940 0
941 0
942 0
943 0
944 0
945 0
946 0
947 -1
948 0
949 0
950 0
951 0
952 0
953 -1
954 0
955 0
956 0
957 -1
958 0
959 0
960 1
961 0
962 0
963 -1
964 0
965 -1
966 -1
967 -1
968 0
969 0
970 0
971 -1
972 -1
973 -1
974 0
975 0
976 0
977 0
978 -1
979 -1
980 -1
981 0
982 1
983 0
984 0
985 0
986 0
987 0
988 0
989 0
990 0
991 0
992 0
993 0
994 0
995 0
996 0
997 0
998 0
999 0
1000 -1
1001 -1
1002 0
1003 -1
1004 -1
1005 0
1006 0
1007 0
1008 0
1009 0
1010 -1
1011 0
1012 0
1013 -1
1014 0
1015 0
1016 0
1017 0
1018 -1
1019 0
1020 -1
1021 -1
1022 -1
1023 0
1024 0
1025 -1
1026 0
1027 0
1028 0
1029 0
1030 0
1031 -1
1032 0
1033 0
1034 0
1035 1
1036 -1
1037 0
1038 0
1039 0
1040 0
1041 0
1042 1
1043 -1
1044 -1
1045 0
1046 0
1047 -1
1048 1
1049 0
1050 0
1051 0
1052 0
1053 -1
1054 0
1055 0
1056 0
1057 -1
1058 0
1059 0
1060 0
1061 -1
1062 0
1063 0
1064 -1
1065 -1
1066 -1
1067 -1
1068 -1
1069 0
1070 0
1071 0
1072 0
1073 0
1074 0
1075 -1
1076 0
1077 -1
1078 0
1079 0
1080 0
1081 -1
1082 0
1083 0
1084 0
1085 0
1086 1
1087 0
1088 1
1089 0
1090 0
1091 1
1092 1
1093 0
1094 0
1095 0
1096 0
1097 0
1098 0
1099 0
1100 1
1101 0
1102 0
1103 1
1104 0
1105 0
1106 0
1107 0
1108 0
1109 0
1110 0
1111 0
1112 0
1113 1
1114 0
1115 -1
1116 0
1117 -1
1118 -1
1119 0
1120 0
1121 -1
1122 0
1123 0
1124 0
1125 -1
1126 0
1127 -1
1128 0
1129 1
1130 0
1131 0
1132 -1
1133 -1
1134 0
1135 0
1136 0
1137 -1
1138 0
1139 0
1140 0
1141 -1
1142 -1
1143 0
1144 0
1145 -1
1146 0
1147 0
1148 -1
1149 -1
1150 -1
1151 0
1152 0
1153 0
1154 0
1155 0
1156 -1
1157 1
1158 1
1159 1
1160 1
1161 1
1162 1
1163 1
1164 1
1165 1
1166 1
1167 1
1168 0
1169 1
1170 1
1171 1
1172 0
1173 0
1174 1
1175 0
1176 1
1177 0
1178 0
1179 -1
1180 -1
1181 0
1182 0
1183 -1
1184 0
1185 1
1186 0
1187 0
1188 0
1189 -1
1190 0
1191 0
1192 0
1193 0
1194 0
1195 0
1196 0
1197 0
1198 0
1199 0
1200 1
1201 0
1202 -1
1203 0
1204 -1
1205 0
1206 -1
1207 0
1208 0
1209 0
1210 -1
1211 -1
1212 1
1213 1
1214 1
1215 -1
1216 -1
1217 0
1218 0
1219 0
1220 0
1221 0
1222 0
1223 -1
1224 0
1225 -1
1226 -1
1227 0
1228 0
1229 0
1230 0
1231 0
1232 0
1233 -1
1234 0
1235 -1
1236 -1
1237 -1
1238 -1
1239 -1
1240 0
1241 0
1242 0
1243 0
1244 0
1245 0
1246 0
1247 0
1248 0
1249 0
1250 0
1251 0
1252 0
1253 0
1254 0
1255 0
1256 0
1257 -1
1258 0
1259 0
1260 0
1261 0
1262 0
1263 0
1264 0
1265 0
1266 0
1267 0
1268 -1
1269 -1
1270 0
1271 0
1272 -1
1273 0
1274 -1
1275 0
1276 0
1277 -1
1278 -1
1279 0
1280 1
1281 0
1282 0
1283 0
1284 0
1285 0
1286 0
1287 -1
1288 -1
1289 0
1290 0
1291 0
1292 -1
1293 -1
1294 -1
1295 0
1296 0
1297 -1
1298 0
1299 0
1300 -1
1301 0
1302 0
1303 -1
1304 0
1305 0
1306 0
1307 0
1308 -1
1309 -1
1310 -1
1311 0
1312 0
1313 -1
1314 -1
1315 0
1316 0
1317 0
1318 -1
1319 0
1320 -1
1321 0
1322 0
1323 0
1324 -1
1325 0
1326 0
1327 -1
1328 0
1329 0
1330 0
1331 -1
1332 -1
1333 -1
1334 0
1335 0
1336 -1
1337 -1
1338 0
1339 -1
1340 -1
1341 0
1342 -1
1343 0
1344 0
1345 0
1346 0
1347 -1
1348 -1
1349 -1
1350 -1
1351 0
1352 0
1353 0
1354 0
1355 0
1356 0
1357 0
1358 0
1359 0
1360 0
1361 0
1362 -1
1363 0
1364 0
1365 0
1366 0
1367 0
1368 0
1369 -1
1370 0
1371 0
1372 0
1373 -1
1374 0
1375 -1
1376 0
1377 -1
1378 0
1379 0
1380 0
1381 0
1382 0
1383 1
1384 0
1385 0
1386 0
1387 0
1388 0
1389 0
1390 0
1391 -1
1392 0
1393 0
1394 1
1395 1
1396 0
1397 0
1398 0
1399 0
1400 0
1401 0
1402 0
1403 -1
1404 1
1405 0
1406 0
1407 1
1408 -1
1409 0
1410 -1
1411 0
1412 1
1413 0
1414 0
1415 -1
1416 0
1417 0
1418 -1
1419 0
1420 0
1421 0
1422 -1
1423 1
1424 0
1425 0
1426 -1
1427 0
1428 0
1429 0
1430 -1
1431 0
1432 -1
1433 0
1434 0
1435 -1
1436 -1
1437 0
1438 0
1439 0
1440 0
1441 -1
1442 0
1443 0
1444 0
1445 -1
1446 0
1447 -1
1448 -1
1449 0
1450 0
1451 -1
1452 0
1453 0
1454 -1
1455 0
1456 0
1457 -1
1458 -1
1459 -1
1460 -1
1461 -1
1462 -1
1463 0
1464 0
1465 0
1466 -1
1467 -1
1468 0
1469 0
1470 0
1471 0
1472 0
1473 0
1474 0
1475 0
1476 -1
1477 -1
1478 -1
1479 -1
1480 0
1481 0
1482 -1
1483 0
1484 0
1485 0
1486 -1
1487 -1
1488 0
1489 0
1490 -1
1491 0
1492 0
1493 0
1494 0
1495 0
1496 -1
1497 0
1498 0
1499 -1
1500 0
1501 0
1502 0
1503 -1
1504 -1
1505 -1
1506 -1
1507 0
1508 0
1509 0
1510 0
1511 -1
1512 0
1513 0
1514 0
1515 -1
1516 0
1517 0
1518 0
1519 0
1520 0
1521 0
1522 0
1523 -1
1524 -1
1525 -1
1526 -1
1527 -1
1528 0
1529 0
1530 -1
1531 0
1532 0
1533 -1
1534 0
1535 0
1536 0
1537 -1
1538 -1
1539 0
1540 0
1541 -1
1542 -1
1543 -1
1544 -1
1545 1
1546 0
1547 0
1548 0
1549 0
1550 0
1551 0
1552 0
1553 0
1554 1
1555 -1
1556 0
1557 0
1558 0
1559 -1
1560 0
1561 -1
1562 0
1563 0
1564 0
1565 0
1566 1
1567 0
1568 -1
1569 0
1570 0
1571 0
1572 0
1573 0
1574 -1
1575 0
1576 0
1577 0
1578 0
1579 0
1580 0
1581 0
1582 0
1583 0
1584 0
1585 0
1586 0
1587 0
1588 0
1589 0
1590 0
1591 0
1592 0
1593 0
1594 0
1595 0
1596 0
1597 0
1598 0
1599 0
1600 0
1601 0
1602 0
1603 0
1604 0
1605 -1
1606 0
1607 0
1608 0
1609 -1
1610 0
1611 -1
1612 -1
1613 -1
1614 -1
1615 0
1616 -1
1617 0
1618 -1
1619 0
1620 0
1621 0
1622 0
1623 0
1624 0
1625 0
1626 0
1627 0
1628 0
1629 0
1630 0
1631 0
1632 -1
1633 -1
1634 -1
1635 -1
1636 -1
1637 -1
1638 0
1639 0
1640 0
1641 0
1642 0
1643 0
1644 -1
1645 0
1646 -1
1647 0
1648 -1
1649 0
1650 -1
1651 0
1652 0
1653 0
1654 -1
1655 -1
1656 -1
1657 -1
1658 -1
1659 0
1660 0
1661 0
1662 0
1663 0
1664 -1
1665 -1
1666 0
1667 0
1668 0
1669 0
1670 0
1671 0
1672 0
1673 0
1674 0
1675 -1
1676 0
1677 0
1678 0
1679 -1
1680 0
1681 0
1682 0
1683 0
1684 -1
1685 -1
1686 0
1687 0
1688 -1
1689 -1
1690 0
1691 0
1692 0
1693 1
1694 0
1695 0
1696 1
1697 0
1698 0
1699 0
1700 0
1701 0
1702 0
1703 -1
1704 -1
1705 -1
1706 -1
1707 0
1708 0
1709 0
1710 0
1711 -1
1712 0
1713 -1
1714 0
1715 0
1716 0
1717 -1
1718 0
1719 0
1720 0
1721 0
1722 0
1723 -1
1724 0
1725 0
1726 0
1727 -1
1728 0
1729 0
1730 -1
1731 -1
1732 -1
1733 -1
1734 -1
1735 0
1736 0
1737 0
1738 0
1739 0
1740 0
1741 0
1742 0
1743 0
1744 0
1745 0
1746 -1
1747 0
1748 0
1749 -1
1750 0
1751 -1
1752 -1
1753 -1
1754 0
1755 0
1756 0
1757 0
1758 -1
1759 0
1760 0
1761 0
1762 0
1763 0
1764 0
1765 -1
1766 1
1767 -1
1768 0
1769 0
1770 -1
1771 -1
1772 0
1773 0
1774 -1
1775 -1
1776 0
1777 0
1778 -1
1779 -1
1780 0
1781 0
1782 -1
1783 0
1784 -1
1785 0
1786 0
1787 0
1788 0
1789 0
1790 0
1791 -1
1792 -1
1793 0
1794 0
1795 0
