0 0
1 0
2 -1
3 0
4 -1
5 1
6 1
7 0
8 1
9 1
10 -1
11 -1
12 1
13 1
14 1
15 0
16 0
17 0
18 -1
19 0
20 0
21 0
22 0
23 0
24 1
25 1
26 1
27 1
28 1
29 1
30 1
31 -1
32 1
33 1
34 1
35 1
36 1
37 -1
38 -1
39 1
40 1
41 -1
42 1
43 1
44 -1
45 0
46 0
47 -1
48 0
49 0
50 1
51 1
52 -1
53 -1
54 1
55 0
56 -1
57 0
58 0
59 0
60 0
61 1
62 0
63 -1
64 0
65 0
66 0
67 0
68 0
69 0
70 0
71 0
72 0
73 0
74 0
75 0
76 0
77 0
78 0
79 0
80 0
81 0
82 0
83 0
84 0
85 0
86 0
87 0
88 1
89 1
90 0
91 1
92 -1
93 1
94 1
95 1
96 1
97 1
98 1
99 1
100 1
101 1
102 1
103 1
104 1
105 1
106 1
107 1
108 1
109 -1
110 -1
111 -1
112 -1
113 0
114 0
115 0
116 1
117 1
118 1
119 -1
120 -1
121 -1
122 0
123 -1
124 1
125 0
126 0
127 0
128 0
129 1
130 1
131 0
132 0
133 0
134 0
135 0
136 0
137 -1
138 -1
139 0
140 0
141 0
142 0
143 0
144 0
145 0
146 0
147 0
148 0
149 -1
150 0
151 0
152 0
153 0
154 0
155 0
156 0
157 0
158 0
159 1
160 -1
161 1
162 -1
163 -1
164 -1
165 1
166 1
167 1
168 1
169 0
170 -1
171 1
172 0
173 1
174 -1
175 0
176 0
177 0
178 0
179 0
180 0
181 0
182 0
183 0
184 0
185 0
186 0
187 0
188 0
189 0
190 0
191 0
192 0
193 0
194 0
195 0
196 0
197 0
198 0
199 0
200 -1
201 -1
202 -1
203 -1
204 0
205 -1
206 -1
207 -1
208 0
209 1
210 0
211 0
212 0
213 0
214 0
215 0
216 0
217 1
218 0
219 -1
220 0
221 0
222 0
223 -1
224 -1
225 1
226 -1
227 0
228 0
229 -1
230 0
231 0
232 0
233 0
234 0
235 0
236 0
237 0
238 0
239 -1
240 0
241 0
242 0
243 0
244 0
245 -1
246 -1
247 0
248 -1
249 -1
250 0
251 0
252 -1
253 0
254 0
255 -1
256 -1
257 0
258 0
259 0
260 -1
261 0
262 0
263 0
264 0
265 0
266 -1
267 -1
268 -1
269 -1
270 -1
271 -1
272 -1
273 0
274 -1
275 -1
276 -1
277 0
278 -1
279 1
280 -1
281 -1
282 0
283 0
284 0
285 0
286 0
287 0
288 0
289 0
290 0
291 0
292 -1
293 0
294 0
295 0
296 0
297 0
298 0
299 0
300 0
301 -1
302 0
303 0
304 0
305 0
306 0
307 0
308 -1
309 -1
310 -1
311 -1
312 -1
313 1
314 -1
315 -1
316 1
317 0
318 -1
319 -1
320 -1
321 -1
322 -1
323 1
324 1
325 1
326 -1
327 1
328 -1
329 -1
330 0
331 0
332 0
333 0
334 -1
335 -1
336 -1
337 1
338 1
339 -1
340 -1
341 -1
342 -1
343 -1
344 1
345 -1
346 -1
347 0
348 0
349 0
350 0
351 0
352 0
353 0
354 0
355 -1
356 -1
357 0
358 0
359 0
360 0
361 0
362 -1
363 0
364 0
365 -1
366 0
367 0
368 0
369 0
370 0
371 0
372 -1
373 0
374 -1
375 0
376 -1
377 -1
378 -1
379 -1
380 -1
381 -1
382 0
383 -1
384 -1
385 0
386 -1
387 0
388 -1
389 -1
390 -1
391 0
392 -1
393 -1
394 0
395 -1
396 0
397 0
398 0
399 0
400 0
401 0
402 0
403 0
404 0
405 0
406 0
407 0
408 0
409 0
410 0
411 0
412 0
413 -1
414 -1
415 0
416 -1
417 0
418 0
419 0
420 1
421 0
422 1
423 0
424 -1
425 -1
426 0
427 0
428 -1
429 0
430 -1
431 1
432 1
433 -1
434 -1
435 1
436 -1
437 -1
438 -1
439 -1
440 0
441 0
442 0
443 -1
444 0
445 0
446 -1
447 1
448 1
449 -1
450 1
451 0
452 0
453 0
454 -1
455 1
456 0
457 1
458 0
459 -1
460 -1
461 -1
462 0
463 0
464 1
465 1
466 -1
467 0
468 1
469 1
470 1
471 1
472 1
473 -1
474 0
475 -1
476 0
477 -1
478 -1
479 -1
480 0
481 0
482 1
483 1
484 1
485 1
486 1
487 1
488 1
489 1
490 1
491 1
492 1
493 1
494 1
495 1
496 1
497 0
498 0
499 0
500 0
501 -1
502 0
503 -1
504 -1
505 0
506 0
507 -1
508 0
509 -1
510 0
511 0
512 -1
513 0
514 0
515 -1
516 1
517 -1
518 0
519 -1
520 0
521 0
522 -1
523 -1
524 -1
525 -1
526 -1
527 0
528 0
529 -1
530 -1
531 0
532 -1
533 0
534 0
535 -1
536 -1
537 0
538 0
539 0
540 0
541 0
542 0
543 0
544 0
545 0
546 0
547 0
548 0
549 -1
550 0
551 0
552 0
553 0
554 0
555 0
556 0
557 0
558 0
559 0
560 0
561 0
562 0
563 0
564 0
565 0
566 0
567 -1
568 1
569 0
570 -1
571 0
572 0
573 -1
574 -1
575 -1
576 0
577 0
578 0
579 0
580 0
581 -1
582 0
583 0
584 0
585 0
586 0
587 0
588 -1
589 0
590 1
591 0
592 1
593 -1
594 1
595 1
596 1
597 -1
598 0
599 1
600 1
601 -1
602 1
603 0
604 0
605 -1
606 0
607 0
608 0
609 0
610 0
611 0
612 -1
613 0
614 -1
615 0
616 0
617 0
618 0
619 -1
620 0
621 0
622 0
623 0
624 0
625 0
626 0
627 0
628 0
629 0
630 0
631 -1
632 -1
633 1
634 1
635 -1
636 -1
637 1
638 -1
639 0
640 0
641 -1
642 -1
643 0
644 1
645 -1
646 0
647 0
648 -1
649 -1
650 0
651 -1
652 0
653 1
654 1
655 1
656 1
657 1
658 1
659 1
660 1
661 1
662 1
663 1
664 1
665 1
666 1
667 1
668 1
669 1
670 1
671 1
672 1
673 0
674 0
675 1
676 0
677 -1
678 1
679 1
680 1
681 -1
682 1
683 1
684 1
685 -1
686 1
687 -1
688 1
689 1
690 1
691 1
692 -1
693 1
694 1
695 -1
696 0
697 -1
698 1
699 1
700 -1
701 1
702 1
703 1
704 1
705 -1
706 -1
707 -1
708 -1
709 1
710 -1
711 1
712 -1
713 1
714 1
715 -1
716 -1
717 0
718 0
719 0
720 0
721 0
722 0
723 0
724 0
725 0
726 0
727 0
728 0
729 0
730 0
731 0
732 0
733 0
734 0
735 -1
736 0
737 0
738 0
739 0
740 0
741 0
742 0
743 0
744 0
745 0
746 0
747 0
748 0
749 0
750 0
751 0
752 0
753 0
754 -1
755 0
756 0
757 0
758 0
759 0
760 0
761 -1
762 0
763 0
764 -1
765 -1
766 0
767 -1
768 1
769 0
770 0
771 0
772 0
773 0
774 0
775 -1
776 0
777 0
778 0
779 0
780 -1
781 0
782 0
783 0
784 0
785 1
786 0
787 -1
788 -1
789 -1
790 0
791 -1
792 -1
793 0
794 -1
795 -1
796 -1
797 1
798 -1
799 1
800 -1
801 -1
802 -1
803 0
804 -1
805 0
806 0
807 0
808 0
809 1
810 0
811 1
812 -1
813 0
814 0
815 -1
816 1
817 1
818 -1
819 -1
820 -1
821 0
822 0
823 0
824 0
825 -1
826 0
827 0
828 0
829 0
830 0
831 0
832 0
833 -1
834 -1
835 -1
836 0
837 0
838 1
839 1
840 -1
841 0
842 0
843 -1
844 -1
845 0
846 -1
847 0
848 0
849 0
850 0
851 -1
852 1
853 1
854 1
855 -1
856 -1
857 0
858 -1
859 -1
860 1
861 -1
862 -1
863 -1
864 -1
865 -1
866 -1
867 -1
868 1
869 -1
870 0
871 -1
872 0
873 0
874 -1
875 -1
876 0
877 -1
878 0
879 -1
880 -1
881 0
882 1
883 -1
884 -1
885 1
886 0
887 0
888 0
889 0
890 -1
891 1
892 0
893 0
894 0
895 0
896 0
897 0
898 0
899 0
900 0
901 0
902 0
903 0
904 0
905 0
906 0
907 0
908 0
909 -1
910 0
911 -1
912 0
913 0
914 0
915 0
916 0
917 1
918 -1
919 1
920 -1
921 0
922 0
923 -1
924 -1
925 -1
926 -1
927 -1
928 -1
929 1
930 1
931 0
932 0
933 -1
934 -1
935 -1
936 -1
937 0
938 0
939 0
940 1
941 0
942 1
943 1
944 1
945 1
946 0
947 -1
948 1
949 1
950 1
951 1
952 1
953 -1
954 1
955 1
956 1
957 -1
958 0
959 0
960 0
961 1
962 1
963 -1
964 1
965 -1
966 -1
967 -1
968 0
969 0
970 0
971 -1
972 -1
973 -1
974 1
975 1
976 0
977 1
978 -1
979 -1
980 -1
981 0
982 0
983 0
984 0
985 0
986 0
987 0
988 0
989 0
990 0
991 0
992 0
993 1
994 0
995 0
996 0
997 0
998 0
999 1
1000 -1
1001 -1
1002 0
1003 -1
1004 -1
1005 1
1006 1
1007 1
1008 1
1009 1
1010 -1
1011 1
1012 1
1013 -1
1014 1
1015 1
1016 1
1017 1
1018 -1
1019 1
1020 -1
1021 -1
1022 -1
1023 0
1024 0
1025 -1
1026 0
1027 0
1028 0
1029 0
1030 0
1031 -1
1032 0
1033 0
1034 0
1035 0
1036 -1
1037 0
1038 0
1039 0
1040 0
1041 0
1042 0
1043 -1
1044 -1
1045 0
1046 0
1047 -1
1048 0
1049 0
1050 0
1051 0
1052 0
1053 -1
1054 0
1055 1
1056 0
1057 -1
1058 0
1059 0
1060 1
1061 -1
1062 1
1063 0
1064 -1
1065 -1
1066 -1
1067 -1
1068 -1
1069 0
1070 0
1071 0
1072 0
1073 0
1074 0
1075 -1
1076 0
1077 -1
1078 0
1079 0
1080 0
1081 -1
1082 0
1083 0
1084 0
1085 0
1086 0
1087 0
1088 0
1089 0
1090 0
1091 0
1092 0
1093 0
1094 0
1095 0
1096 0
1097 0
1098 0
1099 0
1100 0
1101 0
1102 0
1103 0
1104 0
1105 0
1106 0
1107 0
1108 0
1109 0
1110 0
1111 0
1112 0
1113 0
1114 0
1115 -1
1116 0
1117 -1
1118 -1
1119 0
1120 0
1121 -1
1122 0
1123 0
1124 0
1125 -1
1126 0
1127 -1
1128 0
1129 0
1130 0
1131 0
1132 -1
1133 -1
1134 0
1135 0
1136 0
1137 -1
1138 0
1139 0
1140 0
1141 -1
1142 -1
1143 0
1144 0
1145 -1
1146 0
1147 0
1148 -1
1149 -1
1150 -1
1151 0
1152 0
1153 0
1154 0
1155 0
1156 -1
1157 0
1158 0
1159 0
1160 0
1161 0
1162 0
1163 0
1164 0
1165 0
1166 0
1167 0
1168 0
1169 0
1170 0
1171 0
1172 0
1173 0
1174 0
1175 0
1176 0
1177 0
1178 0
1179 -1
1180 -1
1181 0
1182 0
1183 -1
1184 0
1185 0
1186 1
1187 1
1188 0
1189 -1
1190 1
1191 0
1192 0
1193 0
1194 0
1195 0
1196 0
1197 0
1198 0
1199 0
1200 0
1201 0
1202 -1
1203 0
1204 -1
1205 0
1206 -1
1207 1
1208 1
1209 1
1210 -1
1211 -1
1212 0
1213 0
1214 0
1215 -1
1216 -1
1217 0
1218 0
1219 0
1220 0
1221 1
1222 1
1223 -1
1224 1
1225 -1
1226 -1
1227 1
1228 1
1229 1
1230 1
1231 0
1232 0
1233 -1
1234 0
1235 -1
1236 -1
1237 -1
1238 -1
1239 -1
1240 1
1241 1
1242 1
1243 1
1244 1
1245 1
1246 1
1247 0
1248 1
1249 1
1250 1
1251 1
1252 1
1253 1
1254 1
1255 1
1256 1
1257 -1
1258 1
1259 0
1260 0
1261 1
1262 1
1263 1
1264 1
1265 1
1266 1
1267 1
1268 -1
1269 -1
1270 0
1271 1
1272 -1
1273 1
1274 -1
1275 0
1276 0
1277 -1
1278 -1
1279 0
1280 0
1281 0
1282 0
1283 0
1284 0
1285 0
1286 0
1287 -1
1288 -1
1289 0
1290 0
1291 0
1292 -1
1293 -1
1294 -1
1295 0
1296 0
1297 -1
1298 0
1299 1
1300 -1
1301 0
1302 0
1303 -1
1304 0
1305 1
1306 0
1307 0
1308 -1
1309 -1
1310 -1
1311 1
1312 0
1313 -1
1314 -1
1315 0
1316 1
1317 1
1318 -1
1319 1
1320 -1
1321 1
1322 0
1323 0
1324 -1
1325 0
1326 0
1327 -1
1328 1
1329 0
1330 0
1331 -1
1332 -1
1333 -1
1334 0
1335 0
1336 -1
1337 -1
1338 0
1339 -1
1340 -1
1341 0
1342 -1
1343 0
1344 0
1345 0
1346 0
1347 -1
1348 -1
1349 -1
1350 -1
1351 1
1352 1
1353 1
1354 1
1355 1
1356 1
1357 0
1358 0
1359 0
1360 1
1361 0
1362 -1
1363 1
1364 0
1365 0
1366 0
1367 0
1368 0
1369 -1
1370 0
1371 1
1372 0
1373 -1
1374 0
1375 -1
1376 0
1377 -1
1378 1
1379 0
1380 0
1381 1
1382 1
1383 0
1384 0
1385 0
1386 0
1387 0
1388 0
1389 0
1390 0
1391 -1
1392 0
1393 0
1394 0
1395 0
1396 0
1397 0
1398 0
1399 0
1400 0
1401 0
1402 0
1403 -1
1404 0
1405 0
1406 0
1407 0
1408 -1
1409 0
1410 -1
1411 0
1412 0
1413 0
1414 0
1415 -1
1416 0
1417 0
1418 -1
1419 1
1420 0
1421 0
1422 -1
1423 0
1424 0
1425 0
1426 -1
1427 0
1428 0
1429 0
1430 -1
1431 0
1432 -1
1433 0
1434 0
1435 -1
1436 -1
1437 1
1438 1
1439 1
1440 1
1441 -1
1442 1
1443 1
1444 1
1445 -1
1446 1
1447 -1
1448 -1
1449 1
1450 1
1451 -1
1452 1
1453 1
1454 -1
1455 1
1456 0
1457 -1
1458 -1
1459 -1
1460 -1
1461 -1
1462 -1
1463 1
1464 1
1465 0
1466 -1
1467 -1
1468 1
1469 1
1470 1
1471 1
1472 0
1473 1
1474 0
1475 1
1476 -1
1477 -1
1478 -1
1479 -1
1480 0
1481 1
1482 -1
1483 1
1484 1
1485 0
1486 -1
1487 -1
1488 1
1489 1
1490 -1
1491 0
1492 0
1493 1
1494 1
1495 1
1496 -1
1497 1
1498 1
1499 -1
1500 0
1501 0
1502 0
1503 -1
1504 -1
1505 -1
1506 -1
1507 0
1508 1
1509 1
1510 1
1511 -1
1512 1
1513 1
1514 1
1515 -1
1516 0
1517 0
1518 0
1519 0
1520 0
1521 0
1522 0
1523 -1
1524 -1
1525 -1
1526 -1
1527 -1
1528 1
1529 1
1530 -1
1531 1
1532 1
1533 -1
1534 0
1535 0
1536 0
1537 -1
1538 -1
1539 0
1540 0
1541 -1
1542 -1
1543 -1
1544 -1
1545 0
1546 0
1547 0
1548 0
1549 0
1550 0
1551 0
1552 0
1553 0
1554 0
1555 -1
1556 1
1557 0
1558 0
1559 -1
1560 0
1561 -1
1562 0
1563 0
1564 0
1565 0
1566 0
1567 0
1568 -1
1569 1
1570 1
1571 0
1572 1
1573 1
1574 -1
1575 1
1576 1
1577 1
1578 1
1579 1
1580 1
1581 1
1582 1
1583 1
1584 1
1585 1
1586 1
1587 1
1588 1
1589 1
1590 1
1591 1
1592 1
1593 1
1594 1
1595 1
1596 1
1597 1
1598 1
1599 1
1600 1
1601 1
1602 1
1603 1
1604 1
1605 -1
1606 1
1607 1
1608 1
1609 -1
1610 0
1611 -1
1612 -1
1613 -1
1614 -1
1615 0
1616 -1
1617 1
1618 -1
1619 1
1620 1
1621 1
1622 1
1623 1
1624 1
1625 1
1626 1
1627 1
1628 1
1629 1
1630 1
1631 1
1632 -1
1633 -1
1634 -1
1635 -1
1636 -1
1637 -1
1638 1
1639 1
1640 1
1641 1
1642 1
1643 1
1644 -1
1645 1
1646 -1
1647 1
1648 -1
1649 1
1650 -1
1651 1
1652 1
1653 1
1654 -1
1655 -1
1656 -1
1657 -1
1658 -1
1659 1
1660 1
1661 1
1662 1
1663 1
1664 -1
1665 -1
1666 1
1667 1
1668 1
1669 1
1670 1
1671 1
1672 1
1673 1
1674 1
1675 -1
1676 0
1677 1
1678 1
1679 -1
1680 1
1681 1
1682 1
1683 1
1684 -1
1685 -1
1686 0
1687 0
1688 -1
1689 -1
1690 0
1691 0
1692 0
1693 0
1694 0
1695 1
1696 0
1697 1
1698 1
1699 1
1700 1
1701 0
1702 1
1703 -1
1704 -1
1705 -1
1706 -1
1707 0
1708 0
1709 0
1710 1
1711 -1
1712 0
1713 -1
1714 1
1715 1
1716 1
1717 -1
1718 1
1719 1
1720 1
1721 1
1722 1
1723 -1
1724 1
1725 1
1726 1
1727 -1
1728 1
1729 1
1730 -1
1731 -1
1732 -1
1733 -1
1734 -1
1735 1
1736 1
1737 0
1738 0
1739 1
1740 1
1741 1
1742 1
1743 1
1744 1
1745 1
1746 -1
1747 1
1748 1
1749 -1
1750 1
1751 -1
1752 -1
1753 -1
1754 1
1755 1
1756 1
1757 1
1758 -1
1759 1
1760 1
1761 0
1762 1
1763 1
1764 1
1765 -1
1766 0
1767 -1
1768 1
1769 0
1770 -1
1771 -1
1772 1
1773 0
1774 -1
1775 -1
1776 1
1777 1
1778 -1
1779 -1
1780 1
1781 1
1782 -1
1783 1
1784 -1
1785 1
1786 1
1787 1
1788 1
1789 1
1790 1
1791 -1
1792 -1
1793 1
1794 1
1795 1
