0 168
1 117
2 193
3 50
4 260
5 29
6 59
7 61
8 109
9 206
10 124
11 156
12 188
13 144
14 99
15 111
16 122
17 105
18 87
19 77
20 67
21 57
22 48
23 79
24 77
25 87
26 59
27 55
28 42
29 87
30 135
31 121
32 133
33 142
34 150
35 99
36 48
37 78
38 111
39 110
40 109
41 106
42 103
43 138
44 174
45 148
46 113
47 81
48 124
49 55
50 59
51 97
52 130
53 87
54 97
55 113
56 128
57 120
58 111
59 105
60 99
61 95
62 91
63 87
64 83
65 77
66 71
67 31
68 34
69 24
70 59
71 5
72 7
73 52
74 23
75 59
76 31
77 29
78 27
79 28
80 29
81 42
82 59
83 41
84 27
85 75
86 137
87 136
88 135
89 143
90 93
91 83
92 107
93 128
94 219
95 206
96 195
97 179
98 214
99 234
100 249
101 245
102 232
103 233
104 234
105 231
106 228
107 205
108 179
109 263
110 281
111 280
112 274
113 220
114 252
115 246
116 265
117 277
118 269
119 248
120 249
121 270
122 278
123 273
124 264
125 267
126 268
127 259
128 242
129 228
130 216
131 146
132 65
133 99
134 58
135 65
136 55
137 36
138 30
139 105
140 93
141 81
142 81
143 99
144 117
145 96
146 75
147 98
148 121
149 128
150 135
151 151
152 168
153 123
154 77
155 93
156 44
157 42
158 34
159 44
160 26
161 105
162 53
163 77
164 63
165 60
166 58
167 67
168 77
169 101
170 124
171 110
172 95
173 124
174 152
175 74
176 18
177 24
178 46
179 31
180 25
181 11
182 27
183 71
184 56
185 36
186 67
187 48
188 33
189 75
190 126
191 113
192 99
193 65
194 38
195 69
196 107
197 100
198 93
199 139
200 143
201 99
202 188
203 193
204 117
205 164
206 158
207 126
208 152
209 122
210 91
211 102
212 113
213 117
214 121
215 99
216 77
217 123
218 168
219 165
220 162
221 176
222 73
223 44
224 61
225 52
226 45
227 81
228 122
229 97
230 135
231 107
232 77
233 87
234 97
235 81
236 65
237 71
238 77
239 85
240 93
241 110
242 126
243 93
244 166
245 152
246 148
247 170
248 133
249 75
250 71
251 115
252 103
253 85
254 67
255 82
256 97
257 113
258 128
259 105
260 81
261 100
262 119
263 92
264 65
265 53
266 53
267 31
268 46
269 10
270 18
271 36
272 79
273 45
274 55
275 49
276 44
277 40
278 36
279 68
280 107
281 83
282 59
283 75
284 91
285 89
286 87
287 59
288 69
289 41
290 41
291 53
292 45
293 81
294 83
295 19
296 99
297 68
298 42
299 91
300 143
301 120
302 95
303 102
304 109
305 102
306 95
307 74
308 55
309 101
310 71
311 38
312 55
313 20
314 20
315 75
316 44
317 77
318 109
319 109
320 109
321 92
322 75
323 90
324 105
325 86
326 67
327 74
328 81
329 87
330 93
331 77
332 61
333 33
334 28
335 24
336 21
337 89
338 69
339 95
340 71
341 74
342 77
343 102
344 126
345 110
346 93
347 97
348 101
349 96
350 91
351 71
352 53
353 85
354 29
355 58
356 48
357 32
358 42
359 67
360 41
361 121
362 107
363 98
364 89
365 69
366 52
367 75
368 101
369 105
370 109
371 119
372 128
373 134
374 141
375 117
376 115
377 109
378 79
379 75
380 59
381 89
382 77
383 124
384 183
385 169
386 154
387 155
388 156
389 129
390 101
391 112
392 122
393 126
394 130
395 100
396 69
397 44
398 107
399 121
400 79
401 87
402 42
403 119
404 61
405 117
406 103
407 92
408 81
409 82
410 83
411 88
412 93
413 92
414 91
415 93
416 95
417 150
418 201
419 253
420 271
421 178
422 279
423 172
424 160
425 239
426 257
427 265
428 250
429 240
430 221
431 241
432 252
433 256
434 260
435 247
436 219
437 226
438 234
439 173
440 95
441 81
442 32
443 31
444 39
445 17
446 48
447 95
448 162
449 122
450 97
451 80
452 63
453 77
454 91
455 94
456 97
457 109
458 121
459 111
460 101
461 90
462 79
463 119
464 107
465 69
466 77
467 63
468 39
469 150
470 158
471 119
472 156
473 122
474 87
475 107
476 126
477 101
478 75
479 92
480 109
481 133
482 158
483 204
484 244
485 258
486 244
487 216
488 220
489 226
490 231
491 236
492 235
493 234
494 229
495 223
496 219
497 216
498 251
499 257
500 93
501 244
502 121
503 130
504 145
505 38
506 202
507 217
508 215
509 213
510 211
511 208
512 215
513 220
514 227
515 234
516 237
517 239
518 187
519 121
520 85
521 69
522 58
523 75
524 45
525 42
526 77
527 16
528 111
529 91
530 103
531 115
532 108
533 101
534 96
535 91
536 88
537 85
538 79
539 73
540 54
541 38
542 83
543 38
544 77
545 53
546 85
547 105
548 46
549 42
550 69
551 63
552 46
553 33
554 46
555 63
556 81
557 99
558 86
559 73
560 82
561 91
562 83
563 75
564 87
565 260
566 99
567 137
568 71
569 101
570 77
571 133
572 143
573 150
574 148
575 147
576 126
577 105
578 143
579 181
580 183
581 184
582 176
583 166
584 123
585 79
586 109
587 48
588 41
589 39
590 11
591 30
592 53
593 83
594 152
595 95
596 101
597 107
598 134
599 162
600 145
601 128
602 135
603 143
604 148
605 154
606 94
607 38
608 53
609 29
610 18
611 11
612 14
613 16
614 67
615 83
616 55
617 50
618 49
619 48
620 101
621 154
622 120
623 83
624 77
625 71
626 94
627 117
628 129
629 141
630 109
631 124
632 71
633 81
634 39
635 79
636 99
637 103
638 131
639 121
640 103
641 85
642 86
643 87
644 95
645 103
646 98
647 93
648 105
649 117
650 122
651 128
652 131
653 231
654 115
655 160
656 131
657 184
658 152
659 176
660 183
661 189
662 197
663 204
664 194
665 181
666 157
667 133
668 153
669 174
670 162
671 150
672 131
673 113
674 156
675 107
676 69
677 99
678 32
679 141
680 147
681 152
682 162
683 122
684 125
685 128
686 110
687 91
688 125
689 158
690 139
691 121
692 156
693 191
694 160
695 128
696 97
697 141
698 137
699 183
700 31
701 145
702 73
703 109
704 148
705 93
706 101
707 109
708 137
709 166
710 169
711 172
712 192
713 208
714 171
715 126
716 97
717 67
718 46
719 33
720 46
721 41
722 21
723 21
724 13
725 58
726 71
727 39
728 56
729 77
730 77
731 77
732 92
733 107
734 101
735 95
736 79
737 63
738 68
739 73
740 63
741 85
742 77
743 83
744 36
745 61
746 81
747 63
748 91
749 65
750 63
751 61
752 60
753 59
754 49
755 39
756 39
757 39
758 64
759 95
760 86
761 77
762 39
763 139
764 61
765 158
766 38
767 32
768 71
769 33
770 148
771 55
772 70
773 87
774 82
775 77
776 98
777 119
778 97
779 75
780 103
781 130
782 114
783 97
784 93
785 79
786 276
787 75
788 18
789 67
790 46
791 89
792 89
793 89
794 89
795 89
796 86
797 83
798 84
799 85
800 75
801 65
802 94
803 122
804 115
805 107
806 145
807 53
808 79
809 63
810 79
811 87
812 99
813 97
814 174
815 121
816 132
817 145
818 131
819 119
820 94
821 69
822 77
823 85
824 107
825 128
826 83
827 42
828 71
829 35
830 38
831 42
832 11
833 27
834 58
835 44
836 124
837 87
838 98
839 109
840 85
841 61
842 76
843 91
844 77
845 63
846 86
847 109
848 96
849 83
850 87
851 56
852 34
853 58
854 34
855 34
856 50
857 38
858 124
859 75
860 65
861 56
862 61
863 67
864 62
865 58
866 93
867 128
868 124
869 121
870 117
871 113
872 103
873 85
874 81
875 121
876 46
877 59
878 103
879 81
880 93
881 99
882 84
883 69
884 101
885 131
886 112
887 91
888 83
889 75
890 113
891 148
892 89
893 35
894 28
895 25
896 10
897 8
898 3
899 14
900 35
901 21
902 34
903 53
904 43
905 34
906 44
907 55
908 41
909 30
910 51
911 79
912 71
913 63
914 67
915 71
916 59
917 29
918 14
919 29
920 14
921 20
922 38
923 33
924 79
925 77
926 80
927 83
928 87
929 91
930 78
931 65
932 66
933 67
934 114
935 158
936 180
937 198
938 234
939 186
940 195
941 131
942 139
943 179
944 196
945 122
946 128
947 158
948 169
949 179
950 139
951 99
952 111
953 122
954 127
955 131
956 135
957 139
958 114
959 87
960 93
961 61
962 73
963 61
964 25
965 31
966 67
967 89
968 130
969 44
970 59
971 79
972 90
973 101
974 113
975 124
976 122
977 121
978 143
979 166
980 129
981 91
982 50
983 81
984 81
985 121
986 122
987 148
988 117
989 130
990 272
991 224
992 243
993 252
994 203
995 135
996 178
997 212
998 221
999 234
1000 225
1001 218
1002 178
1003 126
1004 191
1005 147
1006 133
1007 131
1008 117
1009 191
1010 97
1011 158
1012 178
1013 113
1014 98
1015 83
1016 108
1017 131
1018 153
1019 176
1020 159
1021 143
1022 134
1023 126
1024 76
1025 34
1026 36
1027 41
1028 33
1029 20
1030 2
1031 50
1032 45
1033 34
1034 99
1035 71
1036 72
1037 73
1038 82
1039 91
1040 90
1041 89
1042 104
1043 119
1044 99
1045 79
1046 79
1047 79
1048 147
1049 77
1050 36
1051 63
1052 20
1053 22
1054 135
1055 39
1056 83
1057 181
1058 131
1059 81
1060 111
1061 139
1062 111
1063 81
1064 92
1065 103
1066 116
1067 128
1068 109
1069 89
1070 45
1071 38
1072 32
1073 39
1074 9
1075 75
1076 45
1077 58
1078 73
1079 89
1080 79
1081 69
1082 97
1083 124
1084 95
1085 65
1086 62
1087 59
1088 101
1089 141
1090 122
1091 103
1092 38
1093 33
1094 29
1095 30
1096 10
1097 19
1098 34
1099 45
1100 52
1101 83
1102 90
1103 97
1104 98
1105 99
1106 90
1107 81
1108 89
1109 97
1110 114
1111 130
1112 102
1113 73
1114 113
1115 83
1116 33
1117 45
1118 150
1119 48
1120 95
1121 81
1122 107
1123 97
1124 106
1125 115
1126 118
1127 121
1128 119
1129 117
1130 108
1131 99
1132 115
1133 130
1134 118
1135 105
1136 121
1137 71
1138 71
1139 50
1140 35
1141 56
1142 133
1143 105
1144 83
1145 109
1146 75
1147 45
1148 103
1149 162
1150 139
1151 117
1152 138
1153 160
1154 149
1155 139
1156 132
1157 126
1158 87
1159 15
1160 26
1161 25
1162 10
1163 15
1164 35
1165 147
1166 128
1167 91
1168 71
1169 53
1170 83
1171 115
1172 115
1173 115
1174 86
1175 58
1176 105
1177 150
1178 123
1179 95
1180 119
1181 83
1182 78
1183 73
1184 70
1185 67
1186 77
1187 87
1188 77
1189 67
1190 107
1191 145
1192 221
1193 266
1194 193
1195 261
1196 115
1197 238
1198 152
1199 213
1200 143
1201 36
1202 121
1203 122
1204 119
1205 115
1206 148
1207 183
1208 148
1209 115
1210 74
1211 39
1212 60
1213 87
1214 110
1215 131
1216 202
1217 186
1218 77
1219 148
1220 39
1221 105
1222 188
1223 143
1224 128
1225 200
1226 209
1227 218
1228 176
1229 122
1230 109
1231 95
1232 63
1233 38
1234 102
1235 170
1236 210
1237 247
1238 204
1239 219
1240 181
1241 181
1242 124
1243 197
1244 164
1245 213
1246 158
1247 160
1248 222
1249 263
1250 230
1251 178
1252 181
1253 184
1254 173
1255 160
1256 147
1257 133
1258 133
1259 133
1260 124
1261 113
1262 63
1263 121
1264 28
1265 101
1266 101
1267 89
1268 109
1269 95
1270 98
1271 101
1272 117
1273 131
1274 123
1275 115
1276 103
1277 91
1278 157
1279 214
1280 125
1281 33
1282 65
1283 55
1284 29
1285 41
1286 18
1287 8
1288 101
1289 105
1290 85
1291 87
1292 79
1293 71
1294 62
1295 55
1296 62
1297 71
1298 78
1299 85
1300 110
1301 133
1302 111
1303 87
1304 83
1305 99
1306 33
1307 52
1308 20
1309 69
1310 89
1311 97
1312 113
1313 59
1314 60
1315 61
1316 96
1317 130
1318 147
1319 164
1320 134
1321 105
1322 139
1323 174
1324 148
1325 124
1326 73
1327 56
1328 67
1329 53
1330 79
1331 71
1332 97
1333 59
1334 133
1335 128
1336 89
1337 52
1338 51
1339 50
1340 54
1341 58
1342 56
1343 55
1344 102
1345 148
1346 130
1347 111
1348 117
1349 89
1350 69
1351 91
1352 58
1353 124
1354 111
1355 101
1356 131
1357 141
1358 106
1359 69
1360 99
1361 128
1362 143
1363 158
1364 119
1365 77
1366 103
1367 128
1368 99
1369 69
1370 75
1371 99
1372 45
1373 87
1374 23
1375 22
1376 93
1377 101
1378 117
1379 105
1380 95
1381 85
1382 83
1383 81
1384 117
1385 150
1386 99
1387 48
1388 74
1389 103
1390 78
1391 55
1392 55
1393 38
1394 17
1395 14
1396 42
1397 4
1398 87
1399 46
1400 56
1401 67
1402 56
1403 46
1404 70
1405 97
1406 64
1407 38
1408 41
1409 44
1410 43
1411 42
1412 47
1413 53
1414 56
1415 77
1416 13
1417 52
1418 12
1419 26
1420 46
1421 41
1422 73
1423 48
1424 41
1425 34
1426 52
1427 73
1428 88
1429 103
1430 46
1431 13
1432 65
1433 145
1434 142
1435 139
1436 133
1437 111
1438 56
1439 83
1440 13
1441 83
1442 99
1443 126
1444 183
1445 75
1446 93
1447 111
1448 132
1449 154
1450 163
1451 172
1452 186
1453 198
1454 212
1455 223
1456 168
1457 99
1458 73
1459 105
1460 89
1461 121
1462 124
1463 63
1464 189
1465 99
1466 154
1467 179
1468 180
1469 181
1470 155
1471 130
1472 140
1473 150
1474 152
1475 154
1476 163
1477 172
1478 167
1479 162
1480 183
1481 162
1482 67
1483 166
1484 58
1485 119
1486 147
1487 130
1488 139
1489 200
1490 162
1491 121
1492 147
1493 174
1494 154
1495 135
1496 152
1497 170
1498 160
1499 150
1500 127
1501 103
1502 95
1503 52
1504 34
1505 99
1506 29
1507 50
1508 75
1509 39
1510 122
1511 87
1512 87
1513 87
1514 91
1515 95
1516 45
1517 15
1518 37
1519 73
1520 105
1521 135
1522 106
1523 75
1524 79
1525 45
1526 38
1527 33
1528 33
1529 55
1530 83
1531 95
1532 184
1533 128
1534 107
1535 85
1536 101
1537 117
1538 94
1539 71
1540 94
1541 117
1542 133
1543 150
1544 100
1545 50
1546 69
1547 32
1548 39
1549 31
1550 16
1551 6
1552 67
1553 41
1554 55
1555 141
1556 86
1557 36
1558 60
1559 91
1560 86
1561 81
1562 62
1563 46
1564 82
1565 121
1566 105
1567 89
1568 95
1569 117
1570 48
1571 103
1572 119
1573 148
1574 218
1575 183
1576 188
1577 221
1578 262
1579 275
1580 254
1581 196
1582 183
1583 168
1584 194
1585 214
1586 199
1587 183
1588 145
1589 107
1590 141
1591 34
1592 121
1593 81
1594 71
1595 103
1596 99
1597 150
1598 158
1599 207
1600 173
1601 131
1602 144
1603 156
1604 110
1605 61
1606 124
1607 184
1608 185
1609 186
1610 153
1611 121
1612 124
1613 121
1614 28
1615 28
1616 61
1617 89
1618 111
1619 124
1620 168
1621 141
1622 140
1623 139
1624 143
1625 147
1626 111
1627 73
1628 132
1629 189
1630 170
1631 148
1632 135
1633 122
1634 85
1635 69
1636 79
1637 73
1638 99
1639 52
1640 119
1641 154
1642 176
1643 188
1644 172
1645 154
1646 160
1647 166
1648 141
1649 117
1650 147
1651 178
1652 205
1653 230
1654 248
1655 255
1656 105
1657 91
1658 59
1659 95
1660 58
1661 79
1662 121
1663 124
1664 137
1665 135
1666 114
1667 91
1668 112
1669 131
1670 133
1671 135
1672 130
1673 124
1674 121
1675 117
1676 1
1677 1
1678 137
1679 152
1680 168
1681 182
1682 195
1683 175
1684 152
1685 111
1686 67
1687 131
1688 111
1689 81
1690 83
1691 44
1692 30
1693 44
1694 95
1695 164
1696 113
1697 164
1698 208
1699 177
1700 137
1701 141
1702 145
1703 133
1704 122
1705 124
1706 126
1707 120
1708 113
1709 83
1710 69
1711 52
1712 77
1713 31
1714 31
1715 87
1716 111
1717 111
1718 71
1719 109
1720 145
1721 144
1722 143
1723 179
1724 208
1725 190
1726 168
1727 170
1728 172
1729 141
1730 111
1731 135
1732 81
1733 55
1734 121
1735 58
1736 73
1737 85
1738 91
1739 126
1740 179
1741 164
1742 148
1743 151
1744 154
1745 123
1746 91
1747 126
1748 160
1749 161
1750 162
1751 116
1752 67
1753 124
1754 79
1755 121
1756 55
1757 22
1758 45
1759 83
1760 53
1761 99
1762 95
1763 95
1764 95
1765 84
1766 73
1767 110
1768 145
1769 110
1770 73
1771 114
1772 152
1773 110
1774 65
1775 101
1776 41
1777 63
1778 35
1779 45
1780 45
1781 89
1782 79
1783 139
1784 186
1785 161
1786 135
1787 132
1788 130
1789 124
1790 119
1791 110
1792 101
1793 130
1794 158
1795 1
