0 77
1 77
2 77
3 77
4 77
5 77
6 77
7 77
8 77
9 77
10 77
11 77
12 77
13 77
14 77
15 77
16 77
17 77
18 77
19 77
20 77
21 77
22 70
23 70
24 70
25 70
26 70
27 70
28 70
29 70
30 70
31 70
32 70
33 70
34 70
35 70
36 70
37 70
38 70
39 70
40 70
41 70
42 70
43 70
44 80
45 80
46 80
47 80
48 80
49 80
50 80
51 80
52 80
53 80
54 80
55 80
56 80
57 80
58 80
59 80
60 80
61 80
62 80
63 80
64 80
65 80
66 78
67 78
68 78
69 78
70 78
71 78
72 78
73 78
74 78
75 78
76 78
77 78
78 78
79 78
80 78
81 78
82 78
83 78
84 78
85 78
86 78
87 78
88 76
89 76
90 76
91 76
92 76
93 76
94 76
95 76
96 76
97 76
98 76
99 76
100 76
101 76
102 76
103 76
104 76
105 76
106 76
107 76
108 76
109 76
110 72
111 72
112 72
113 72
114 72
115 72
116 72
117 72
118 72
119 72
120 72
121 72
122 72
123 72
124 72
125 72
126 72
127 72
128 72
129 72
130 72
131 72
132 81
133 81
134 81
135 81
136 81
137 81
138 81
139 81
140 81
141 81
142 81
143 81
144 81
145 81
146 81
147 81
148 81
149 81
150 81
151 81
152 81
153 81
154 79
155 79
156 79
157 79
158 79
159 79
160 79
161 79
162 79
163 79
164 79
165 79
166 79
167 79
168 79
169 79
170 79
171 79
172 79
173 79
174 79
175 79
176 74
177 74
178 74
179 74
180 74
181 74
182 74
183 74
184 74
185 74
186 74
187 74
188 74
189 74
190 74
191 74
192 74
193 74
194 74
195 74
196 74
197 74
198 73
199 73
200 73
201 73
202 73
203 73
204 73
205 73
206 73
207 73
208 73
209 73
210 73
211 73
212 73
213 73
214 73
215 73
216 73
217 73
218 73
219 73
220 69
221 69
222 69
223 69
224 69
225 69
226 69
227 69
228 69
229 69
230 69
231 69
232 69
233 69
234 69
235 69
236 69
237 69
238 69
239 69
240 69
241 69
242 71
243 71
244 71
245 71
246 71
247 71
248 71
249 71
250 71
251 71
252 71
253 71
254 71
255 71
256 71
257 71
258 71
259 71
260 71
261 71
262 71
263 71
264 75
265 75
266 75
267 75
268 75
269 75
270 75
271 75
272 75
273 75
274 75
275 75
276 75
277 75
278 75
279 75
280 75
281 75
282 75
283 75
284 75
285 75
286 82
287 82
288 82
289 82
290 82
291 82
292 82
293 82
294 82
295 82
296 82
297 82
298 82
299 82
300 82
301 82
302 82
303 82
304 82
305 82
306 82
307 82
308 66
309 66
310 66
311 66
312 66
313 66
314 66
315 66
316 66
317 66
318 66
319 66
320 66
321 66
322 66
323 66
324 66
325 66
326 66
327 66
328 66
329 66
330 67
331 67
332 67
333 67
334 67
335 67
336 67
337 67
338 67
339 67
340 67
341 67
342 67
343 67
344 67
345 67
346 67
347 67
348 67
349 67
350 67
351 67
352 68
353 68
354 68
355 68
356 68
357 68
358 68
359 68
360 68
361 68
362 68
363 68
364 68
365 68
366 68
367 68
368 68
369 68
370 68
371 68
372 68
373 68
374 64
375 64
376 64
377 64
378 64
379 64
380 64
381 64
382 64
383 64
384 64
385 64
386 64
387 64
388 64
389 64
390 64
391 64
392 64
393 64
394 64
395 64
396 65
397 65
398 65
399 65
400 65
401 65
402 65
403 65
404 65
405 65
406 65
407 65
408 65
409 65
410 65
411 65
412 65
413 65
414 65
415 65
416 65
417 65
418 62
419 62
420 62
421 62
422 62
423 62
424 62
425 62
426 62
427 62
428 62
429 62
430 62
431 62
432 62
433 62
434 62
435 62
436 62
437 62
438 62
439 62
440 63
441 63
442 63
443 63
444 63
445 63
446 63
447 63
448 63
449 63
450 63
451 63
452 63
453 63
454 63
455 63
456 63
457 63
458 63
459 63
460 63
461 63
462 61
463 61
464 61
465 61
466 61
467 61
468 61
469 61
470 61
471 61
472 61
473 61
474 61
475 61
476 61
477 61
478 61
479 61
480 61
481 61
482 61
483 61
484 54
485 54
486 54
487 54
488 54
489 54
490 54
491 54
492 54
493 54
494 54
495 54
496 54
497 55
498 55
499 55
500 55
501 55
502 55
503 55
504 55
505 55
506 55
507 55
508 55
509 55
510 55
511 55
512 55
513 55
514 55
515 55
516 55
517 55
518 55
519 56
520 56
521 56
522 56
523 56
524 56
525 56
526 56
527 56
528 56
529 56
530 56
531 56
532 56
533 56
534 56
535 56
536 56
537 56
538 56
539 56
540 56
541 57
542 57
543 57
544 57
545 57
546 57
547 57
548 57
549 57
550 57
551 57
552 57
553 57
554 57
555 57
556 57
557 57
558 57
559 57
560 57
561 57
562 57
563 58
564 58
565 58
566 58
567 58
568 58
569 58
570 58
571 58
572 58
573 58
574 58
575 58
576 58
577 58
578 58
579 58
580 58
581 58
582 58
583 58
584 58
585 59
586 59
587 59
588 59
589 59
590 59
591 59
592 59
593 59
594 59
595 59
596 59
597 59
598 59
599 59
600 59
601 59
602 59
603 59
604 59
605 59
606 59
607 60
608 60
609 60
610 60
611 60
612 60
613 60
614 60
615 60
616 60
617 60
618 60
619 60
620 60
621 60
622 60
623 60
624 60
625 60
626 60
627 60
628 60
629 51
630 51
631 51
632 51
633 51
634 51
635 51
636 51
637 51
638 51
639 51
640 51
641 51
642 51
643 51
644 51
645 51
646 51
647 51
648 51
649 51
650 51
651 48
652 48
653 48
654 48
655 48
656 48
657 48
658 48
659 48
660 48
661 48
662 48
663 48
664 48
665 48
666 48
667 48
668 48
669 48
670 48
671 48
672 48
673 53
674 53
675 53
676 53
677 53
678 53
679 53
680 53
681 53
682 53
683 53
684 53
685 53
686 53
687 53
688 53
689 53
690 53
691 53
692 53
693 53
694 53
695 52
696 52
697 52
698 52
699 52
700 52
701 52
702 52
703 52
704 52
705 52
706 52
707 52
708 52
709 52
710 52
711 52
712 52
713 52
714 52
715 52
716 52
717 49
718 49
719 49
720 49
721 49
722 49
723 49
724 49
725 49
726 49
727 49
728 49
729 49
730 49
731 49
732 49
733 49
734 49
735 49
736 49
737 49
738 49
739 50
740 50
741 50
742 50
743 50
744 50
745 50
746 50
747 50
748 50
749 50
750 50
751 50
752 50
753 50
754 50
755 50
756 50
757 50
758 50
759 50
760 50
761 46
762 46
763 46
764 46
765 46
766 46
767 46
768 46
769 46
770 46
771 46
772 46
773 46
774 46
775 46
776 46
777 46
778 46
779 46
780 46
781 46
782 46
783 47
784 47
785 47
786 47
787 47
788 47
789 47
790 47
791 47
792 47
793 47
794 47
795 47
796 47
797 47
798 47
799 47
800 47
801 47
802 47
803 47
804 47
805 40
806 40
807 40
808 40
809 40
810 40
811 40
812 40
813 40
814 40
815 40
816 40
817 40
818 40
819 40
820 40
821 40
822 40
823 40
824 40
825 40
826 40
827 43
828 43
829 43
830 43
831 43
832 43
833 43
834 43
835 43
836 43
837 43
838 43
839 43
840 43
841 43
842 43
843 43
844 43
845 43
846 43
847 43
848 43
849 44
850 44
851 44
852 44
853 44
854 44
855 44
856 44
857 44
858 44
859 44
860 44
861 44
862 44
863 44
864 44
865 44
866 44
867 44
868 44
869 44
870 44
871 45
872 45
873 45
874 45
875 45
876 45
877 45
878 45
879 45
880 45
881 45
882 45
883 45
884 45
885 45
886 45
887 45
888 45
889 45
890 45
891 45
892 45
893 26
894 26
895 26
896 26
897 26
898 26
899 26
900 26
901 26
902 26
903 26
904 26
905 26
906 26
907 26
908 26
909 26
910 26
911 26
912 26
913 26
914 26
915 30
916 30
917 30
918 30
919 30
920 30
921 30
922 30
923 30
924 30
925 30
926 30
927 30
928 30
929 30
930 30
931 30
932 30
933 30
934 30
935 30
936 30
937 35
938 35
939 35
940 35
941 35
942 35
943 35
944 35
945 35
946 35
947 35
948 35
949 35
950 35
951 35
952 35
953 35
954 35
955 35
956 35
957 35
958 35
959 39
960 39
961 39
962 39
963 39
964 39
965 39
966 39
967 39
968 39
969 39
970 39
971 39
972 39
973 39
974 39
975 39
976 39
977 39
978 39
979 39
980 39
981 41
982 41
983 41
984 41
985 41
986 41
987 41
988 41
989 41
990 41
991 41
992 41
993 41
994 41
995 41
996 41
997 41
998 41
999 41
1000 41
1001 41
1002 41
1003 42
1004 42
1005 42
1006 42
1007 42
1008 42
1009 42
1010 42
1011 42
1012 42
1013 42
1014 42
1015 42
1016 42
1017 42
1018 42
1019 42
1020 42
1021 42
1022 42
1023 42
1024 42
1025 38
1026 38
1027 38
1028 38
1029 38
1030 38
1031 38
1032 38
1033 38
1034 38
1035 38
1036 38
1037 38
1038 38
1039 38
1040 38
1041 38
1042 38
1043 38
1044 38
1045 38
1046 38
1047 20
1048 20
1049 20
1050 20
1051 20
1052 20
1053 20
1054 20
1055 20
1056 20
1057 20
1058 20
1059 20
1060 20
1061 20
1062 20
1063 20
1064 20
1065 20
1066 20
1067 20
1068 20
1069 25
1070 25
1071 25
1072 25
1073 25
1074 25
1075 25
1076 25
1077 25
1078 25
1079 25
1080 25
1081 25
1082 25
1083 25
1084 25
1085 25
1086 25
1087 25
1088 25
1089 25
1090 25
1091 36
1092 36
1093 36
1094 36
1095 36
1096 36
1097 36
1098 36
1099 36
1100 36
1101 36
1102 36
1103 36
1104 36
1105 36
1106 36
1107 36
1108 36
1109 36
1110 36
1111 36
1112 36
1113 37
1114 37
1115 37
1116 37
1117 37
1118 37
1119 37
1120 37
1121 37
1122 37
1123 37
1124 37
1125 37
1126 37
1127 37
1128 37
1129 37
1130 37
1131 37
1132 37
1133 37
1134 37
1135 33
1136 33
1137 33
1138 33
1139 33
1140 33
1141 33
1142 33
1143 33
1144 33
1145 33
1146 33
1147 33
1148 33
1149 33
1150 33
1151 33
1152 33
1153 33
1154 33
1155 33
1156 33
1157 34
1158 34
1159 34
1160 34
1161 34
1162 34
1163 34
1164 34
1165 34
1166 34
1167 34
1168 34
1169 34
1170 34
1171 34
1172 34
1173 34
1174 34
1175 34
1176 34
1177 34
1178 34
1179 5
1180 5
1181 5
1182 5
1183 5
1184 5
1185 5
1186 5
1187 5
1188 5
1189 5
1190 5
1191 5
1192 5
1193 6
1194 6
1195 6
1196 6
1197 6
1198 6
1199 6
1200 6
1201 6
1202 6
1203 6
1204 6
1205 6
1206 6
1207 6
1208 6
1209 6
1210 6
1211 6
1212 6
1213 6
1214 6
1215 11
1216 11
1217 11
1218 11
1219 11
1220 11
1221 11
1222 11
1223 11
1224 11
1225 11
1226 11
1227 11
1228 11
1229 11
1230 11
1231 11
1232 11
1233 11
1234 11
1235 11
1236 11
1237 15
1238 15
1239 15
1240 15
1241 15
1242 15
1243 15
1244 15
1245 15
1246 15
1247 15
1248 15
1249 15
1250 15
1251 15
1252 15
1253 15
1254 15
1255 15
1256 15
1257 15
1258 15
1259 19
1260 19
1261 19
1262 19
1263 19
1264 19
1265 19
1266 19
1267 19
1268 19
1269 19
1270 19
1271 19
1272 19
1273 19
1274 19
1275 19
1276 19
1277 19
1278 19
1279 19
1280 19
1281 31
1282 31
1283 31
1284 31
1285 31
1286 31
1287 31
1288 31
1289 31
1290 31
1291 31
1292 31
1293 31
1294 31
1295 31
1296 31
1297 31
1298 31
1299 31
1300 31
1301 31
1302 31
1303 32
1304 32
1305 32
1306 32
1307 32
1308 32
1309 32
1310 32
1311 32
1312 32
1313 32
1314 32
1315 32
1316 32
1317 32
1318 32
1319 32
1320 32
1321 32
1322 32
1323 32
1324 32
1325 29
1326 29
1327 29
1328 29
1329 29
1330 29
1331 29
1332 29
1333 29
1334 29
1335 29
1336 29
1337 29
1338 29
1339 29
1340 29
1341 29
1342 29
1343 29
1344 29
1345 29
1346 29
1347 18
1348 18
1349 18
1350 18
1351 18
1352 18
1353 18
1354 18
1355 18
1356 18
1357 18
1358 18
1359 18
1360 18
1361 18
1362 18
1363 18
1364 18
1365 18
1366 18
1367 18
1368 18
1369 22
1370 22
1371 22
1372 22
1373 22
1374 22
1375 22
1376 22
1377 22
1378 22
1379 22
1380 22
1381 22
1382 22
1383 22
1384 22
1385 22
1386 22
1387 22
1388 22
1389 22
1390 22
1391 27
1392 27
1393 27
1394 27
1395 27
1396 27
1397 27
1398 27
1399 27
1400 27
1401 27
1402 27
1403 27
1404 27
1405 27
1406 27
1407 27
1408 27
1409 27
1410 27
1411 27
1412 27
1413 28
1414 28
1415 28
1416 28
1417 28
1418 28
1419 28
1420 28
1421 28
1422 28
1423 28
1424 28
1425 28
1426 28
1427 28
1428 28
1429 28
1430 28
1431 28
1432 28
1433 28
1434 28
1435 24
1436 24
1437 24
1438 24
1439 24
1440 24
1441 24
1442 24
1443 24
1444 24
1445 24
1446 24
1447 24
1448 24
1449 24
1450 24
1451 24
1452 24
1453 24
1454 24
1455 24
1456 24
1457 10
1458 10
1459 10
1460 10
1461 10
1462 10
1463 10
1464 10
1465 10
1466 10
1467 10
1468 10
1469 10
1470 10
1471 10
1472 10
1473 10
1474 10
1475 10
1476 10
1477 10
1478 10
1479 14
1480 14
1481 14
1482 14
1483 14
1484 14
1485 14
1486 14
1487 14
1488 14
1489 14
1490 14
1491 14
1492 14
1493 14
1494 14
1495 14
1496 14
1497 14
1498 14
1499 14
1500 14
1501 17
1502 17
1503 17
1504 17
1505 17
1506 17
1507 17
1508 17
1509 17
1510 17
1511 17
1512 17
1513 17
1514 17
1515 17
1516 17
1517 17
1518 17
1519 17
1520 17
1521 17
1522 17
1523 21
1524 21
1525 21
1526 21
1527 21
1528 21
1529 21
1530 21
1531 21
1532 21
1533 21
1534 21
1535 21
1536 21
1537 21
1538 21
1539 21
1540 21
1541 21
1542 21
1543 21
1544 21
1545 23
1546 23
1547 23
1548 23
1549 23
1550 23
1551 23
1552 23
1553 23
1554 23
1555 23
1556 23
1557 23
1558 23
1559 23
1560 23
1561 23
1562 23
1563 23
1564 23
1565 23
1566 23
1567 9
1568 9
1569 9
1570 9
1571 9
1572 9
1573 9
1574 9
1575 9
1576 9
1577 9
1578 9
1579 9
1580 9
1581 9
1582 9
1583 9
1584 9
1585 9
1586 9
1587 9
1588 9
1589 13
1590 13
1591 13
1592 13
1593 13
1594 13
1595 13
1596 13
1597 13
1598 13
1599 13
1600 13
1601 13
1602 13
1603 13
1604 13
1605 13
1606 13
1607 13
1608 13
1609 13
1610 13
1611 16
1612 16
1613 16
1614 16
1615 16
1616 16
1617 16
1618 16
1619 16
1620 16
1621 16
1622 16
1623 16
1624 16
1625 16
1626 16
1627 16
1628 16
1629 16
1630 16
1631 16
1632 16
1633 4
1634 4
1635 4
1636 4
1637 4
1638 4
1639 4
1640 4
1641 4
1642 4
1643 4
1644 4
1645 4
1646 4
1647 4
1648 4
1649 4
1650 4
1651 4
1652 4
1653 4
1654 4
1655 8
1656 8
1657 8
1658 8
1659 8
1660 8
1661 8
1662 8
1663 8
1664 8
1665 8
1666 8
1667 8
1668 8
1669 8
1670 8
1671 8
1672 8
1673 8
1674 8
1675 8
1676 8
1677 12
1678 12
1679 12
1680 12
1681 12
1682 12
1683 12
1684 12
1685 12
1686 3
1687 3
1688 3
1689 3
1690 3
1691 3
1692 3
1693 3
1694 3
1695 3
1696 3
1697 3
1698 3
1699 3
1700 3
1701 3
1702 3
1703 3
1704 3
1705 3
1706 3
1707 3
1708 7
1709 7
1710 7
1711 7
1712 7
1713 7
1714 7
1715 7
1716 7
1717 7
1718 7
1719 7
1720 7
1721 7
1722 7
1723 7
1724 7
1725 7
1726 7
1727 7
1728 7
1729 7
1730 2
1731 2
1732 2
1733 2
1734 2
1735 2
1736 2
1737 2
1738 2
1739 2
1740 2
1741 2
1742 2
1743 2
1744 2
1745 2
1746 2
1747 2
1748 2
1749 2
1750 2
1751 2
1752 1
1753 1
1754 1
1755 1
1756 1
1757 1
1758 1
1759 1
1760 1
1761 1
1762 1
1763 1
1764 1
1765 1
1766 1
1767 1
1768 1
1769 1
1770 1
1771 1
1772 1
1773 1
1774 0
1775 0
1776 0
1777 0
1778 0
1779 0
1780 0
1781 0
1782 0
1783 0
1784 0
1785 0
1786 0
1787 0
1788 0
1789 0
1790 0
1791 0
1792 0
1793 0
1794 0
1795 0
