0 0
1 0
2 0
3 0
4 0
5 0
6 0
7 0
8 0
9 0
10 0
11 0
12 0
13 0
14 0
15 0
16 0
17 0
18 0
19 0
20 0
21 0
22 -1
23 -1
24 -1
25 -1
26 -1
27 -1
28 -1
29 -1
30 -1
31 -1
32 -1
33 -1
34 -1
35 -1
36 -1
37 -1
38 -1
39 -1
40 -1
41 -1
42 -1
43 -1
44 -1
45 -1
46 -1
47 -1
48 -1
49 -1
50 -1
51 -1
52 -1
53 -1
54 -1
55 -1
56 -1
57 -1
58 -1
59 -1
60 -1
61 -1
62 -1
63 -1
64 -1
65 -1
66 -1
67 -1
68 -1
69 -1
70 -1
71 -1
72 -1
73 -1
74 -1
75 -1
76 -1
77 -1
78 -1
79 -1
80 -1
81 -1
82 -1
83 -1
84 -1
85 -1
86 -1
87 -1
88 0
89 0
90 0
91 0
92 0
93 0
94 0
95 0
96 0
97 0
98 0
99 0
100 0
101 0
102 0
103 0
104 0
105 0
106 0
107 0
108 0
109 0
110 0
111 0
112 0
113 0
114 0
115 0
116 0
117 0
118 0
119 0
120 0
121 0
122 0
123 0
124 0
125 0
126 0
127 0
128 0
129 0
130 0
131 0
132 -1
133 -1
134 -1
135 -1
136 -1
137 -1
138 -1
139 -1
140 -1
141 -1
142 -1
143 -1
144 -1
145 -1
146 -1
147 -1
148 -1
149 -1
150 -1
151 -1
152 -1
153 -1
154 -1
155 -1
156 -1
157 -1
158 -1
159 -1
160 -1
161 -1
162 -1
163 -1
164 -1
165 -1
166 -1
167 -1
168 -1
169 -1
170 -1
171 -1
172 -1
173 -1
174 -1
175 -1
176 -1
177 -1
178 -1
179 -1
180 -1
181 -1
182 -1
183 -1
184 -1
185 -1
186 -1
187 -1
188 -1
189 -1
190 -1
191 -1
192 -1
193 -1
194 -1
195 -1
196 -1
197 -1
198 0
199 0
200 0
201 0
202 0
203 0
204 0
205 0
206 0
207 0
208 0
209 0
210 0
211 0
212 0
213 0
214 0
215 0
216 0
217 0
218 0
219 0
220 1
221 1
222 1
223 1
224 1
225 1
226 1
227 1
228 1
229 1
230 1
231 1
232 1
233 1
234 1
235 1
236 1
237 1
238 1
239 1
240 1
241 1
242 0
243 0
244 0
245 0
246 0
247 0
248 0
249 0
250 0
251 0
252 0
253 0
254 0
255 0
256 0
257 0
258 0
259 0
260 0
261 0
262 0
263 0
264 1
265 1
266 1
267 1
268 1
269 1
270 1
271 1
272 1
273 1
274 1
275 1
276 1
277 1
278 1
279 1
280 1
281 1
282 1
283 1
284 1
285 1
286 -1
287 -1
288 -1
289 -1
290 -1
291 -1
292 -1
293 -1
294 -1
295 -1
296 -1
297 -1
298 -1
299 -1
300 -1
301 -1
302 -1
303 -1
304 -1
305 -1
306 -1
307 -1
308 -1
309 -1
310 -1
311 -1
312 -1
313 -1
314 -1
315 -1
316 -1
317 -1
318 -1
319 -1
320 -1
321 -1
322 -1
323 -1
324 -1
325 -1
326 -1
327 -1
328 -1
329 -1
330 -1
331 -1
332 -1
333 -1
334 -1
335 -1
336 -1
337 -1
338 -1
339 -1
340 -1
341 -1
342 -1
343 -1
344 -1
345 -1
346 -1
347 -1
348 -1
349 -1
350 -1
351 -1
352 1
353 1
354 1
355 1
356 1
357 1
358 1
359 1
360 1
361 1
362 1
363 1
364 1
365 1
366 1
367 1
368 1
369 1
370 1
371 1
372 1
373 1
374 -1
375 -1
376 -1
377 -1
378 -1
379 -1
380 -1
381 -1
382 -1
383 -1
384 -1
385 -1
386 -1
387 -1
388 -1
389 -1
390 -1
391 -1
392 -1
393 -1
394 -1
395 -1
396 -1
397 -1
398 -1
399 -1
400 -1
401 -1
402 -1
403 -1
404 -1
405 -1
406 -1
407 -1
408 -1
409 -1
410 -1
411 -1
412 -1
413 -1
414 -1
415 -1
416 -1
417 -1
418 0
419 0
420 0
421 0
422 0
423 0
424 0
425 0
426 0
427 0
428 0
429 0
430 0
431 0
432 0
433 0
434 0
435 0
436 0
437 0
438 0
439 0
440 -1
441 -1
442 -1
443 -1
444 -1
445 -1
446 -1
447 -1
448 -1
449 -1
450 -1
451 -1
452 -1
453 -1
454 -1
455 -1
456 -1
457 -1
458 -1
459 -1
460 -1
461 -1
462 -1
463 -1
464 -1
465 -1
466 -1
467 -1
468 -1
469 -1
470 -1
471 -1
472 -1
473 -1
474 -1
475 -1
476 -1
477 -1
478 -1
479 -1
480 -1
481 -1
482 -1
483 -1
484 0
485 0
486 0
487 0
488 0
489 0
490 0
491 0
492 0
493 0
494 0
495 0
496 0
497 0
498 0
499 0
500 0
501 0
502 0
503 0
504 0
505 0
506 0
507 0
508 0
509 0
510 0
511 0
512 0
513 0
514 0
515 0
516 0
517 0
518 0
519 -1
520 -1
521 -1
522 -1
523 -1
524 -1
525 -1
526 -1
527 -1
528 -1
529 -1
530 -1
531 -1
532 -1
533 -1
534 -1
535 -1
536 -1
537 -1
538 -1
539 -1
540 -1
541 0
542 0
543 0
544 0
545 0
546 0
547 0
548 0
549 0
550 0
551 0
552 0
553 0
554 0
555 0
556 0
557 0
558 0
559 0
560 0
561 0
562 0
563 0
564 0
565 0
566 0
567 0
568 0
569 0
570 0
571 0
572 0
573 0
574 0
575 0
576 0
577 0
578 0
579 0
580 0
581 0
582 0
583 0
584 0
585 -1
586 -1
587 -1
588 -1
589 -1
590 -1
591 -1
592 -1
593 -1
594 -1
595 -1
596 -1
597 -1
598 -1
599 -1
600 -1
601 -1
602 -1
603 -1
604 -1
605 -1
606 -1
607 -1
608 -1
609 -1
610 -1
611 -1
612 -1
613 -1
614 -1
615 -1
616 -1
617 -1
618 -1
619 -1
620 -1
621 -1
622 -1
623 -1
624 -1
625 -1
626 -1
627 -1
628 -1
629 -1
630 -1
631 -1
632 -1
633 -1
634 -1
635 -1
636 -1
637 -1
638 -1
639 -1
640 -1
641 -1
642 -1
643 -1
644 -1
645 -1
646 -1
647 -1
648 -1
649 -1
650 -1
651 0
652 0
653 0
654 0
655 0
656 0
657 0
658 0
659 0
660 0
661 0
662 0
663 0
664 0
665 0
666 0
667 0
668 0
669 0
670 0
671 0
672 0
673 0
674 0
675 0
676 0
677 0
678 0
679 0
680 0
681 0
682 0
683 0
684 0
685 0
686 0
687 0
688 0
689 0
690 0
691 0
692 0
693 0
694 0
695 -1
696 -1
697 -1
698 -1
699 -1
700 -1
701 -1
702 -1
703 -1
704 -1
705 -1
706 -1
707 -1
708 -1
709 -1
710 -1
711 -1
712 -1
713 -1
714 -1
715 -1
716 -1
717 -1
718 -1
719 -1
720 -1
721 -1
722 -1
723 -1
724 -1
725 -1
726 -1
727 -1
728 -1
729 -1
730 -1
731 -1
732 -1
733 -1
734 -1
735 -1
736 -1
737 -1
738 -1
739 1
740 1
741 1
742 1
743 1
744 1
745 1
746 1
747 1
748 1
749 1
750 1
751 1
752 1
753 1
754 1
755 1
756 1
757 1
758 1
759 1
760 1
761 0
762 0
763 0
764 0
765 0
766 0
767 0
768 0
769 0
770 0
771 0
772 0
773 0
774 0
775 0
776 0
777 0
778 0
779 0
780 0
781 0
782 0
783 -1
784 -1
785 -1
786 -1
787 -1
788 -1
789 -1
790 -1
791 -1
792 -1
793 -1
794 -1
795 -1
796 -1
797 -1
798 -1
799 -1
800 -1
801 -1
802 -1
803 -1
804 -1
805 -1
806 -1
807 -1
808 -1
809 -1
810 -1
811 -1
812 -1
813 -1
814 -1
815 -1
816 -1
817 -1
818 -1
819 -1
820 -1
821 -1
822 -1
823 -1
824 -1
825 -1
826 -1
827 -1
828 -1
829 -1
830 -1
831 -1
832 -1
833 -1
834 -1
835 -1
836 -1
837 -1
838 -1
839 -1
840 -1
841 -1
842 -1
843 -1
844 -1
845 -1
846 -1
847 -1
848 -1
849 -1
850 -1
851 -1
852 -1
853 -1
854 -1
855 -1
856 -1
857 -1
858 -1
859 -1
860 -1
861 -1
862 -1
863 -1
864 -1
865 -1
866 -1
867 -1
868 -1
869 -1
870 -1
871 1
872 1
873 1
874 1
875 1
876 1
877 1
878 1
879 1
880 1
881 1
882 1
883 1
884 1
885 1
886 1
887 1
888 1
889 1
890 1
891 1
892 1
893 1
894 1
895 1
896 1
897 1
898 1
899 1
900 1
901 1
902 1
903 1
904 1
905 1
906 1
907 1
908 1
909 1
910 1
911 1
912 1
913 1
914 1
915 -1
916 -1
917 -1
918 -1
919 -1
920 -1
921 -1
922 -1
923 -1
924 -1
925 -1
926 -1
927 -1
928 -1
929 -1
930 -1
931 -1
932 -1
933 -1
934 -1
935 -1
936 -1
937 0
938 0
939 0
940 0
941 0
942 0
943 0
944 0
945 0
946 0
947 0
948 0
949 0
950 0
951 0
952 0
953 0
954 0
955 0
956 0
957 0
958 0
959 1
960 1
961 1
962 1
963 1
964 1
965 1
966 1
967 1
968 1
969 1
970 1
971 1
972 1
973 1
974 1
975 1
976 1
977 1
978 1
979 1
980 1
981 0
982 0
983 0
984 0
985 0
986 0
987 0
988 0
989 0
990 0
991 0
992 0
993 0
994 0
995 0
996 0
997 0
998 0
999 0
1000 0
1001 0
1002 0
1003 -1
1004 -1
1005 -1
1006 -1
1007 -1
1008 -1
1009 -1
1010 -1
1011 -1
1012 -1
1013 -1
1014 -1
1015 -1
1016 -1
1017 -1
1018 -1
1019 -1
1020 -1
1021 -1
1022 -1
1023 -1
1024 -1
1025 -1
1026 -1
1027 -1
1028 -1
1029 -1
1030 -1
1031 -1
1032 -1
1033 -1
1034 -1
1035 -1
1036 -1
1037 -1
1038 -1
1039 -1
1040 -1
1041 -1
1042 -1
1043 -1
1044 -1
1045 -1
1046 -1
1047 1
1048 1
1049 1
1050 1
1051 1
1052 1
1053 1
1054 1
1055 1
1056 1
1057 1
1058 1
1059 1
1060 1
1061 1
1062 1
1063 1
1064 1
1065 1
1066 1
1067 1
1068 1
1069 -1
1070 -1
1071 -1
1072 -1
1073 -1
1074 -1
1075 -1
1076 -1
1077 -1
1078 -1
1079 -1
1080 -1
1081 -1
1082 -1
1083 -1
1084 -1
1085 -1
1086 -1
1087 -1
1088 -1
1089 -1
1090 -1
1091 1
1092 1
1093 1
1094 1
1095 1
1096 1
1097 1
1098 1
1099 1
1100 1
1101 1
1102 1
1103 1
1104 1
1105 1
1106 1
1107 1
1108 1
1109 1
1110 1
1111 1
1112 1
1113 -1
1114 -1
1115 -1
1116 -1
1117 -1
1118 -1
1119 -1
1120 -1
1121 -1
1122 -1
1123 -1
1124 -1
1125 -1
1126 -1
1127 -1
1128 -1
1129 -1
1130 -1
1131 -1
1132 -1
1133 -1
1134 -1
1135 1
1136 1
1137 1
1138 1
1139 1
1140 1
1141 1
1142 1
1143 1
1144 1
1145 1
1146 1
1147 1
1148 1
1149 1
1150 1
1151 1
1152 1
1153 1
1154 1
1155 1
1156 1
1157 0
1158 0
1159 0
1160 0
1161 0
1162 0
1163 0
1164 0
1165 0
1166 0
1167 0
1168 0
1169 0
1170 0
1171 0
1172 0
1173 0
1174 0
1175 0
1176 0
1177 0
1178 0
1179 -1
1180 -1
1181 -1
1182 -1
1183 -1
1184 -1
1185 -1
1186 -1
1187 -1
1188 -1
1189 -1
1190 -1
1191 -1
1192 -1
1193 -1
1194 -1
1195 -1
1196 -1
1197 -1
1198 -1
1199 -1
1200 -1
1201 -1
1202 -1
1203 -1
1204 -1
1205 -1
1206 -1
1207 -1
1208 -1
1209 -1
1210 -1
1211 -1
1212 -1
1213 -1
1214 -1
1215 0
1216 0
1217 0
1218 0
1219 0
1220 0
1221 0
1222 0
1223 0
1224 0
1225 0
1226 0
1227 0
1228 0
1229 0
1230 0
1231 0
1232 0
1233 0
1234 0
1235 0
1236 0
1237 0
1238 0
1239 0
1240 0
1241 0
1242 0
1243 0
1244 0
1245 0
1246 0
1247 0
1248 0
1249 0
1250 0
1251 0
1252 0
1253 0
1254 0
1255 0
1256 0
1257 0
1258 0
1259 -1
1260 -1
1261 -1
1262 -1
1263 -1
1264 -1
1265 -1
1266 -1
1267 -1
1268 -1
1269 -1
1270 -1
1271 -1
1272 -1
1273 -1
1274 -1
1275 -1
1276 -1
1277 -1
1278 -1
1279 -1
1280 -1
1281 1
1282 1
1283 1
1284 1
1285 1
1286 1
1287 1
1288 1
1289 1
1290 1
1291 1
1292 1
1293 1
1294 1
1295 1
1296 1
1297 1
1298 1
1299 1
1300 1
1301 1
1302 1
1303 1
1304 1
1305 1
1306 1
1307 1
1308 1
1309 1
1310 1
1311 1
1312 1
1313 1
1314 1
1315 1
1316 1
1317 1
1318 1
1319 1
1320 1
1321 1
1322 1
1323 1
1324 1
1325 -1
1326 -1
1327 -1
1328 -1
1329 -1
1330 -1
1331 -1
1332 -1
1333 -1
1334 -1
1335 -1
1336 -1
1337 -1
1338 -1
1339 -1
1340 -1
1341 -1
1342 -1
1343 -1
1344 -1
1345 -1
1346 -1
1347 -1
1348 -1
1349 -1
1350 -1
1351 -1
1352 -1
1353 -1
1354 -1
1355 -1
1356 -1
1357 -1
1358 -1
1359 -1
1360 -1
1361 -1
1362 -1
1363 -1
1364 -1
1365 -1
1366 -1
1367 -1
1368 -1
1369 -1
1370 -1
1371 -1
1372 -1
1373 -1
1374 -1
1375 -1
1376 -1
1377 -1
1378 -1
1379 -1
1380 -1
1381 -1
1382 -1
1383 -1
1384 -1
1385 -1
1386 -1
1387 -1
1388 -1
1389 -1
1390 -1
1391 1
1392 1
1393 1
1394 1
1395 1
1396 1
1397 1
1398 1
1399 1
1400 1
1401 1
1402 1
1403 1
1404 1
1405 1
1406 1
1407 1
1408 1
1409 1
1410 1
1411 1
1412 1
1413 1
1414 1
1415 1
1416 1
1417 1
1418 1
1419 1
1420 1
1421 1
1422 1
1423 1
1424 1
1425 1
1426 1
1427 1
1428 1
1429 1
1430 1
1431 1
1432 1
1433 1
1434 1
1435 0
1436 0
1437 0
1438 0
1439 0
1440 0
1441 0
1442 0
1443 0
1444 0
1445 0
1446 0
1447 0
1448 0
1449 0
1450 0
1451 0
1452 0
1453 0
1454 0
1455 0
1456 0
1457 0
1458 0
1459 0
1460 0
1461 0
1462 0
1463 0
1464 0
1465 0
1466 0
1467 0
1468 0
1469 0
1470 0
1471 0
1472 0
1473 0
1474 0
1475 0
1476 0
1477 0
1478 0
1479 1
1480 1
1481 1
1482 1
1483 1
1484 1
1485 1
1486 1
1487 1
1488 1
1489 1
1490 1
1491 1
1492 1
1493 1
1494 1
1495 1
1496 1
1497 1
1498 1
1499 1
1500 1
1501 1
1502 1
1503 1
1504 1
1505 1
1506 1
1507 1
1508 1
1509 1
1510 1
1511 1
1512 1
1513 1
1514 1
1515 1
1516 1
1517 1
1518 1
1519 1
1520 1
1521 1
1522 1
1523 -1
1524 -1
1525 -1
1526 -1
1527 -1
1528 -1
1529 -1
1530 -1
1531 -1
1532 -1
1533 -1
1534 -1
1535 -1
1536 -1
1537 -1
1538 -1
1539 -1
1540 -1
1541 -1
1542 -1
1543 -1
1544 -1
1545 -1
1546 -1
1547 -1
1548 -1
1549 -1
1550 -1
1551 -1
1552 -1
1553 -1
1554 -1
1555 -1
1556 -1
1557 -1
1558 -1
1559 -1
1560 -1
1561 -1
1562 -1
1563 -1
1564 -1
1565 -1
1566 -1
1567 -1
1568 -1
1569 -1
1570 -1
1571 -1
1572 -1
1573 -1
1574 -1
1575 -1
1576 -1
1577 -1
1578 -1
1579 -1
1580 -1
1581 -1
1582 -1
1583 -1
1584 -1
1585 -1
1586 -1
1587 -1
1588 -1
1589 -1
1590 -1
1591 -1
1592 -1
1593 -1
1594 -1
1595 -1
1596 -1
1597 -1
1598 -1
1599 -1
1600 -1
1601 -1
1602 -1
1603 -1
1604 -1
1605 -1
1606 -1
1607 -1
1608 -1
1609 -1
1610 -1
1611 -1
1612 -1
1613 -1
1614 -1
1615 -1
1616 -1
1617 -1
1618 -1
1619 -1
1620 -1
1621 -1
1622 -1
1623 -1
1624 -1
1625 -1
1626 -1
1627 -1
1628 -1
1629 -1
1630 -1
1631 -1
1632 -1
1633 -1
1634 -1
1635 -1
1636 -1
1637 -1
1638 -1
1639 -1
1640 -1
1641 -1
1642 -1
1643 -1
1644 -1
1645 -1
1646 -1
1647 -1
1648 -1
1649 -1
1650 -1
1651 -1
1652 -1
1653 -1
1654 -1
1655 -1
1656 -1
1657 -1
1658 -1
1659 -1
1660 -1
1661 -1
1662 -1
1663 -1
1664 -1
1665 -1
1666 -1
1667 -1
1668 -1
1669 -1
1670 -1
1671 -1
1672 -1
1673 -1
1674 -1
1675 -1
1676 -1
1677 -1
1678 -1
1679 -1
1680 -1
1681 -1
1682 -1
1683 -1
1684 -1
1685 -1
1686 -1
1687 -1
1688 -1
1689 -1
1690 -1
1691 -1
1692 -1
1693 -1
1694 -1
1695 -1
1696 -1
1697 -1
1698 -1
1699 -1
1700 -1
1701 -1
1702 -1
1703 -1
1704 -1
1705 -1
1706 -1
1707 -1
1708 -1
1709 -1
1710 -1
1711 -1
1712 -1
1713 -1
1714 -1
1715 -1
1716 -1
1717 -1
1718 -1
1719 -1
1720 -1
1721 -1
1722 -1
1723 -1
1724 -1
1725 -1
1726 -1
1727 -1
1728 -1
1729 -1
1730 0
1731 0
1732 0
1733 0
1734 0
1735 0
1736 0
1737 0
1738 0
1739 0
1740 0
1741 0
1742 0
1743 0
1744 0
1745 0
1746 0
1747 0
1748 0
1749 0
1750 0
1751 0
1752 -1
1753 -1
1754 -1
1755 -1
1756 -1
1757 -1
1758 -1
1759 -1
1760 -1
1761 -1
1762 -1
1763 -1
1764 -1
1765 -1
1766 -1
1767 -1
1768 -1
1769 -1
1770 -1
1771 -1
1772 -1
1773 -1
1774 -1
1775 -1
1776 -1
1777 -1
1778 -1
1779 -1
1780 -1
1781 -1
1782 -1
1783 -1
1784 -1
1785 -1
1786 -1
1787 -1
1788 -1
1789 -1
1790 -1
1791 -1
1792 -1
1793 -1
1794 -1
1795 -1
