0 10
1 10
2 10
3 10
4 10
5 10
6 10
7 10
8 10
9 10
10 10
11 10
12 10
13 10
14 10
15 10
16 10
17 10
18 10
19 10
20 10
21 10
22 14
23 14
24 14
25 14
26 14
27 14
28 14
29 14
30 14
31 14
32 14
33 14
34 14
35 14
36 14
37 14
38 14
39 14
40 14
41 14
42 14
43 14
44 33
45 33
46 33
47 33
48 33
49 33
50 33
51 33
52 33
53 33
54 33
55 33
56 33
57 33
58 33
59 33
60 33
61 33
62 33
63 33
64 33
65 33
66 17
67 17
68 17
69 17
70 17
71 17
72 17
73 17
74 17
75 17
76 17
77 17
78 17
79 17
80 17
81 17
82 17
83 17
84 17
85 17
86 17
87 17
88 36
89 36
90 36
91 36
92 36
93 36
94 36
95 36
96 36
97 36
98 36
99 36
100 36
101 36
102 36
103 36
104 36
105 36
106 36
107 36
108 36
109 36
110 15
111 15
112 15
113 15
114 15
115 15
116 15
117 15
118 15
119 15
120 15
121 15
122 15
123 15
124 15
125 15
126 15
127 15
128 15
129 15
130 15
131 15
132 42
133 42
134 42
135 42
136 42
137 42
138 42
139 42
140 42
141 42
142 42
143 42
144 42
145 42
146 42
147 42
148 42
149 42
150 42
151 42
152 42
153 42
154 16
155 16
156 16
157 16
158 16
159 16
160 16
161 16
162 16
163 16
164 16
165 16
166 16
167 16
168 16
169 16
170 16
171 16
172 16
173 16
174 16
175 16
176 24
177 24
178 24
179 24
180 24
181 24
182 24
183 24
184 24
185 24
186 24
187 24
188 24
189 24
190 24
191 24
192 24
193 24
194 24
195 24
196 24
197 24
198 28
199 28
200 28
201 28
202 28
203 28
204 28
205 28
206 28
207 28
208 28
209 28
210 28
211 28
212 28
213 28
214 28
215 28
216 28
217 28
218 28
219 28
220 9
221 9
222 9
223 9
224 9
225 9
226 9
227 9
228 9
229 9
230 9
231 9
232 9
233 9
234 9
235 9
236 9
237 9
238 9
239 9
240 9
241 9
242 18
243 18
244 18
245 18
246 18
247 18
248 18
249 18
250 18
251 18
252 18
253 18
254 18
255 18
256 18
257 18
258 18
259 18
260 18
261 18
262 18
263 18
264 19
265 19
266 19
267 19
268 19
269 19
270 19
271 19
272 19
273 19
274 19
275 19
276 19
277 19
278 19
279 19
280 19
281 19
282 19
283 19
284 19
285 19
286 29
287 29
288 29
289 29
290 29
291 29
292 29
293 29
294 29
295 29
296 29
297 29
298 29
299 29
300 29
301 29
302 29
303 29
304 29
305 29
306 29
307 29
308 25
309 25
310 25
311 25
312 25
313 25
314 25
315 25
316 25
317 25
318 25
319 25
320 25
321 25
322 25
323 25
324 25
325 25
326 25
327 25
328 25
329 25
330 12
331 12
332 12
333 12
334 12
335 12
336 12
337 12
338 12
339 12
340 12
341 12
342 12
343 12
344 12
345 12
346 12
347 12
348 12
349 12
350 12
351 12
352 25
353 25
354 25
355 25
356 25
357 25
358 25
359 25
360 25
361 25
362 25
363 25
364 25
365 25
366 25
367 25
368 25
369 25
370 25
371 25
372 25
373 25
374 16
375 16
376 16
377 16
378 16
379 16
380 16
381 16
382 16
383 16
384 16
385 16
386 16
387 16
388 16
389 16
390 16
391 16
392 16
393 16
394 16
395 16
396 12
397 12
398 12
399 12
400 12
401 12
402 12
403 12
404 12
405 12
406 12
407 12
408 12
409 12
410 12
411 12
412 12
413 12
414 12
415 12
416 12
417 12
418 15
419 15
420 15
421 15
422 15
423 15
424 15
425 15
426 15
427 15
428 15
429 15
430 15
431 15
432 15
433 15
434 15
435 15
436 15
437 15
438 15
439 15
440 51
441 51
442 51
443 51
444 51
445 51
446 51
447 51
448 51
449 51
450 51
451 51
452 51
453 51
454 51
455 51
456 51
457 51
458 51
459 51
460 51
461 51
462 26
463 26
464 26
465 26
466 26
467 26
468 26
469 26
470 26
471 26
472 26
473 26
474 26
475 26
476 26
477 26
478 26
479 26
480 26
481 26
482 26
483 26
484 30
485 30
486 30
487 30
488 30
489 30
490 30
491 30
492 30
493 30
494 30
495 30
496 30
497 13
498 13
499 13
500 13
501 13
502 13
503 13
504 13
505 13
506 13
507 13
508 13
509 13
510 13
511 13
512 13
513 13
514 13
515 13
516 13
517 13
518 13
519 34
520 34
521 34
522 34
523 34
524 34
525 34
526 34
527 34
528 34
529 34
530 34
531 34
532 34
533 34
534 34
535 34
536 34
537 34
538 34
539 34
540 34
541 23
542 23
543 23
544 23
545 23
546 23
547 23
548 23
549 23
550 23
551 23
552 23
553 23
554 23
555 23
556 23
557 23
558 23
559 23
560 23
561 23
562 23
563 14
564 14
565 14
566 14
567 14
568 14
569 14
570 14
571 14
572 14
573 14
574 14
575 14
576 14
577 14
578 14
579 14
580 14
581 14
582 14
583 14
584 14
585 47
586 47
587 47
588 47
589 47
590 47
591 47
592 47
593 47
594 47
595 47
596 47
597 47
598 47
599 47
600 47
601 47
602 47
603 47
604 47
605 47
606 47
607 48
608 48
609 48
610 48
611 48
612 48
613 48
614 48
615 48
616 48
617 48
618 48
619 48
620 48
621 48
622 48
623 48
624 48
625 48
626 48
627 48
628 48
629 14
630 14
631 14
632 14
633 14
634 14
635 14
636 14
637 14
638 14
639 14
640 14
641 14
642 14
643 14
644 14
645 14
646 14
647 14
648 14
649 14
650 14
651 18
652 18
653 18
654 18
655 18
656 18
657 18
658 18
659 18
660 18
661 18
662 18
663 18
664 18
665 18
666 18
667 18
668 18
669 18
670 18
671 18
672 18
673 27
674 27
675 27
676 27
677 27
678 27
679 27
680 27
681 27
682 27
683 27
684 27
685 27
686 27
687 27
688 27
689 27
690 27
691 27
692 27
693 27
694 27
695 23
696 23
697 23
698 23
699 23
700 23
701 23
702 23
703 23
704 23
705 23
706 23
707 23
708 23
709 23
710 23
711 23
712 23
713 23
714 23
715 23
716 23
717 16
718 16
719 16
720 16
721 16
722 16
723 16
724 16
725 16
726 16
727 16
728 16
729 16
730 16
731 16
732 16
733 16
734 16
735 16
736 16
737 16
738 16
739 27
740 27
741 27
742 27
743 27
744 27
745 27
746 27
747 27
748 27
749 27
750 27
751 27
752 27
753 27
754 27
755 27
756 27
757 27
758 27
759 27
760 27
761 31
762 31
763 31
764 31
765 31
766 31
767 31
768 31
769 31
770 31
771 31
772 31
773 31
774 31
775 31
776 31
777 31
778 31
779 31
780 31
781 31
782 31
783 32
784 32
785 32
786 32
787 32
788 32
789 32
790 32
791 32
792 32
793 32
794 32
795 32
796 32
797 32
798 32
799 32
800 32
801 32
802 32
803 32
804 32
805 30
806 30
807 30
808 30
809 30
810 30
811 30
812 30
813 30
814 30
815 30
816 30
817 30
818 30
819 30
820 30
821 30
822 30
823 30
824 30
825 30
826 30
827 31
828 31
829 31
830 31
831 31
832 31
833 31
834 31
835 31
836 31
837 31
838 31
839 31
840 31
841 31
842 31
843 31
844 31
845 31
846 31
847 31
848 31
849 32
850 32
851 32
852 32
853 32
854 32
855 32
856 32
857 32
858 32
859 32
860 32
861 32
862 32
863 32
864 32
865 32
866 32
867 32
868 32
869 32
870 32
871 34
872 34
873 34
874 34
875 34
876 34
877 34
878 34
879 34
880 34
881 34
882 34
883 34
884 34
885 34
886 34
887 34
888 34
889 34
890 34
891 34
892 34
893 17
894 17
895 17
896 17
897 17
898 17
899 17
900 17
901 17
902 17
903 17
904 17
905 17
906 17
907 17
908 17
909 17
910 17
911 17
912 17
913 17
914 17
915 22
916 22
917 22
918 22
919 22
920 22
921 22
922 22
923 22
924 22
925 22
926 22
927 22
928 22
929 22
930 22
931 22
932 22
933 22
934 22
935 22
936 22
937 22
938 22
939 22
940 22
941 22
942 22
943 22
944 22
945 22
946 22
947 22
948 22
949 22
950 22
951 22
952 22
953 22
954 22
955 22
956 22
957 22
958 22
959 31
960 31
961 31
962 31
963 31
964 31
965 31
966 31
967 31
968 31
969 31
970 31
971 31
972 31
973 31
974 31
975 31
976 31
977 31
978 31
979 31
980 31
981 19
982 19
983 19
984 19
985 19
986 19
987 19
988 19
989 19
990 19
991 19
992 19
993 19
994 19
995 19
996 19
997 19
998 19
999 19
1000 19
1001 19
1002 19
1003 37
1004 37
1005 37
1006 37
1007 37
1008 37
1009 37
1010 37
1011 37
1012 37
1013 37
1014 37
1015 37
1016 37
1017 37
1018 37
1019 37
1020 37
1021 37
1022 37
1023 37
1024 37
1025 40
1026 40
1027 40
1028 40
1029 40
1030 40
1031 40
1032 40
1033 40
1034 40
1035 40
1036 40
1037 40
1038 40
1039 40
1040 40
1041 40
1042 40
1043 40
1044 40
1045 40
1046 40
1047 19
1048 19
1049 19
1050 19
1051 19
1052 19
1053 19
1054 19
1055 19
1056 19
1057 19
1058 19
1059 19
1060 19
1061 19
1062 19
1063 19
1064 19
1065 19
1066 19
1067 19
1068 19
1069 23
1070 23
1071 23
1072 23
1073 23
1074 23
1075 23
1076 23
1077 23
1078 23
1079 23
1080 23
1081 23
1082 23
1083 23
1084 23
1085 23
1086 23
1087 23
1088 23
1089 23
1090 23
1091 31
1092 31
1093 31
1094 31
1095 31
1096 31
1097 31
1098 31
1099 31
1100 31
1101 31
1102 31
1103 31
1104 31
1105 31
1106 31
1107 31
1108 31
1109 31
1110 31
1111 31
1112 31
1113 15
1114 15
1115 15
1116 15
1117 15
1118 15
1119 15
1120 15
1121 15
1122 15
1123 15
1124 15
1125 15
1126 15
1127 15
1128 15
1129 15
1130 15
1131 15
1132 15
1133 15
1134 15
1135 25
1136 25
1137 25
1138 25
1139 25
1140 25
1141 25
1142 25
1143 25
1144 25
1145 25
1146 25
1147 25
1148 25
1149 25
1150 25
1151 25
1152 25
1153 25
1154 25
1155 25
1156 25
1157 23
1158 23
1159 23
1160 23
1161 23
1162 23
1163 23
1164 23
1165 23
1166 23
1167 23
1168 23
1169 23
1170 23
1171 23
1172 23
1173 23
1174 23
1175 23
1176 23
1177 23
1178 23
1179 16
1180 16
1181 16
1182 16
1183 16
1184 16
1185 16
1186 16
1187 16
1188 16
1189 16
1190 16
1191 16
1192 16
1193 40
1194 40
1195 40
1196 40
1197 40
1198 40
1199 40
1200 40
1201 40
1202 40
1203 40
1204 40
1205 40
1206 40
1207 40
1208 40
1209 40
1210 40
1211 40
1212 40
1213 40
1214 40
1215 24
1216 24
1217 24
1218 24
1219 24
1220 24
1221 24
1222 24
1223 24
1224 24
1225 24
1226 24
1227 24
1228 24
1229 24
1230 24
1231 24
1232 24
1233 24
1234 24
1235 24
1236 24
1237 18
1238 18
1239 18
1240 18
1241 18
1242 18
1243 18
1244 18
1245 18
1246 18
1247 18
1248 18
1249 18
1250 18
1251 18
1252 18
1253 18
1254 18
1255 18
1256 18
1257 18
1258 18
1259 40
1260 40
1261 40
1262 40
1263 40
1264 40
1265 40
1266 40
1267 40
1268 40
1269 40
1270 40
1271 40
1272 40
1273 40
1274 40
1275 40
1276 40
1277 40
1278 40
1279 40
1280 40
1281 43
1282 43
1283 43
1284 43
1285 43
1286 43
1287 43
1288 43
1289 43
1290 43
1291 43
1292 43
1293 43
1294 43
1295 43
1296 43
1297 43
1298 43
1299 43
1300 43
1301 43
1302 43
1303 24
1304 24
1305 24
1306 24
1307 24
1308 24
1309 24
1310 24
1311 24
1312 24
1313 24
1314 24
1315 24
1316 24
1317 24
1318 24
1319 24
1320 24
1321 24
1322 24
1323 24
1324 24
1325 34
1326 34
1327 34
1328 34
1329 34
1330 34
1331 34
1332 34
1333 34
1334 34
1335 34
1336 34
1337 34
1338 34
1339 34
1340 34
1341 34
1342 34
1343 34
1344 34
1345 34
1346 34
1347 20
1348 20
1349 20
1350 20
1351 20
1352 20
1353 20
1354 20
1355 20
1356 20
1357 20
1358 20
1359 20
1360 20
1361 20
1362 20
1363 20
1364 20
1365 20
1366 20
1367 20
1368 20
1369 14
1370 14
1371 14
1372 14
1373 14
1374 14
1375 14
1376 14
1377 14
1378 14
1379 14
1380 14
1381 14
1382 14
1383 14
1384 14
1385 14
1386 14
1387 14
1388 14
1389 14
1390 14
1391 15
1392 15
1393 15
1394 15
1395 15
1396 15
1397 15
1398 15
1399 15
1400 15
1401 15
1402 15
1403 15
1404 15
1405 15
1406 15
1407 15
1408 15
1409 15
1410 15
1411 15
1412 15
1413 29
1414 29
1415 29
1416 29
1417 29
1418 29
1419 29
1420 29
1421 29
1422 29
1423 29
1424 29
1425 29
1426 29
1427 29
1428 29
1429 29
1430 29
1431 29
1432 29
1433 29
1434 29
1435 34
1436 34
1437 34
1438 34
1439 34
1440 34
1441 34
1442 34
1443 34
1444 34
1445 34
1446 34
1447 34
1448 34
1449 34
1450 34
1451 34
1452 34
1453 34
1454 34
1455 34
1456 34
1457 12
1458 12
1459 12
1460 12
1461 12
1462 12
1463 12
1464 12
1465 12
1466 12
1467 12
1468 12
1469 12
1470 12
1471 12
1472 12
1473 12
1474 12
1475 12
1476 12
1477 12
1478 12
1479 16
1480 16
1481 16
1482 16
1483 16
1484 16
1485 16
1486 16
1487 16
1488 16
1489 16
1490 16
1491 16
1492 16
1493 16
1494 16
1495 16
1496 16
1497 16
1498 16
1499 16
1500 16
1501 15
1502 15
1503 15
1504 15
1505 15
1506 15
1507 15
1508 15
1509 15
1510 15
1511 15
1512 15
1513 15
1514 15
1515 15
1516 15
1517 15
1518 15
1519 15
1520 15
1521 15
1522 15
1523 15
1524 15
1525 15
1526 15
1527 15
1528 15
1529 15
1530 15
1531 15
1532 15
1533 15
1534 15
1535 15
1536 15
1537 15
1538 15
1539 15
1540 15
1541 15
1542 15
1543 15
1544 15
1545 15
1546 15
1547 15
1548 15
1549 15
1550 15
1551 15
1552 15
1553 15
1554 15
1555 15
1556 15
1557 15
1558 15
1559 15
1560 15
1561 15
1562 15
1563 15
1564 15
1565 15
1566 15
1567 21
1568 21
1569 21
1570 21
1571 21
1572 21
1573 21
1574 21
1575 21
1576 21
1577 21
1578 21
1579 21
1580 21
1581 21
1582 21
1583 21
1584 21
1585 21
1586 21
1587 21
1588 21
1589 18
1590 18
1591 18
1592 18
1593 18
1594 18
1595 18
1596 18
1597 18
1598 18
1599 18
1600 18
1601 18
1602 18
1603 18
1604 18
1605 18
1606 18
1607 18
1608 18
1609 18
1610 18
1611 28
1612 28
1613 28
1614 28
1615 28
1616 28
1617 28
1618 28
1619 28
1620 28
1621 28
1622 28
1623 28
1624 28
1625 28
1626 28
1627 28
1628 28
1629 28
1630 28
1631 28
1632 28
1633 31
1634 31
1635 31
1636 31
1637 31
1638 31
1639 31
1640 31
1641 31
1642 31
1643 31
1644 31
1645 31
1646 31
1647 31
1648 31
1649 31
1650 31
1651 31
1652 31
1653 31
1654 31
1655 16
1656 16
1657 16
1658 16
1659 16
1660 16
1661 16
1662 16
1663 16
1664 16
1665 16
1666 16
1667 16
1668 16
1669 16
1670 16
1671 16
1672 16
1673 16
1674 16
1675 16
1676 16
1677 21
1678 21
1679 21
1680 21
1681 21
1682 21
1683 21
1684 21
1685 21
1686 22
1687 22
1688 22
1689 22
1690 22
1691 22
1692 22
1693 22
1694 22
1695 22
1696 22
1697 22
1698 22
1699 22
1700 22
1701 22
1702 22
1703 22
1704 22
1705 22
1706 22
1707 22
1708 33
1709 33
1710 33
1711 33
1712 33
1713 33
1714 33
1715 33
1716 33
1717 33
1718 33
1719 33
1720 33
1721 33
1722 33
1723 33
1724 33
1725 33
1726 33
1727 33
1728 33
1729 33
1730 21
1731 21
1732 21
1733 21
1734 21
1735 21
1736 21
1737 21
1738 21
1739 21
1740 21
1741 21
1742 21
1743 21
1744 21
1745 21
1746 21
1747 21
1748 21
1749 21
1750 21
1751 21
1752 17
1753 17
1754 17
1755 17
1756 17
1757 17
1758 17
1759 17
1760 17
1761 17
1762 17
1763 17
1764 17
1765 17
1766 17
1767 17
1768 17
1769 17
1770 17
1771 17
1772 17
1773 17
1774 50
1775 50
1776 50
1777 50
1778 50
1779 50
1780 50
1781 50
1782 50
1783 50
1784 50
1785 50
1786 50
1787 50
1788 50
1789 50
1790 50
1791 50
1792 50
1793 50
1794 50
1795 50
