11.7 151.1
998.9 430.5
980.1 433.5
986.5 425.8
944.1 415.1
940.5 410.4
950.9 405.7
940.8 389.2
945.5 379.8
930.5 287.1
931.2 372.6
924.2 427.8
936.4 453
918.3 445.4
915.3 409.8
907.4 362.9
903.8 376.7
912 357.1
892.8 109.5
899 332.7
884 323
890.5 486.2
873.2 457.3
871.6 435.4
863.9 427.1
864.2 433.8
861.3 374
876.6 354
877.7 327.5
856.2 95.4
848 240.5
853.6 282.1
855.8 377.5
853.5 384
848.4 394.2
841.6 419.2
847.9 437.5
855.6 430.9
849.6 420.9
848 428.7
846.7 447.8
840.9 465.2
841.8 469.7
847.7 491.7
837 456.7
823.7 443.7
838.4 422.4
834.3 418.3
827.2 398.4
834.7 375.9
821.1 344.7
828.3 319.2
826.8 207.2
819.5 232.4
814.2 288.2
815.3 458.6
810 441.2
812.7 477.4
809.5 473.3
800.9 490.8
797.3 481
780.2 439.6
797.1 393.8
780.3 268
790.9 184.6
778.4 359.9
758.2 346.1
744 304.9
739.6 301.5
705.9 275.7
683.5 264.2
662.1 193.1
625.2 287.6
623.7 1.2
608.9 345.3
608 408.8
582.7 411.1
596.8 298
565 14.5
578.1 374.7
580.1 401.6
544.9 400.9
535.3 94.2
536 364
530.3 391.4
531 382
538.7 411
509.2 443.2
514.8 399.8
518.7 402.1
500.7 393.5
516.3 360.8
499.4 354.2
484 375.9
484 371.4
494.5 376.4
489 392
488 380.6
494.6 387
470.9 453
470.2 438.5
460.9 420.5
476.1 416.1
468.5 381.5
476.5 376.8
466.7 363
441.5 369.2
450.3 380.4
387 490.3
377.1 429
346.9 368.1
320.6 39.7
337 40.8
328.5 374.5
331.2 410.1
321.6 435.7
309.5 489.5
312.6 479.5
313.4 354.5
301.9 134.5
306.9 79
317.4 35.6
294.6 377.1
294.2 437.3
265.9 457.5
272.9 427.8
264.4 363
246.2 388.9
257.3 397.9
240.6 417.5
222 438.8
216.4 190.4
215.2 409.4
181.2 457.7
198.3 433.5
198.6 380.9
189.3 325.5
196.5 142.3
165.6 32.6
166.8 131.4
175.4 259
170.1 420.2
178.6 443.7
159.4 497.2
156.1 485.3
152.6 469.7
142.2 354.9
145.5 300.9
144.1 278.7
155.2 244.7
142.9 244.8
147.7 83.2
141.4 73.5
141.8 2.8
119.7 69.2
136.4 93
129.2 100.1
134.9 278.1
124.3 307
125.9 357.1
135.9 430.7
134.8 484.1
103.6 483.3
115.4 346.9
114.1 317.1
119.3 295.7
82.2 4.1
96.7 310.3
96.8 408.5
66.8 449.2
76 441.3
75.8 413.7
64.5 281.3
42.6 404.2
22.2 449.9
31.1 424.6
24.7 218.5
39.7 199.7
22.1 150.8
15.9 118.7
18.1 285.1
18.5 399.6
11 420.5
961.5 370.8
967.7 377.3
961.1 390.3
965.4 413.2
967.7 410.6
967.5 401.4
968 438
970.8 423.8
972.7 430.1
970.7 439.7
978.9 436.6
979.6 430
972.8 440.1
975.1 440.6
972.8 460.3
972.2 470.2
170.4 416.8
118.1 465.5
846 16.1
840.9 30.3
849.2 51.5
841.2 63.1
843.9 71.4
843.5 79.6
849.6 78.2
851.8 60.7
850.1 63.3
840.1 103.6
840.7 107.4
844.3 114.2
853.6 110.4
840.6 128.7
845.6 133
847 124.3
846.6 143
842.5 187.9
843.4 198.8
846.3 192.6
843.8 218.4
846.5 218.4
851.8 205.8
856.9 212
856.4 202
968.4 402.4
859.7 236.7
859.5 233.9
856.3 225
842.8 265.6
851 261.9
840.7 288.5
847.2 335.3
851.3 328.6
847 370.9
853.6 391.8
842.8 400.2
840.7 414.9
852.3 412.2
856.9 419.8
851.2 426.1
842.3 440.2
840.9 463.3
844.9 496.5
846.1 497.3
849.2 496
854.9 494.7
951.2 115.9
945.8 243.4
950.7 374.4
958.1 374.9
946.8 394
949.3 390.4
945.4 385.6
959.1 398.4
958.6 393.8
958.9 389.1
943.5 403.9
951.4 407.5
944.5 420.9
941.2 433.8
943.9 431.8
945 435.8
949.7 484.4
925.2 237.1
928.3 233.3
924.8 250.9
920.8 286.1
925.4 300.1
922.2 325
920.1 320.8
924.2 329.6
929.7 339
926.5 339.3
933.9 337
921.6 346.6
933.1 351.7
936.6 345
935.6 340.3
921.7 366.9
928.9 378.4
933.7 367.9
938.5 365.8
929.5 396.6
928.2 410.5
929.8 412.5
930.6 412.1
933.8 416.7
924.1 423.5
926.5 436.4
928.7 432.4
930.2 426.4
934.5 436.2
935.9 425.2
939.8 421
930.1 441.9
937.3 477.4
904.4 126.1
900.8 192.2
900.8 198.3
902.6 199.3
902.3 198.9
903.6 198.8
903.6 196.6
903.5 195.4
905.4 199.6
906.5 196.7
903.5 200.8
911.9 202.7
901.6 239.3
901.4 253.3
900.8 283.3
901.5 298.7
901.1 302.6
917.9 304.6
906.6 334.8
913.3 322.8
914.7 326.6
910.5 338.8
919 326.8
904.6 341.9
914.5 351.8
915.3 343.8
908.3 372.9
907.8 372.8
909.8 371.5
915.2 374.8
902.1 385.8
909.7 382.4
913.2 396
908.9 429.5
914.3 426.9
902.5 441.2
912.5 448.4
901.1 485.3
918.4 490.7
902.8 126.5
884.2 25.3
882.3 95.4
886 88.1
888.3 141.6
885.2 174.6
897 202.8
892 246.1
890.2 273.3
891.4 271.9
898.7 292.4
899.8 292.9
886.8 318.4
899.4 300.9
880.5 358.1
889.1 349.7
893.8 344.7
890.1 352.1
899.1 346.1
881 366.3
887.5 373
893 362.1
894 365.9
884.9 385.2
880.5 390.5
889.3 417.7
884.4 429
883.2 429.6
889.8 432.9
886.6 425.3
885.4 422.9
892.1 423.9
892.8 425.1
890.7 432.6
898.1 423.1
893.1 449.5
884.1 476.7
887.5 473.6
887.3 469.4
893.3 464.5
897 472.5
888.8 483.8
891.4 496.8
863.7 30.6
866.5 40.4
866.3 56.6
869.8 48.2
873 45.2
875.8 43.5
860.1 64.8
863.4 73.2
861.2 72.9
861.7 75.3
867.4 69.9
861.1 87.4
861.6 136.2
875.9 129.5
867.3 168.1
861.7 214.4
865.1 211
864.9 220.4
860.2 234.2
863.7 242.1
868 252.2
878.7 274.4
862.4 286.6
865.2 288.2
871.5 289.1
862.1 301.5
877.6 334.3
879.9 358
864.5 365.1
870.8 383.9
871.3 397.5
869.7 417.1
868.2 412.2
874.2 415.5
866.8 428.1
865.3 422.2
860.9 444.5
873.7 445.2
870.7 451.5
873.7 476
872.4 476
860.7 491.3
872.8 482.5
868.8 75.9
879.6 390.4
873.1 457
871.9 481
966.5 119.1
964.6 129.2
851.7 433.2
912.7 299.5
820.9 12.9
821.1 15.4
826.2 3.1
829 3.1
834 3.5
833.1 37.5
834.5 51.4
838.2 40.3
825.7 64.7
834.1 73.5
820.1 105.6
821.6 112.5
828.6 112.9
827.4 112.1
827.9 111.8
825.2 111.3
822.5 123.2
823.9 131.5
826.9 129.7
835.3 139.4
838.2 138.3
834 149.3
832.8 154.8
826.7 165.9
830.6 174.1
839.4 175.1
835.4 172.2
822.1 194.9
830.7 217
833.1 216.4
835.4 232.5
839.5 228.5
831.6 263.1
831.7 265.3
836.5 265
821.1 282.5
821.1 290.3
826.2 281.5
835.9 281.9
824.3 314.3
831.6 316.5
822.9 333.8
825.3 338.8
832.7 332.2
821.1 347.6
820.3 349.1
825.3 350.4
828.7 346.1
839 349.6
838.8 341.8
836.5 395.3
836.5 411.7
821.1 431.6
820.5 434.7
821.4 431.3
823 439.9
824.9 437.5
826.4 435.5
829.8 430.8
828.7 423.5
830.2 433.5
834.2 433.2
821 441
827.6 486.6
815.4 38
810.9 57
801.5 74.9
806.5 64.3
810.4 62.6
810.3 77.5
807.3 89.1
818 89.3
804 117
805.8 102
813.5 100.2
810.1 116.7
817.1 110.2
819.7 105.5
818.7 103.1
801.9 143
816.5 158.6
800.1 188.7
806.7 219.6
806 218.8
812.7 213.7
813.6 218.2
800.7 344.2
806.5 346.6
811.8 343.4
815.4 344.8
807.3 363.5
808 419
807.6 417.5
810.4 415
804 427.8
800.5 438.4
808 421.9
809.4 229.1
805.6 227.4
810.5 225.7
814.8 229.6
816.7 221
800.8 258.3
802 266.5
819.7 279.1
817.6 264.4
815.4 261.3
817.5 89.1
807 228
808.9 387.4
807.5 444.2
806.7 474.4
808.7 465.1
815.2 471.6
803.6 483.3
808.5 494.7
810.7 480.6
814 482.1
816.9 487.4
789.8 64.6
795.4 64.5
793.9 82.1
797.5 91.7
795.9 82.6
799.3 80.9
786.8 100.7
795.9 137.7
796.2 208.1
793.4 238.4
793.7 262.1
793.7 265.3
789.2 301.2
799.6 305.9
795.4 300.1
795.5 351.9
780.5 367.5
792 424.1
794.5 425.2
794.9 429.3
791.8 426.8
795.6 441.1
798.6 477.5
795.2 462.4
761.2 42.6
760.3 48.7
772.2 45.6
779.4 57.1
773.5 64.6
771.3 80.8
772.3 84.8
773.5 89.7
772.4 89
776.8 103.4
770.7 136
766.5 164.2
771.1 170.9
769.1 267.6
773.2 272.3
763.7 271.2
769.2 272.7
769.8 336.3
773.3 337.2
779.2 353.2
763.8 388
765.3 386.8
777.9 390.2
746 9.4
758.2 0.7
743.2 33.5
748 26.4
751.1 29
751.1 38.4
748.9 42.2
752.2 43.7
740.2 69.8
758 68.6
757.3 62.3
748.7 110.7
746.8 104
746.4 104.9
750.6 106.6
752 108
750.4 119.8
740.1 126.1
745.8 138.6
746.2 130.2
748.3 130.4
746 125.1
749.9 127.9
748.9 126.8
745.9 122.1
748.9 121.1
748.2 121
749.5 120.3
744.1 143.9
748.5 158.2
745.9 147.5
748.4 142.5
755.2 165.2
744.1 283.8
745.6 308.5
751.2 361.2
758.5 427
749.6 454.1
725.2 3.5
737.5 9.3
732.8 39.6
735.7 35.7
728.8 50.7
734.8 49.7
722.8 66.2
729.8 76.1
728.8 63.9
735.1 69.4
734.9 68.3
734.4 68
735.1 67.7
731.6 72.1
730.1 72.7
730.4 73.4
735.2 74.4
730.2 75.1
738.2 70.8
720.8 86.9
721.8 103.9
720.6 107
720.4 107.2
723 107.7
721.2 106.2
722.6 105.8
723.4 110.2
720.7 110.4
720.7 115.6
725.2 113.7
731.9 114.8
732.9 133.2
722.7 147.4
724.1 193.5
734.7 201.8
729.3 299.8
725.3 493.5
723.8 99
724.3 104.3
721.3 106.8
735.6 116.6
724.1 135.5
728.7 128.7
725 193.4
713.4 17.2
711.7 25.4
711.4 34.7
714.9 36.8
713 59.3
719.5 52.1
702 60.8
700.6 61.2
703.7 65.8
706.7 64.2
715.9 63.9
705.2 98.8
712.6 87.2
710.4 92.8
710.8 93.2
701 102.4
704.9 101.1
704.8 100.5
706.8 102.1
713.6 111.7
713.9 112.5
717 113.9
718.8 109.3
717.5 106
717.9 105.1
715.4 105.2
719.7 103.7
718.9 349.5
706.8 407.9
701.5 97.3
703.2 97.8
718.4 167
695.4 19.6
693.4 55.2
693.7 55.5
691.7 59
688.7 60.2
690.3 62
699.6 72.9
695.9 62
694.8 96.6
691.6 99.1
680.3 106.6
687.7 101
684.7 192.5
697.7 310.5
662.8 0.3
664.9 3.6
666.8 5.3
662.4 19.5
661.8 23.5
661.8 20.6
660.8 25.7
664.7 28.8
662.3 50.8
676.6 58.3
675.6 58.4
663.2 64.5
664.3 66.5
662.9 74.8
673 64
670 64.6
671 66.2
676.4 72.5
676 64.8
668.6 85.8
677.8 99.6
662 116.5
669.6 103.7
673.4 103.2
670.5 104.1
679.5 108
679.5 109.4
671.1 168.8
641.1 5.3
641 15.3
646 17.3
651.4 16
652.3 18
655.3 15.3
659.4 15.8
640.1 22.5
640.9 22.2
642.7 24.5
640.9 27.8
643.8 29
644.9 35.5
649.3 38
647 36.1
646.2 31.8
644.2 24.9
645.9 28.3
647.3 23.6
646.7 21.9
650.2 20.3
650.8 20.4
654.1 21.3
653.2 20.2
652.6 21.8
653.1 26.8
658.2 23.4
656.4 25.6
653.7 47.1
657.9 54.1
641.8 69.8
649.1 74
649 73.3
645.2 61.9
648 60.4
651 69.3
652.5 69.7
653.5 74.6
655.3 75.8
659.2 78.4
645 85.4
659 81.8
657.2 333.4
647.5 385.6
653.6 18.7
647.8 23.7
629.7 14.8
632.3 13.3
633.9 14.2
632.1 13.7
639.3 18
628.2 36
629.7 39.2
628.7 31
629.4 29.3
629.3 28
628.5 23.5
634.8 27.2
636.2 37.9
639.2 39.4
639 31.2
637.8 30
639.5 29.3
639.5 27.3
638.5 26.6
636.3 26.9
638 26.1
639.9 24.1
639.6 23.7
638.9 22.6
628.9 51.7
629.5 49.7
639.7 59.5
629.6 76.3
634.8 72.4
631.2 75.2
624.9 89.6
623.5 95.9
621 99.4
625.5 96.1
634.8 108.1
633.2 202
624.5 416.8
631 63.6
605 16.3
605.5 13
607.2 12
605.6 6.8
615.3 8.8
618.8 0.4
604.1 32.1
607 22.4
609.6 23.7
613.8 30.5
614 58.7
611.4 63.3
604.7 98.5
603.8 98.3
606.2 97.9
614.9 85.7
617.5 99
602.3 100.3
603.6 113.1
611.1 100
611.1 115.8
618.3 100.7
618.5 101.8
619.1 103.9
615.1 129.2
615.3 146.4
617.8 160.1
614.5 223.2
608.3 247.9
613.1 262.7
614.3 263.8
602.3 331.7
607.8 333.6
617 366.5
611.7 432.9
618.4 436.6
606 1.3
613.9 12
601.1 31.5
602.6 99.2
605.9 84.1
580.2 8.6
584.2 11
582.9 11.5
590.5 13.6
582.3 30.4
579.1 32.2
580.3 36.7
593.2 24.3
599 26.6
581.9 49
599.7 41.5
594.7 41.4
582.7 66.7
597.1 72.7
599.7 71.6
596 67.5
597.5 66.6
596.2 61
595.1 62.1
598.5 85.8
589 129.2
596.2 138.5
599.6 139.8
591.5 144.9
593.7 274.5
589.4 292.5
585.9 25.7
592.6 64.9
580.8 90.1
588.7 388.8
586.5 402.7
593.3 493.4
560.1 8.8
563.2 8.2
563.4 6.7
565.6 7.1
571.9 15.1
576.2 18.7
560.9 22.1
561 23.1
561.9 22.9
560.8 24
563.7 26
562.9 34.3
574.2 29.1
570.6 30.9
570.2 42.7
571.6 44.8
570.7 77.2
573.4 75.8
579.2 62.1
579.5 60.9
577.2 61.2
576.6 88.5
576 81.7
561.7 102.3
576.2 149.1
574.8 173
561.7 263.3
561.8 265.9
561.1 312
561.3 319
569.4 392.2
574.4 394.9
578 390.6
570.8 406
571.5 406.4
576.2 406.7
576.4 455.4
570.3 464.8
555.7 0.3
541.9 38.6
542.3 38.1
546.1 39
558 20.3
558.6 22.6
541.9 42.1
540.8 42.1
542.7 43.1
546 58.4
548.1 55.6
545.4 49.9
554.1 57
540.1 91.2
546 137.2
540.7 200.5
549.8 278.1
546.8 270.7
549.9 293.1
558.6 310
543.3 385.5
559.7 381
553.7 410.4
559.8 410.1
558.5 435.6
549 443.2
555 450.6
550.7 455.7
560.2 451.8
541.9 42.9
983.3 437.5
982.8 439.8
993.8 441.1
996.7 473.5
522.6 18.9
525.3 15.9
527.2 36.7
531.4 28.2
533.3 36.9
538.1 28.6
528.7 45.1
530.2 47.9
535.3 40.1
537.6 70.1
526.5 285.1
524.7 304
533.3 321.8
531.7 333
536.1 378
521.3 426.2
539.2 420.3
523.9 455.4
521.8 479.7
523.3 488.7
522.1 499
502.3 1.1
500.1 9.5
502.4 59.8
508.8 52.1
504.6 74.9
508.7 61.5
513.8 210.9
501.4 264
514.2 273.5
512.8 278.5
505.9 283
513.7 282.3
515.8 294.2
500.9 306.9
500.5 318.8
511.1 303.7
517.1 315
500.1 322.5
504.9 332.8
508.1 350.4
503.1 362.1
514.8 415
510.5 418.5
515.3 415.8
516 418.2
509.7 433.5
511.8 430.3
510.4 476.5
482.4 16.5
495.8 11.1
480.3 25.2
481.1 28.9
498 25.1
498.1 25.5
499.4 21
488.1 41.2
494.2 44.4
494.9 47.1
489.2 63
483.3 260.1
483.6 302.6
481.5 313.3
492.5 315.5
495.4 315.3
495.2 314.7
488 325.2
493.8 322.6
484.7 341.1
486.1 359.5
491.6 357.1
496.4 356.2
489.6 451.1
491.6 442.1
490.6 454.3
499.8 475.5
462.5 23.3
462 25.3
474.4 25.2
473 34.1
479.6 23.7
476 21.3
472.6 53.8
478.1 56.5
475.8 52
475.4 325.8
477.5 353.1
475.5 357.9
469.8 379.4
469.6 377.6
478.5 376.7
463.1 383.2
464.7 396.9
465.8 385.7
469 389.3
471.5 383.2
479 389.5
462.1 407
461.3 419.8
474.7 413.5
478.7 401.6
473.2 426.1
476.5 430.1
479.5 424.2
463.8 448.3
460.4 450.6
469.7 475.3
474.1 491.5
447.3 16.1
449.4 12
449.9 10.8
448.3 9.6
453 21.9
440.3 57.1
456.9 56.2
458 53.5
446 99.8
443.3 129.4
443.5 134.3
459.7 141.9
443.8 270.8
459.3 284.4
441.7 346.7
449.5 354
446 341
446.5 343
441.5 368.7
447.4 367.9
454.1 371.1
459.7 367.6
444.4 389
442 392.1
447.3 388.2
451.5 388.6
451.4 397.9
457.9 380.7
440.3 401.7
440.8 407.4
441.2 407.4
451.4 407.5
455.1 410.2
458.6 408
455.8 401.2
441.5 420.6
440.2 449.8
446.5 446.9
446.6 446.3
445.1 442.6
445.6 444.2
454.8 447.1
439 27.2
439.7 120.7
433 339.3
436.1 334.1
423.1 340.1
431.2 352.7
433.9 345.5
421.1 365.7
431.4 360.3
435.5 370.9
423.7 391.3
433.8 407.1
437 406.1
424.8 436.1
439 426.1
435.8 450.3
439.3 452.3
438.9 449.8
581.7 95.3
586.5 88.5
590.7 126.2
830.2 171.6
826.6 398.3
836.8 223.6
836.9 290
405.2 14.8
411.7 10.5
416.4 5.6
404.3 80.2
402.1 202.1
419.3 354.5
417.5 366
415.9 418.8
402.1 459.5
404.8 459.5
392.6 52.1
399.1 56.8
399.6 55.2
384.2 84
382.8 325.8
386.7 415.4
389.5 402.4
389.1 421.6
393.9 420.6
387.1 456.1
394.2 448.8
395.6 451.9
385.8 463.4
398.5 467.7
362.5 47.1
361.7 75
363.2 75.6
369.8 70.6
369.4 63.5
370.8 103.2
372.3 106.4
375.7 127.3
361.8 382.1
361.7 405.3
379.9 418.3
379.3 432
362.9 444.9
368.2 448.9
362 469.4
362.7 451.1
363.2 483.9
350.5 35.5
357 24.9
351.3 73.1
356.3 63.3
351.6 109.6
344.2 128.1
354 149.6
343.5 452.7
345.7 457.8
356.3 478.8
358.9 468.6
359.8 460.1
356.1 483.2
329 32.4
334.7 20.8
333.6 34
320.1 50.7
328.6 46
336.2 44.3
332.4 75.6
327.5 96.2
338.7 82.8
326 117.9
334.7 112.6
331.4 116.4
325.4 125.1
334 123.2
330.7 143
322.8 339.2
321 357.9
328.3 355.3
327.2 358
334.8 344.7
322.8 361
332 364.3
333.8 364.9
322.7 394.1
324.6 392.4
320.5 396.2
329.9 387.6
327.9 388
337.9 388.1
328.7 404.7
337.4 432
320.5 457.4
330.9 440.9
330.2 459
336.2 453.4
325.1 467.5
332.9 467
339.3 470.4
323.5 499.4
332.9 495.2
335.4 491.4
337.1 483.1
169.7 486.2
301.5 10.6
309.2 15.9
306.4 13
310.5 4.2
309.8 32.1
317.1 75.6
305.6 88.1
301.2 103.6
319.1 108.2
315.9 134.5
319.6 134.1
318.3 132.6
303.9 149.4
314.4 140.3
300.1 163.5
319.5 160.1
314.6 333
311.2 333.8
303.8 349
304.3 347.1
304.6 346.8
301.5 348.5
303.1 352.9
309 355.4
306.5 355.6
308.4 349.8
309.3 349.4
309.8 346.7
313.9 348.6
314.8 345.4
312 346.3
313.4 347.9
310.5 355.9
310.6 358.8
311.8 355.6
313.3 358.1
316 359.2
318.1 359.9
319.1 358.5
319.6 357.5
319.8 357
316.5 355.1
316.7 355.8
317.4 356.6
317 357.9
316.8 358.5
317.9 359.2
315.8 354.5
317.9 354.3
316.2 345.4
315.4 346
316.2 347
316 347.9
317.2 345.9
316.7 347.5
318.4 344.7
317.4 343.2
318.8 344.1
303.6 361.3
301.1 375.2
307.8 363.8
314.7 361.1
318.1 365.5
315.8 369.1
315.3 361.4
319.2 364.7
319.1 363.7
318.3 360.2
318.5 360.5
317.8 360.9
305.9 395.8
305.7 393.8
314.1 383.4
311 393
314.5 399.8
315.3 399.4
309.8 436.5
314.2 439.2
300.6 443.6
305 446.5
311.2 459.8
312.6 458.7
317 455.9
317.6 457.7
317.6 450.2
301 465.5
300.5 470.2
304.6 470.7
303.6 471.2
304.9 479
305.2 472.3
308.8 473
309.6 471.5
309.6 470.8
309.9 468.8
311.6 466.9
312 467.5
311.7 467.2
311.6 467.8
311.9 468.6
311.7 468.7
309.9 473
316.1 465.2
315.2 463.8
317 460.4
303.4 493.1
300.8 496.7
301.8 498.6
303.1 498.4
313.5 462.9
663.3 53.3
280.2 4.7
297.2 6.4
284.8 30.4
285.4 28.2
294.3 23
292.2 28.3
290.5 32.7
296.2 31.5
298 25.1
292.1 44.2
295.6 41.7
298.9 42.8
285.5 95.7
284.9 113.6
299.4 101.3
281.1 137.4
281.4 379.1
286.3 378
288.6 376.2
285.2 371.3
285.3 374.4
288.2 372.5
287.6 363.8
288.3 363.6
289.5 364.6
286.6 361
293.9 366.9
295.5 367.6
283.1 380.9
285.3 398.9
285.8 391.8
285.1 387.4
289.6 387.1
289.1 385.9
287.3 387.6
292.9 392.6
292.9 396.8
295.4 393.7
297.9 390.2
295.1 384.3
280.4 415.3
280.7 415.4
280.9 416.2
284.9 418.3
284 417.4
288.6 411.1
287.2 409.4
281.8 427.9
289.1 427.8
291.9 435.6
295.8 427.4
295.9 427.6
283.8 453.6
282.5 460
284.9 459.1
286 455.2
285.2 456.6
285.9 457.3
286.1 458
285.2 459.4
286.1 459.8
287.2 459.6
287.7 457
288.1 456.3
289.2 455.6
287.8 455.2
287.8 455.7
287.2 455.7
286.4 455.5
285.8 450.5
285.8 454.3
293.2 442.9
291.5 449.5
294.2 459.5
296.1 457.5
284.5 461.8
284.7 461.7
283.1 460.1
289.4 468.4
290 467.7
285.3 464.9
289.8 461.1
289.8 460.3
289.1 460.5
287.6 460.2
290.1 461.2
290.4 463.4
291.3 463.4
292.6 464.3
293.2 463
293.9 463.1
294.9 463.1
294.9 462.6
293.9 462.2
294.3 460.7
293.8 460.5
290.2 465.9
291.3 466.3
291.4 468.1
292.8 469.4
290.5 470.7
293.7 471.2
292.8 475.8
297.5 478.6
295.1 467.2
298.9 466.5
297.5 465.6
297.2 462.8
295.8 464.4
284.8 482.4
285.3 482.5
292.4 499.7
295.6 485.7
295.7 482
293.3 419.8
264.4 437.4
264.6 436.8
264.4 436.1
265.7 438.3
266.8 437.8
267.4 436.1
268.7 430.4
274.5 454.8
271.8 459.4
274.5 458.8
274.3 457.9
274.6 455.2
272 456.4
272.8 457
275.4 455.2
279.1 459.8
279.4 457.7
276.5 455.1
275.9 453.9
276.5 454.1
277 453.7
278.4 454.4
279.3 452
279.7 449.6
264.7 465.9
269.6 479.7
265.9 465.9
273.7 460.2
273.3 468.3
273.8 466.3
271.7 474.7
273.3 473.7
270.2 476.8
270.1 478.2
274.8 477.6
275 470.9
275 466.8
279.4 469.6
277 465.6
276.2 465.4
277.2 466.4
277.6 468.5
277.7 465.9
276.5 464.6
278.5 463.2
276.5 461.1
276.9 463.6
269.2 494.8
271.5 496.8
270.4 410.3
279 416.7
277.8 414.9
266.8 430.6
261 4.8
266.1 19.8
268.2 34
279.5 42.4
272.3 113.9
269 146.2
278.2 170
273.8 367.2
270.9 376.1
278.7 376.1
263.7 387.9
264.8 386.1
263.7 385.4
263.4 399.8
265.9 383.7
270.6 380.8
273.2 384
273.3 386.5
278.4 393.2
278.2 381.3
261 414.9
274.1 419.8
274.6 419.7
276.9 419.9
278.8 414.2
275 407.9
244.6 19.4
252.4 15.7
249.8 105.3
248.8 145.4
248.2 170.2
251.8 184.5
250.6 195.8
257 193.7
242.6 392.3
252 393.7
259.1 391.5
245.4 416.3
248.8 417.6
250.6 419.8
259.6 405.8
246.6 426.9
253.1 429.2
248.4 455.9
246.1 458.4
249.2 449.2
250.4 450.9
251.9 459.3
245.4 461
255.5 472.8
242.1 484.9
243.6 484.8
248.2 480.7
234.1 14.4
220.1 25.1
239.2 30.1
220 56.9
226.5 70.5
227.1 85.9
237.3 112.2
232.8 166.1
224.8 337.5
234.3 320.6
235.2 320.2
226.8 364.6
231.3 364.6
233.8 378.7
239.8 374.8
235.3 372.9
238.3 364.1
223 388.9
239.5 380
238.6 380.9
223.1 404.4
220.1 431.9
222.2 430.9
224.8 437.4
225.8 429.7
233.9 435.9
229.2 443.9
235.2 460.1
230.9 499.4
231.5 499.1
232.9 498.7
238.1 497.8
217.3 10.2
219.7 27.7
217.5 54.9
202 109.8
203.2 182.6
204.1 278.1
202 277
213.7 299.4
216.2 290.1
215.8 312.8
204.9 329.8
208.3 333.2
205.4 325.6
217.7 350.4
204.3 361.1
204.8 374.1
202.1 373
205.7 379.3
207.4 397.3
209.7 394.5
215.6 389
208 406.7
208.1 438.3
216.3 479.6
217.7 475.9
216.4 477.9
201.2 493.7
209 497.1
180.2 19.6
189.7 5.1
188.9 8.4
186 3.4
184 59.1
188.4 57.1
182.4 106.9
184.6 115.4
188.9 119.8
199.6 104.3
187.8 122.5
194.5 135.1
198.4 132.6
198.5 120
196.3 159.8
195.7 151.8
180.4 160.9
183.9 174.1
185.6 160.3
196.8 160.6
186.1 237.3
182.2 241.9
184.6 245.2
191 246
199.4 261.4
192.1 299
191.2 296.8
196 287.8
199.8 322.1
192.2 358.9
189.1 397
191.5 384.3
192.3 382.9
183.5 419.5
189.3 408.6
199.6 419.5
186.1 422.4
187.8 451.3
195.6 460.4
186.5 488
194.9 489
178.2 15.7
172.3 58
176.3 55.3
166 99.5
169 96.6
165.1 93.4
171.5 87.4
171.9 93.4
176 92.1
167.1 101.7
172.6 107.5
172.8 110.1
172 117.9
173.8 119.7
176.3 135.2
179 140.3
163.8 216.5
163.2 238.9
169.9 237.2
167.4 233.9
160.7 244.5
164 240.3
164.9 247.3
173.9 240.1
174.2 245.7
175.2 241.3
168.1 276.7
175.8 272.1
176.7 272.4
160.4 291.7
161.4 298.1
171.4 294.1
179.2 282
163.4 319.4
175.2 307
162 334
166.7 331.1
166.1 324.6
178.6 333.7
175.3 345.5
165.9 379.4
169.5 373.8
162.2 381
169 389.1
160.8 411
162.8 410.8
163.6 430.5
176.9 420.1
165.1 452.8
173.4 446.4
171.9 446.2
162.9 479
168.8 460.2
160.6 481.5
161 489.9
152.4 12
154.5 17.2
153.6 47.4
140.6 89.1
151.2 99.3
153.4 96.3
155.2 95.5
147.3 109.7
146.1 126.3
145.8 121.2
149.9 124.2
156.2 135.9
141.5 218.6
159.2 207.9
140.6 232.5
148.4 235.3
158.1 236.2
158.1 234.3
156.3 228.8
155.8 224
143.4 298.1
147.2 291.9
154.9 293.8
154.4 296
155.5 292.5
155 293.1
157.4 294.1
155.3 281.7
141.8 314.9
145.4 310.7
146.1 308
151.9 308.7
150.9 317.2
157.2 316
158 314.8
140.9 321.2
144.1 320.4
142.8 335.8
141 340.8
140.4 343.9
149.1 357.1
146.3 365.1
156.9 371.8
148.7 396.2
145.9 392.3
151.8 390.6
144.9 414.8
149 406.5
153.6 413.8
159.6 413
152.6 431.4
153.3 433.1
155.6 437.7
156 438.2
145.1 473.5
149.6 460.6
154 494
125.1 4.8
129 1.1
127.1 2.1
136.2 15.5
135.5 19.9
125.8 24
127.8 59.8
124.8 63.5
123.1 77.4
134.9 80.2
125.7 84.1
131.7 85.3
120.1 105.8
122.5 110.4
134.7 131.4
132.5 138.5
139.5 138.4
137 128.2
124.2 145.5
139.9 142.4
122.4 205.1
122.6 214.9
130.4 200.2
131.3 201.3
131.1 202
130.5 204.3
138.7 219.2
135.8 213.2
121.8 220.5
124 221.4
121.5 230.9
120.8 235.2
124.1 237.2
124.1 256.8
128.9 257.2
127.4 253.9
131.8 246
122.2 262.4
120.1 266.9
121.4 273.1
121.1 285.4
124.9 287.5
124.6 293.3
127.9 295.2
128.8 291.2
133.8 284.1
133.7 290.2
139.7 296.4
125.5 319.2
121.8 324.2
123.4 320.1
139.4 339
139.4 338.6
136.4 321.4
138.2 348.2
129 383.9
138.8 389.7
122.2 419.8
134.3 417.5
135.6 426.3
122.2 448.8
122 450.9
120.1 459.8
124.3 455.2
132 442.6
138 464.5
129 491.9
127.9 491.1
134.3 494.4
134.1 499.1
132.3 496.8
133.2 497.4
112.3 10.6
105.9 27.1
106 27.4
104 58.5
114.1 106.6
118.6 110.4
116.5 126.1
107.9 177.8
101.4 188.3
109.4 197.9
114.1 198.1
103.2 214.1
100.1 218.7
102.5 217.9
113.9 203.1
106.6 238.7
118.1 221.6
118.5 223
102.3 250.3
113.7 245.1
119.2 259.6
100.6 265.3
111.7 260.4
119.6 277.9
119.6 276.3
118.6 274
113.6 298.9
118.8 281
101.2 305.4
104.8 309.8
102.7 316.8
109.8 304.8
100.2 323.7
101.8 324.2
104 321
101.2 333.4
109.7 327.8
114.8 333.7
100.1 350.8
108.6 342.2
100.7 369.6
101.8 373.6
115.3 377.8
104.1 392.3
107.4 383.9
106.2 405.1
101.2 428.2
110.7 429.1
104.3 454.6
100.6 457.9
104.1 456.1
108.2 453
111.8 450.7
113.6 450.9
118.4 449.1
110 448.5
103.3 462
102.4 489.5
106.2 488.7
112.5 487.5
118.8 498.1
96.6 485.6
98.2 489.3
95.2 480.2
96.7 484.7
97.3 484.2
111 183.9
119.9 392.2
87.2 39.6
85.3 21
84.4 56
86.8 53.1
91.6 51.5
90.3 56
87.7 65.1
93.8 70.4
98.8 79
96.9 75.8
93.5 118.1
81.1 150.3
86.8 148.9
88.3 145.6
89.6 143.8
88.5 142.9
83.1 175.5
87.7 179.4
98.7 175.9
82.1 180.9
85.5 182
93.3 184.7
96.2 183
86.8 215.1
85.9 215.4
94.9 210.3
95.2 210.1
82 226.9
81.6 228.5
82.3 235.4
88.8 231.2
89.8 229.7
87 222.1
96.4 221.1
84.8 242.5
90.9 244.5
90.9 246.1
98.7 244.4
88.7 270.3
91.8 263.5
92.7 274.4
98.4 266.6
98.6 264.7
81.6 282.6
86.9 298.2
85.1 291.8
93.8 295.2
92.8 298.6
96.7 296.9
82.7 308
82.8 311.7
89.7 302.8
84 333.3
84.4 343
81.7 341.4
81.1 346
82.7 348.2
86.2 346.4
91.3 349.7
82 374.3
81.6 379.6
84.5 387.5
87.5 397.2
88.1 388.8
89.2 409.4
90.7 427.4
98.8 428.5
84.5 454.5
85.5 454
86 448.8
84.6 478.6
84.4 476.4
93.6 470.4
82.1 487.7
83.4 493.8
84.1 496.9
90.1 493.1
90.2 492.8
90.5 496.9
69.3 3
67.5 38.8
69.1 31.5
66.3 26
65.1 45.2
65.5 47.2
67.1 44.7
74.7 52.5
75.2 54.7
72.4 60.8
72.3 70.7
71.4 150.7
78.2 142.6
63.1 164.6
63.1 198.5
64.3 219.1
65.8 215.5
69.7 205.8
68.9 208.9
70.9 207.1
72.7 212.6
79.3 208.1
63.6 222.3
60.7 226.4
62.2 226.6
78.7 239.5
76.2 232.1
78.8 223
64.3 249.6
62.9 259.4
68.6 251.2
73.6 244.8
74.6 241.1
60.2 277
69.9 264.1
74.4 278.9
77.2 262.4
61 282.8
62.5 284.7
64.6 292.6
65.9 282.8
73.2 280.6
62.7 311.8
68.5 307.8
79 318
77.7 315.5
70.1 327.6
72.3 328.8
66.9 347.5
77.2 359.8
61.2 364.1
61.4 366
72.1 363.3
70.8 365.8
71.7 374.4
62.1 399.2
77.5 389.7
74.8 424.6
73.1 427.9
75.2 434.7
76.9 430
76.4 433.5
78.2 425.1
65.9 459.1
71.9 440.8
75.8 458
79 451.2
79.2 445.6
59.7 1.3
41 43.8
42.8 47.3
42.3 54.7
40.2 61.4
40.7 66.8
50.6 73.9
51.9 74.7
48 89.6
50.2 86.8
53 101.5
58.6 108.3
45.2 137.3
56.7 131.6
43.1 148.3
55.2 156.8
43.1 181.2
43.8 193.8
41.4 196.3
57.2 195.4
59.4 182.3
43.4 207.1
41.7 210.2
57.1 219.2
56.9 214
56.2 203.6
42.9 222.1
56.2 233.5
49.8 248.4
52.5 245.9
57 255.3
59.2 253.2
40.1 276
52.7 278.3
52.7 277.1
56.1 278.3
58.2 277.7
55.3 271
55.3 269
44.3 289.7
44.6 293.4
44.8 296.2
47.8 282.2
49.4 280.2
52.5 284.6
56 297.5
48.2 314
42.1 325.8
51.5 327.5
58.6 326.8
41.7 341.1
48.6 348.6
56.1 345.6
55.9 345.2
43.6 362.9
44.3 372.9
47.4 379.6
51.6 379.8
58.6 364.4
49.3 390.8
52.5 380.6
53.9 387.2
52.5 387.1
50.3 391.7
42.5 407.4
42.4 413.8
46.3 430.2
45.7 427.4
47.4 423
52.8 421.9
54 422.2
52 439.7
55.3 436.2
56.3 438
57 438.1
57.4 437.7
57 436.7
56.3 433.1
43.7 445.3
49.6 442
51.4 443.5
57.9 446.5
48.2 478.9
49.4 465.7
59.4 477.9
48.5 492.6
55.2 495.2
59 490.9
64.4 492
69.2 498.1
66.6 487.4
68.1 483.6
26.1 3.7
32.7 6.1
29.9 31
24.7 45.6
23.8 51.1
26.3 40.3
34.6 49.7
38.2 59
37 54.7
39.2 54.3
24.8 79.7
24.7 89.5
20.8 99.3
24.3 98.2
27.7 111.6
32.5 101.8
29.9 139.6
20.6 142.6
24.6 144.5
38.3 148.3
24.2 164.7
29.8 165.2
24.7 197.8
39 186.1
29.5 216
29.8 212.9
27.9 208.6
31.1 209.6
34.5 209.4
31.2 210.8
31.8 211.8
33.4 214.2
33.5 214.6
31.9 212.9
31.8 219.6
34 219.7
33.6 217.9
39.4 212.5
20.2 220.3
22.6 222.2
22.6 226.6
20.7 235.9
25.3 221.1
25.4 224.2
30.9 221.1
34.2 221.7
34.3 220.6
30.6 225.9
35.2 221.1
20.1 240.8
20.1 241.1
24.1 242.8
24.1 256.2
30.7 240.4
39.2 258.5
37.3 252.1
38.9 244.2
28.6 278.9
28.2 275.9
27.3 295.3
28.6 294.2
33.4 282.3
30.9 289.5
31.5 298.7
34 298.9
35.3 291
39.6 289.1
24 326.2
23.7 335.3
29.2 329.6
36.3 337.3
23.2 348.8
28.7 356
24.9 344.5
27.5 371.3
27.1 362.6
32 365.4
39.2 361.2
29.6 397.2
30.7 398.1
29.2 402.1
36.6 404.4
20.8 435.6
25.3 434.1
33.9 439
24.2 455.9
38.8 443
27.4 466.9
29.5 463.5
34.7 460.4
34.5 473.7
46.8 425.5
2.5 7.7
2.8 20.4
7.5 5.1
7.9 9.5
18.6 13.6
19.2 3
19 1.2
1.8 24.6
1.8 24.4
9.5 23
11.7 39
19.9 30.7
1 48
8.7 52.7
17.2 53.2
4.2 60.8
4.5 67
13.9 65.8
10.2 74.7
4.4 99.3
14.9 96
0.7 113.8
14.8 100.5
5.1 133.9
12.4 127.4
15.2 137.6
19.3 131.9
17.1 128.5
1.7 144.2
3.6 152.9
5.2 151
8.9 143.1
12.9 141.2
11.4 154.6
13.2 153
15.1 159.7
4.1 165.6
4.3 173.2
8.5 165.3
12.9 167.7
11.3 172.4
12.5 175.4
16.2 170.5
2.7 182.6
0.2 192.9
4 198
5.8 188.9
13.1 182.4
15.2 195.2
0.1 201.5
4.6 208.9
5.2 211
5.7 209.7
9.6 207.4
10.4 203.8
12.1 201.4
13.4 211.2
15.5 219.2
19.3 213.3
19.5 214.6
1.2 227
0.4 227.5
0.9 228.1
5.2 231
6.9 228.4
9.1 225.2
12.3 236.8
15.2 239.2
19.1 226.8
16.8 224.2
18.8 219.2
17.3 249.6
17.7 241.8
18.5 242
3.8 264.9
0.8 266.4
6.2 276.2
9.3 267.2
10.8 272.2
12 270.1
16 268.1
9.6 283.1
8 306.9
5.9 303
8.8 301.3
13.3 398.2
19.3 396.6
13.6 411.1
13.8 436.8
7.4 457.8
11.3 451.4
14.6 454.6
12.9 452
14.1 458
12.9 456.4
16.6 458.8
7.9 462.1
17.7 471.4
18.7 471.4
5.2 492.9
12 483.6
19.9 495.1
72.1 59.1
78.7 100.5
93.8 432.4
77 493.3
77.1 494.5
79.7 494.5
0.2 37.3
9.2 24.9
19.1 43.5
15.9 102.2
12.1 214.3
11.9 213.9
5.1 222.8
12.6 223.9
12.1 226.6
10.6 238.6
15.2 246.8
7.2 230.2
6.5 227.5
6.7 429.4
11.4 461
10.8 483.4
11.8 150.9
2.5 445.4
12.3 301
0.8 77.4
16.4 265.2
12.7 165.3
24.3 4.6
35.8 58.1
24.3 95.4
33.2 158.9
29.7 172.5
26.9 169.2
28.8 195.5
30.6 214.4
25.2 224.2
23.1 241
22.3 241.3
21.2 281.5
31.8 300.1
29.3 332.5
22.2 392.1
34.5 422.5
27.6 470.5
29.2 481.6
20.2 436.6
314.1 326.1
316.7 467.2
51.7 110.4
47.7 146.1
51.7 173.7
51.8 168.2
51.5 221.6
58.1 214.5
55.1 210.7
43.6 230.7
45.6 277.3
55.4 275.1
54.8 366.5
54.8 430.1
54.1 435.8
49.5 275.6
79.9 15.2
76.7 137.6
62.5 144.5
73.8 147.8
62.2 183.8
60.8 190.1
62 212.2
68.3 211.8
72.2 209.1
79.7 439.6
79.6 447.1
81.3 10.8
83.3 153.2
92.1 316.6
90.2 323.3
96.7 328.1
80.8 444.9
82.1 449.1
92.7 446.8
98.9 482.5
86.1 483.8
90.2 447.7
81.9 446.8
82.7 445.2
98.5 264.1
109.6 101.8
115.8 125.1
106.7 196.2
109.3 217.3
104.4 249.1
101.6 263.2
109.2 263.5
115.8 279.8
119 281.3
108.6 330.1
101.7 404.3
100.1 450.1
113.8 450.4
112 477
102.2 488.6
128.6 204.2
138 236.7
122 248.5
127 256.9
138.9 241.7
134.8 285.2
135.3 294.8
135.5 452.5
157.6 81.7
159 110.8
150.1 120.4
145.2 240.2
142.5 303.9
152.6 301
145.1 320.8
146.8 345.9
147.9 438.6
149.5 439
149.7 438.7
150.1 439.5
155.6 435.6
159.5 443.2
151.5 468.5
150.5 475.1
158.9 479.9
151.9 493.9
153.7 494.2
153 492
155.6 495.8
155.8 496.3
157.5 480.3
148.7 477.9
153 362.3
146.7 227.1
144.5 128.7
157.2 115.2
158.6 118.4
153.6 118.2
163.9 112.7
164.4 118.7
161.3 117.7
160 118
178.9 272.9
162.8 354.3
170.7 446.5
162.2 486.5
165.7 486.6
173.3 486.6
163.6 490.9
161.1 120.2
182.4 377.7
184 475.3
180.2 300.6
201.8 1.7
219.5 14.8
215.7 309.8
200.3 338.6
229.6 14.7
224 392.8
228.2 401
245.9 17.1
247.5 416.2
251.7 401.3
251.9 418.6
249.3 430.4
253.7 459.1
260.3 18
278.3 372.6
260.9 399.1
260.1 417.4
273 415.2
272.8 415.7
278.5 419.7
278 419.5
277 419.1
277.9 417.8
278.9 415.4
277.3 419.9
269.7 437
277.6 423.1
272.2 457.1
265.1 463.3
273.6 468.6
278.5 462.3
277.7 470.7
274.8 469.3
273.1 458.1
279.8 414.2
279 419.3
260.5 395.2
279.8 373.7
264.6 100.4
286.9 38
296 157
281.2 364.8
283.5 373.2
286.7 371.9
286.9 371.9
294 367.6
284.7 383.6
280.8 417
282.3 416.7
280.4 451.6
285.7 459.6
287.6 459.7
286.3 450.1
284.7 460.3
290.6 461.2
291.1 461.1
291.7 460.7
294.2 464.2
290.8 474.9
291.2 477.6
296.4 475.7
302.1 96.2
319.3 334.3
314.3 342.6
315.6 341.6
314.9 344.5
315.8 344.2
316.7 344.9
317 344.6
318.7 344.1
318.7 342.3
316.7 343.3
316.1 345.7
316.8 345.7
318.4 345.8
318.3 345.9
317.9 346.2
317.2 347.4
316.2 346.4
317.1 347.8
316.1 347.2
315.4 348.3
315.8 349.3
316.7 348.4
318 346.8
317.7 345.1
313.6 345.4
314.5 347.9
307 362.6
301 444.6
316.3 453.7
311.9 469.5
313.6 469.8
313.3 467.8
309.9 469.8
300.9 468.9
310.2 465.1
301.9 470.4
311.7 467.7
308 475
308.4 476.3
308.3 476.8
306.7 478.7
306.4 478.3
305.2 479.7
317 460.1
306.4 477.9
305.2 472.1
310.9 469
309.5 468.6
309.9 468.1
309.9 465.1
313.4 471.3
313.7 472
314.7 474.1
315.7 473.1
312.7 463.5
312.1 463.9
313.9 473.7
313.4 473.7
312.9 471.3
312.2 471.7
311.5 472.4
310.2 473.6
310.1 475.4
315.2 474.2
318 466
316 467.9
315.2 465.2
315.9 464.9
316.9 465.1
300.1 483.1
306.4 485.1
311 491.2
315.1 50.9
311.4 42.6
324.9 461
326.8 494.7
341.1 47.2
348.4 90.6
396.8 7.4
407.3 3.7
424.2 45.8
436.5 412.8
422.9 425.1
463 46.2
461.1 58.9
470.8 58.2
475.3 56.3
467.4 151.4
473.7 302.1
467.4 490.9
491.7 32.9
492.1 419.7
489 426.7
501.3 20.1
505.7 25.3
514.4 57.7
519 54.2
517.6 50.5
507.7 64.8
503.7 139.5
513 269.2
501 283.8
503.8 451
514.8 475.5
513.5 476.1
521.1 7.5
528.3 46.4
530.6 47.5
534 26
530.8 37.3
536.8 39.1
527.7 77.2
532 349.2
544 40.5
540.5 37.8
564.2 2.5
561.2 7.2
563.6 9.3
565.7 7.1
566.3 7.1
564.4 7.7
566.9 16.2
567.2 7
565.9 9.9
563.9 22
562.4 21.7
577.8 33.1
576 24.4
579.8 61.8
567.4 91.3
565.7 89
570.2 87.3
571.6 93
574.9 79.5
565.3 8
560.1 11.5
583.8 4.7
581.1 4.8
591.7 14.2
581.2 44.7
585.5 47.7
594.7 82.1
592.8 90.3
597.5 85.2
599.4 115.2
589.2 120.8
596.9 59.6
609.9 18.1
601.2 31.8
609.7 48.8
616.9 59
612.9 66.1
615.1 63.3
604.6 96.8
609.1 92.7
610.1 86
601.6 100.2
603.7 101.7
619.5 100.5
615.1 441.4
622.5 1.4
627.7 19.7
629.3 17.4
632.3 18.2
634.2 18.4
624.2 23.9
625.8 26.2
629.3 26.8
632.3 23
630.7 39
639.7 57.4
622.7 76.7
639.1 63.1
624.2 95.1
621.1 115
633.8 104.4
629.7 266.4
642.4 1.5
644.5 26.7
642.6 37.4
647.6 23.9
653.5 25.1
659.4 24.2
659.2 24.8
642.4 56.1
644.2 56.9
658.6 54.3
650.8 76.7
659.5 65.4
644.6 234.8
643.4 306.4
649.9 69.3
647 29.7
661.1 8.1
674.6 17.8
660.3 32
669.2 29.3
678.1 34.1
662.5 55.5
679.2 41.7
677.8 41.6
660.1 68.3
660.6 79.1
665.5 64.7
671 99.8
669.3 106.4
674.9 108.7
679.9 106.5
670.5 354
681.8 29.1
687.7 34.7
681.7 50.1
685.7 53.2
691.2 66.2
694.7 66.8
698.9 63.4
697 96.7
696.4 85.1
685 106.2
704.4 43.7
704.7 56.9
703.9 58.9
708.2 49.3
701.9 65.2
706.4 65.2
706.3 63.3
705.7 63.4
705.7 64.5
711.5 74.6
716.7 66.3
700.5 94.8
710.7 82.6
719.4 89.5
702.8 103.5
706.8 104.9
714.8 108.2
717.5 112.1
705.7 143
716.2 101.9
712.9 221
729.1 4.1
723.3 38
728.6 72.1
734.2 71.4
735.9 68.6
738.5 69.2
725.4 99.6
734.7 104
736.7 108.2
726.8 220.9
744.9 101.5
743.2 114
749.1 119.8
749.2 118.2
747 118.8
751 111
754.5 117.8
778.2 156.7
765.4 259.7
774.9 461.4
785.5 150.7
793.8 270.1
781.7 329
793.5 422.8
786.6 459.7
799.7 486.1
799.8 483.9
796.8 464.3
805.4 165.2
805.9 217.8
819.9 212
805.9 232.7
810.8 220.2
813.5 233.1
815.6 246.6
802.6 479.6
801.1 497.1
809.2 488.2
809.8 482.1
809.7 480.3
810.2 481.8
813.1 483.5
810.3 485.8
812.7 486.3
812.1 486.3
815.8 497.1
836.7 59.8
825.1 107.7
835.4 113.9
828.3 148.4
829.8 141.6
824.6 207.6
823.8 209
823.2 210.5
831.7 214.7
836.1 242.1
829.5 330.9
838.6 342
839.1 499.4
836.3 480.1
847.5 45.4
840.8 76.4
857 61.5
846.5 141.2
841.3 218
851.3 217.1
844.2 331.1
847 335.1
847.9 342.9
845.7 486
846.8 489.4
855.3 497.7
855.5 488.7
875.1 108.1
873.1 255.1
864.8 284.7
864.8 286.7
864.7 288.8
866.7 285.8
866.1 284.9
873.9 359.9
865.5 371.6
867.6 439.4
877.4 449.9
863 492.9
861 498
873.5 499.4
898.4 195.8
895.9 199
886.2 326.6
889.9 435.3
890.5 428.3
893.5 453.4
899.5 449
903.9 199.6
912.2 499.9
925 282.8
929.9 382.4
920.5 414.1
931 409.7
928 434.2
930.5 433.4
944.1 388.5
963.1 401.5
980.8 409.2
993 420.3
983 457.1
996.4 446.4
7.3 4.8
4 99.8
12.1 141.3
3.8 207.6
18.4 209.6
3.2 238.5
16.9 249.5
5.1 335.4
19.1 330.2
6.3 393.1
5.8 406.1
30.2 74.6
36.4 104.4
35.1 155.7
20.2 213
20.1 214.7
20.8 217
31.2 213.7
22 245
29.2 267.8
24.9 310.9
35.8 400.9
333.8 463.6
337.4 488.2
335.6 484.1
46.6 178.9
47.7 232.8
42.9 240.7
40.6 251
54.8 288.5
51.6 349.5
50.1 351.5
53.6 393
47.7 422.5
76.8 365.1
42.4 47.8
76.6 7.6
64 55.8
74.5 52.4
75.9 49.2
70.4 89.8
79.5 144
63.4 187.5
65.1 187.6
62.5 209.2
74.9 206.3
68.1 304.7
65.9 357.5
69.3 363.2
71.9 459.4
79.2 10.1
81.4 8.6
94.2 15.1
81.6 282.7
93.9 465.1
99.4 462.3
83.5 498
256 455.9
114.3 20.2
113.6 199.7
111.8 215.5
112.9 267.6
113.4 273.2
103.6 322.5
104.4 326.3
105.6 451.1
104.1 480.6
107.2 491.5
106.7 486.5
129 226.2
125.2 220.8
125.3 257.7
123.3 315.5
127.9 384.2
122.1 417.8
127.5 433
125.7 455.3
134.1 475.1
133.2 475.2
133.9 493.7
123.1 216.3
158.5 0.8
154.4 116.2
159 118.5
143.7 129.5
144.7 126.9
157.4 123.9
148.2 228
148.5 386
148.4 433
150.9 439.3
154.1 435.8
147.3 467
151.2 479.6
161.2 117.4
160.3 119.3
175.7 113.3
163.5 121.1
175.1 162.5
170.9 446.9
173.8 446.1
173.1 445.8
175.1 446.3
177.7 443.6
171.7 485.1
181 257.4
181 422.8
183.8 423.7
190.5 435.9
209 29.7
203.5 357.6
818.1 240.2
817.6 89.7
222 14.4
222 19.8
226 400.2
227 485.1
247.4 12.9
244.3 393.7
244.3 398.8
251 398.5
254.8 395
255.3 395.3
255.4 395.5
259.8 399.5
255.1 394.3
247.1 413.5
250.2 400.2
244.8 432.7
249.1 459.3
270.7 374.8
261.5 411.8
276 418.7
279.6 418.1
267.2 439.8
276.4 462.6
277.5 375
289 56.7
287.1 378.5
285.7 371.6
294 422
294.1 431.4
282.1 452.1
283.6 455.4
296.9 458.6
295.2 441.1
296 442.9
299.9 444.2
291 460.7
293.5 460.2
293 469
292.2 467.1
299 484.7
295.5 474.1
302 352.1
303.2 352.9
309.1 352.6
311.6 348.9
311.8 351.7
314.2 356.8
319 359.7
316.4 355.3
305.1 419.1
300.1 444.8
300.1 472.4
306.1 478.9
308.2 477.2
311.7 463.4
311.4 467.7
315.4 470.4
300.1 482.6
306 483.8
318.3 499.9
331 50.2
339.7 62.9
329.6 96.2
332.9 404.4
337 413.1
328.8 455.2
332.3 445
323.3 468
348.3 474.7
392.2 82
387.1 449
438 47.4
438.4 412
439 412
437.3 450.1
438.2 454.5
454.9 65.4
443 129.5
441.9 398.3
445.9 451.4
471.9 52.1
467.5 130.7
478.7 413.9
493.7 5.2
492.9 7.9
486.2 32.6
497.1 22.4
488.3 330.5
493.8 349.1
496.3 356.3
495.8 366.7
486.5 409.9
489.4 475.3
492.5 473.8
493.1 474.6
491.9 477.5
480 252.3
514.2 18.4
514.7 46.3
517.1 51
500.1 63.4
503.1 68.3
504.1 273.3
519.7 18.9
526 25.4
526.5 22.7
534.2 22.1
539.6 53.4
539.3 48.7
524.2 83.6
555.8 19.2
544.9 33.8
547.5 44.7
551.6 79.5
546.1 137.2
554.3 492.4
563.3 0.1
561.2 8.4
560.6 8.8
563.6 7.5
565.9 11.2
566.1 12.1
566 8.2
569.1 5
571.4 0.4
571.4 4.3
577.9 7.6
577.4 3.3
562.6 24.2
566.9 34.7
575.2 31.8
570.3 40.2
579.6 59.9
576.8 61.5
579.7 96.1
579.7 95.5
583 11.3
580.1 13
591 1.9
583.3 34.3
584.9 38.8
589.9 46.2
585.7 94.6
588.7 137.5
591.3 138.5
596.4 135.2
595.7 120.9
594.2 377.9
591.4 474.5
587.8 341.9
608.2 97.6
606.3 96.1
608.6 95.2
603.6 100.9
604.6 100.7
618.2 106
604.8 136.2
607.8 256.2
606.8 428.3
624.6 37.6
630.7 38.9
639.1 59.9
634.9 72.5
639.7 252.4
649.8 36.3
658.5 26.5
645.9 75.8
649.4 71.3
647.6 80.3
644.7 259.7
650.6 258.6
665.4 5.3
668.7 30.1
666 22.6
676.6 23.3
665.6 104.2
681.6 53.3
690.5 103.5
711.4 3.4
716.7 5.5
705.5 93.9
714.7 99.6
714.7 102
728.9 40.9
724 91.7
724.5 90.1
732.8 96.4
726 151.4
744.7 96.4
742.9 102.6
742.2 112.2
743.7 118.8
743.9 118.5
744.7 117.7
746.4 119.9
749 118.3
746.8 112
745.6 113.6
747.7 109.9
751.4 114.9
750.2 119.2
744.8 123.5
745.1 120.1
750.5 144.2
740.2 165.6
748.1 120.4
772.3 28.5
778.3 431.3
784.8 66.2
780.3 149.5
798 153
797.8 144.2
799.7 246.6
787.9 382.1
792.2 398.9
798.7 396
796.6 426.8
799.4 426.2
804.6 73
801.3 75.6
810.3 77.6
813 133.8
819.4 174.4
813.8 180.2
810.1 192
804.9 215.2
819.6 210.3
817.7 209.1
818.8 205.1
811.3 228.7
813.1 227.1
815.2 232.9
816.6 233.4
816.7 234.1
816 228.5
819 228.8
811.1 273.3
814.9 330.2
811.6 335.1
825.4 189.7
824.6 204.8
823.3 201.6
823.3 201.3
822.9 209.6
821.1 210.9
821.9 210.8
821.6 211.6
821.8 211.7
822 212.5
824.8 213.4
824.4 212.8
823.4 213.4
823.3 213.2
822.9 213
824.1 218
825.9 216.9
825.8 211.4
826.5 212.6
825.3 213.9
838.6 204.1
823.6 250.7
837 297.5
837.2 292.7
825.4 319.6
839.1 445.9
837.5 463.9
834.3 204.1
842.9 22.6
848.3 35
841.6 128.1
845.5 142.8
850.2 146.3
841.4 220.5
853.9 270.3
857.7 277.1
850.6 283.4
859.8 283.6
848.9 337.9
840.5 344.7
857.7 441.4
874.5 31
861.4 204
874.9 203.2
864.2 281.4
864.6 284.3
865.7 283.1
866.5 282.6
871.6 281.9
872.6 337.9
863.5 494.7
880.8 237.6
883.7 239.2
899.6 231.7
892.8 249.5
888.6 313.9
884.5 332.1
883.9 331.2
888.8 335.5
883.7 348.6
897.2 421.4
893.7 469.6
901 198.9
904 200.3
911.2 224.1
904.7 349.4
918.8 368.7
903.6 390.8
903.4 449.5
914.9 446.3
905.1 183.4
938.7 233.8
939.4 350.1
923.3 378.8
930.2 381.9
934.6 398
921.7 427.3
928 424.9
935.2 443.3
955.5 416.3
976.4 381.3
976.2 416.3
979.4 409.2
978.9 408.3
976.3 453.8
970.1 480.3
19.5 149.6
17 237.3
15.8 402.6
32.9 15.6
37 53.3
25.1 110.6
29.6 195.8
27.4 213.3
29.7 210.1
29.2 210.1
29.4 276.2
32 267.9
24.8 315.1
28.5 357.1
25.6 466.3
30.5 215.6
56.2 214.6
44 289.6
53.1 348.3
50.3 350.5
53.9 391.9
79.1 223.7
78.9 444.6
86.8 14.2
88.4 6.1
87.7 477.2
81.3 483.2
90.2 489.6
99.5 485.8
99.5 485.4
96 484.8
97.7 484.5
98.4 484.1
109.3 79.2
110.1 258.4
108.7 284
111.5 301.2
131.7 242.4
129.6 291.7
122.2 322.8
134.3 354
133.7 456.2
123.6 482.6
124.2 486.4
124.5 220.6
141.2 79.9
140.7 80.6
150.9 98
158.1 112.9
144.1 129
141.8 325.3
145.3 337.2
142.3 470.2
143.5 495.5
169.2 87.3
171.9 86.7
168 158.8
177.5 150.1
179.9 256.2
177.3 414.1
176.7 409.2
177.6 435.1
165 487.8
194.7 249.7
206 1.8
219.8 107.8
233.7 410.7
230.8 379.7
252 393.3
252.3 394.5
256.5 394.7
242.4 433.6
279.7 25.4
266 89.4
279.7 15.8
299.2 120.2
287.4 376.2
291.3 432.6
285.4 452.9
284.2 460.2
289.7 470.4
302 348.7
309.5 353.3
317.4 466.8
317.1 466.5
311.7 469.4
320.1 36.6
331 422.4
321.5 469.8
324.4 468.8
323.8 465.9
323.4 360.9
326.1 38.2
345.5 83.5
351.5 455.6
355.3 462.1
426.3 46
457.4 19.9
448.3 55.7
442.9 377.3
457.1 402.6
452.8 463.3
467.8 38.2
479.6 395.5
495.2 20.5
484.5 330.5
514.9 60.9
506.8 335.6
509.8 329.7
511.5 447.6
538.3 38.8
537.2 34.9
539.7 30.7
520.2 323.7
533.6 305.3
536.2 110.3
558.3 21.8
541.4 61.6
554.1 214.8
576.3 12.1
574.2 23.2
572.9 42.6
562.1 83.2
572.2 106.8
580.1 2.4
596.9 79.8
605.7 58.4
607.9 57.8
615.7 55.7
616.4 67.6
603.7 89.5
605.1 91.1
616.8 441.7
623.8 100.8
637.9 143.4
637.6 55.9
651.8 29.8
655.1 37.5
644.1 61.4
645.7 75.1
648.6 447.1
640.3 475
666.6 25.3
674.6 81.2
684.7 54.3
684.3 71
695.7 94.4
685.1 239.5
685.9 41.1
711.6 31.4
701.7 94.6
701.9 175.5
730.9 4.7
730.8 8.7
732.9 9.3
721.7 35.2
727.8 79.5
733.2 84.3
732 95.9
720.7 105.6
733.6 356.2
730.4 64.1
742.8 106.1
747.9 113.1
751.8 119.9
750.5 4.2
774.4 13.7
777.5 498.8
778.3 69
782 20.4
798.8 74.5
786.2 224.4
799.6 392.1
815.5 199.3
805.5 217.1
804.9 300.3
800.1 482.6
812.3 484.9
837 182.5
824.2 211.3
824.8 210.5
825.4 211.6
833.4 211.4
826.4 260.7
821.7 288.7
833.9 299.6
826.1 379.8
829.8 499.9
858.7 45.2
841.1 208.2
845.1 272.2
851.4 293.3
853.9 291.1
859.8 290.3
858.3 311.6
847.4 348.7
845.5 343.4
840.6 498.1
863.3 194.2
861.2 242.9
878.5 273.3
863.1 280.9
865.2 281.4
866.6 284.1
860.1 326.6
869.4 331
877.5 320.9
869.8 399.4
865 434.2
865.4 349.5
892.9 244.8
890.7 253.5
890.6 478.6
884.4 484.4
894.9 250.3
893 247.3
883 255
934.1 380.7
930.4 394.9
936.3 386.3
925 432.4
941.3 387.9
953.5 415.2
965.5 398.4
969.7 415.6
971.9 403.5
970.6 415.1
998.5 431.4
